,0,1,2,3,4,5,6,7,8,9,10,11,12,13,14,15,16,17,18,19,20,21,22,23,24,25,26,27,28,29,30,31,32,33,34,35,36,37,38,39,40,41,42
0,0.0,1385.1,1116.6,738.1,1052.9,844.3,1156.0,650.2,1139.3,921.7,1131.0,1190.6,1475.7,893.0,1004.3,844.9,671.8,742.9,1141.7,880.1,410.1,1065.4,652.9,1010.6,1430.2,1086.6,755.9,1040.6,1150.8,1229.4,1456.1,974.2,860.3,1301.1,1075.5,774.5,878.1,646.5,1480.7,1233.2,1103.1,721.3,1513.9
1,1385.1,0.0,618.8,952.3,701.0,790.6,677.0,860.1,657.6,601.2,680.0,621.2,420.1,818.0,581.9,588.0,887.3,753.2,750.8,943.2,1234.7,474.8,924.0,728.1,533.2,588.8,919.3,370.7,699.8,155.7,562.0,610.5,958.8,723.5,661.5,937.9,844.9,863.8,450.7,651.9,311.0,685.2,258.4
2,1116.6,618.8,0.0,567.1,147.9,380.2,390.9,491.8,298.6,241.2,266.8,269.2,624.0,376.8,652.1,349.0,621.8,487.7,401.8,420.7,773.8,144.0,555.7,175.0,578.5,30.0,534.1,435.3,286.6,463.1,732.5,144.8,436.3,550.3,108.4,552.7,360.5,495.5,629.0,381.5,381.2,432.7,662.2
3,738.1,952.3,567.1,0.0,510.1,208.7,749.4,149.1,657.1,398.1,625.3,654.4,982.5,305.0,552.7,390.7,360.6,291.3,737.2,602.1,351.5,529.2,121.6,452.4,937.0,537.1,71.0,586.4,645.1,796.6,1051.6,424.7,582.3,896.6,505.3,89.6,327.3,145.4,987.5,740.0,714.7,267.1,1020.7
4,1052.9,701.0,147.9,510.1,0.0,323.2,243.0,495.5,150.7,323.4,118.9,317.4,476.1,246.8,734.3,383.9,653.0,518.9,253.9,272.8,642.8,226.2,559.4,57.7,430.6,139.4,477.1,517.5,138.7,545.3,584.6,224.9,288.4,402.4,102.5,495.7,230.5,499.2,481.1,233.6,463.4,463.9,514.3
5,844.3,790.6,380.2,208.7,323.2,0.0,566.2,194.1,473.9,211.2,442.1,467.5,799.3,174.0,486.2,228.0,358.9,224.8,577.1,529.2,488.7,342.3,258.0,265.5,753.8,350.2,175.7,424.7,461.9,634.9,907.8,237.8,544.8,725.6,318.4,194.3,196.3,197.8,804.3,556.8,553.0,169.8,837.5
6,1156.0,677.0,390.9,749.4,243.0,566.2,0.0,738.5,92.4,527.4,150.3,221.7,380.4,449.0,867.0,626.9,896.0,761.9,74.9,326.9,780.9,358.9,802.4,300.7,334.9,382.4,716.4,650.2,170.1,678.0,443.8,467.9,342.5,288.8,345.5,735.0,432.7,742.2,385.4,137.9,596.1,706.9,418.6
7,650.2,860.1,491.8,149.1,495.5,194.1,738.5,0.0,646.2,309.2,614.4,565.8,971.6,359.0,460.5,298.5,272.7,199.1,749.4,661.1,374.6,440.6,63.9,437.8,926.1,461.8,166.9,494.2,634.2,704.4,1080.1,349.4,641.3,897.9,472.3,185.5,381.3,3.7,976.6,687.0,622.5,174.9,1009.8
8,1139.3,657.6,298.6,657.1,150.7,473.9,92.4,646.2,0.0,474.1,58.0,202.3,361.0,356.7,847.6,534.6,803.7,669.6,151.8,310.2,752.7,339.5,710.1,208.4,315.5,290.1,624.1,630.8,77.8,658.6,502.9,375.6,325.8,287.3,253.2,642.7,340.4,649.9,366.0,118.5,576.7,614.6,399.2
9,921.7,601.2,241.2,398.1,323.4,211.2,527.4,309.2,474.1,0.0,442.3,314.9,744.8,221.3,529.8,107.8,402.5,268.4,577.3,539.3,683.8,189.7,373.1,266.0,699.3,211.2,365.1,235.3,462.1,445.5,886.7,98.8,554.9,671.1,221.7,383.7,248.2,312.9,749.8,436.1,363.6,200.4,783.0
10,1131.0,680.0,266.8,625.3,118.9,442.1,150.3,614.4,58.0,442.3,0.0,224.7,383.4,324.9,853.2,502.8,771.9,637.8,161.2,319.6,720.9,345.1,678.3,176.6,337.9,258.3,592.3,636.4,19.8,664.2,525.3,343.8,335.2,309.7,221.4,610.9,308.6,618.1,388.4,140.9,582.3,582.8,421.6
11,1190.6,621.2,269.2,654.4,317.4,467.5,221.7,565.8,202.3,314.9,224.7,0.0,439.1,477.6,654.5,422.7,695.8,561.7,295.5,487.9,919.4,146.4,629.7,375.1,393.6,239.2,621.4,437.7,244.5,465.5,581.0,260.9,503.5,365.4,311.9,640.0,504.5,569.5,444.1,130.4,383.6,506.7,477.3
12,1475.7,420.1,624.0,982.5,476.1,799.3,380.4,971.6,361.0,744.8,383.4,439.1,0.0,682.1,986.5,852.6,1125.7,991.6,454.2,646.6,1078.1,576.3,1035.5,533.8,306.8,615.5,949.5,775.3,403.2,575.8,141.9,690.8,662.2,426.9,578.6,968.1,665.8,975.3,224.3,355.3,715.6,936.6,161.7
13,893.0,818.0,376.8,305.0,246.8,174.0,449.0,359.0,356.7,221.3,324.9,477.6,682.1,0.0,652.9,256.5,525.6,391.5,436.8,359.8,482.9,352.4,373.4,203.5,636.6,360.3,272.0,452.1,344.7,662.3,751.2,247.9,375.4,596.2,268.4,290.6,26.9,362.7,687.1,439.6,580.4,336.5,720.3
14,1004.3,581.9,652.1,552.7,734.3,486.2,867.0,460.5,847.6,529.8,853.2,654.5,986.5,652.9,0.0,453.0,463.5,261.4,940.8,963.8,835.1,508.1,524.4,722.6,1038.9,622.1,519.7,404.0,873.0,426.2,1128.4,606.7,944.0,1010.7,694.8,538.3,679.8,464.2,1017.1,775.7,299.9,329.4,824.8
15,844.9,588.0,349.0,390.7,383.9,228.0,626.9,298.5,534.6,107.8,502.8,422.7,852.6,256.5,453.0,0.0,325.7,191.6,637.8,599.5,673.1,297.5,362.4,326.2,807.1,319.0,357.7,222.1,522.6,432.3,968.5,206.6,615.1,778.9,329.5,376.3,283.4,302.2,857.6,543.9,350.4,123.6,830.9
16,671.8,887.3,621.8,360.6,653.0,358.9,896.0,272.7,803.7,402.5,771.9,695.8,1125.7,525.6,463.5,325.7,0.0,202.1,906.9,836.5,586.1,570.6,275.4,595.3,1080.2,591.8,378.4,521.4,791.7,731.6,1237.6,479.4,816.7,1052.0,602.3,397.0,552.5,269.0,1130.7,817.0,649.7,202.1,1130.2
17,742.9,753.2,487.7,291.3,518.9,224.8,761.9,199.1,669.6,268.4,637.8,561.7,991.6,391.5,261.4,191.6,202.1,0.0,772.8,702.4,573.7,436.5,263.0,461.2,946.1,457.7,258.3,387.3,657.6,597.5,1103.5,345.3,682.6,917.9,468.2,276.9,418.4,202.8,996.6,682.9,488.9,68.0,996.1
18,1141.7,750.8,401.8,737.2,253.9,577.1,74.9,749.4,151.8,577.3,161.2,295.5,454.2,436.8,940.8,637.8,906.9,772.8,0.0,312.6,766.6,432.7,805.6,311.6,408.7,393.3,704.2,724.0,181.0,751.8,397.4,478.8,328.2,242.4,356.4,722.8,420.5,753.1,459.2,211.7,669.9,717.8,492.4
19,880.1,943.2,420.7,602.1,272.8,529.2,326.9,661.1,310.2,539.3,319.6,487.9,646.6,359.8,963.8,599.5,836.5,702.4,312.6,0.0,505.0,499.0,668.2,322.9,601.1,412.2,569.1,744.2,339.4,818.1,627.0,440.5,66.6,472.0,375.3,587.7,332.9,664.8,651.6,404.1,736.2,678.2,684.8
20,410.1,1234.7,773.8,351.5,642.8,488.7,780.9,374.6,752.7,683.8,720.9,919.4,1078.1,482.9,835.1,673.1,586.1,573.7,766.6,505.0,0.0,815.2,347.1,600.5,1032.6,765.3,369.3,868.8,740.7,1079.0,1081.0,714.9,485.2,926.0,665.4,387.9,468.0,370.9,1083.1,835.6,997.1,549.5,1116.3
21,1065.4,474.8,144.0,529.2,226.2,342.3,358.9,440.6,339.5,189.7,345.1,146.4,576.3,352.4,508.1,297.5,570.6,436.5,432.7,499.0,815.2,0.0,504.5,253.3,530.8,114.0,496.2,291.3,364.9,319.1,718.2,135.7,514.6,502.6,186.7,514.8,379.3,444.3,581.3,267.6,237.2,381.5,614.5
22,652.9,924.0,555.7,121.6,559.4,258.0,802.4,63.9,710.1,373.1,678.3,629.7,1035.5,373.4,524.4,362.4,275.4,263.0,805.6,668.2,347.1,504.5,0.0,501.7,990.0,525.7,139.4,558.1,698.1,768.3,1120.0,413.3,648.4,961.8,536.2,158.0,395.7,60.2,1040.5,750.9,686.4,238.8,1073.7
23,1010.6,728.1,175.0,452.4,57.7,265.5,300.7,437.8,208.4,266.0,176.6,375.1,533.8,203.5,722.6,326.2,595.3,461.2,311.6,322.9,600.5,253.3,501.7,0.0,488.3,166.5,419.4,470.9,196.4,572.4,642.3,167.2,338.5,460.1,105.8,438.0,187.2,441.5,538.8,291.3,490.5,406.2,572.0
24,1430.2,533.2,578.5,937.0,430.6,753.8,334.9,926.1,315.5,699.3,337.9,393.6,306.8,636.6,1038.9,807.1,1080.2,946.1,408.7,601.1,1032.6,530.8,990.0,488.3,0.0,570.0,904.0,822.1,357.7,688.9,448.7,645.3,616.7,387.8,533.1,922.6,620.3,929.8,108.9,309.8,768.0,891.1,274.8
25,1086.6,588.8,30.0,537.1,139.4,350.2,382.4,461.8,290.1,211.2,258.3,239.2,615.5,360.3,622.1,319.0,591.8,457.7,393.3,412.2,765.3,114.0,525.7,166.5,570.0,0.0,504.1,405.3,278.1,433.1,724.0,114.8,427.8,541.8,99.9,522.7,352.0,465.5,620.5,360.4,351.2,402.7,653.7
26,755.9,919.3,534.1,71.0,477.1,175.7,716.4,166.9,624.1,365.1,592.3,621.4,949.5,272.0,519.7,357.7,378.4,258.3,704.2,569.1,369.3,496.2,139.4,419.4,904.0,504.1,0.0,553.4,612.1,763.6,1018.6,391.7,549.3,863.6,472.3,18.6,294.3,163.2,954.5,707.0,681.7,234.1,987.7
27,1040.6,370.7,435.3,586.4,517.5,424.7,650.2,494.2,630.8,235.3,636.4,437.7,775.3,452.1,404.0,222.1,521.4,387.3,724.0,744.2,868.8,291.3,558.1,470.9,822.1,405.3,553.4,0.0,656.2,215.0,917.2,303.7,759.8,793.9,426.6,572.0,479.0,497.9,805.9,558.9,133.1,319.3,613.6
28,1150.8,699.8,286.6,645.1,138.7,461.9,170.1,634.2,77.8,462.1,19.8,244.5,403.2,344.7,873.0,522.6,791.7,657.6,181.0,339.4,740.7,364.9,698.1,196.4,357.7,278.1,612.1,656.2,0.0,684.0,545.1,363.6,355.0,329.5,241.2,630.7,328.4,637.9,408.2,160.7,602.1,602.6,441.4
29,1229.4,155.7,463.1,796.6,545.3,634.9,678.0,704.4,658.6,445.5,664.2,465.5,575.8,662.3,426.2,432.3,731.6,597.5,751.8,818.1,1079.0,319.1,768.3,572.4,688.9,433.1,763.6,215.0,684.0,0.0,717.7,454.8,833.7,821.7,505.8,782.2,689.2,708.1,606.4,586.7,155.3,529.5,414.1
30,1456.1,562.0,732.5,1051.6,584.6,907.8,443.8,1080.1,502.9,886.7,525.3,581.0,141.9,751.2,1128.4,968.5,1237.6,1103.5,397.4,627.0,1081.0,718.2,1120.0,642.3,448.7,724.0,1018.6,917.2,545.1,717.7,0.0,809.5,642.6,326.8,687.1,1037.2,734.9,1083.8,366.2,497.2,857.5,1048.5,303.6
31,974.2,610.5,144.8,424.7,224.9,237.8,467.9,349.4,375.6,98.8,343.8,260.9,690.8,247.9,606.7,206.6,479.4,345.3,478.8,440.5,714.9,135.7,413.3,167.2,645.3,114.8,391.7,303.7,363.6,454.8,809.5,0.0,456.1,617.1,122.9,410.3,274.8,353.1,695.8,382.1,372.9,290.3,729.0
32,860.3,958.8,436.3,582.3,288.4,544.8,342.5,641.3,325.8,554.9,335.2,503.5,662.2,375.4,944.0,615.1,816.7,682.6,328.2,66.6,485.2,514.6,648.4,338.5,616.7,427.8,549.3,759.8,355.0,833.7,642.6,456.1,0.0,487.6,390.9,567.9,348.5,645.0,667.2,419.7,751.8,658.4,700.4
33,1301.1,723.5,550.3,896.6,402.4,725.6,288.8,897.9,287.3,671.1,309.7,365.4,426.9,596.2,1010.7,778.9,1052.0,917.9,242.4,472.0,926.0,502.6,961.8,460.1,387.8,541.8,863.6,793.9,329.5,821.7,326.8,617.1,487.6,0.0,504.9,882.2,579.9,901.6,431.9,281.6,739.8,862.9,465.1
34,1075.5,661.5,108.4,505.3,102.5,318.4,345.5,472.3,253.2,221.7,221.4,311.9,578.6,268.4,694.8,329.5,602.3,468.2,356.4,375.3,665.4,186.7,536.2,105.8,533.1,99.9,472.3,426.6,241.2,505.8,687.1,122.9,390.9,504.9,0.0,490.9,252.1,476.0,583.6,336.1,423.9,413.2,616.8
35,774.5,937.9,552.7,89.6,495.7,194.3,735.0,185.5,642.7,383.7,610.9,640.0,968.1,290.6,538.3,376.3,397.0,276.9,722.8,587.7,387.9,514.8,158.0,438.0,922.6,522.7,18.6,572.0,630.7,782.2,1037.2,410.3,567.9,882.2,490.9,0.0,312.9,181.8,973.1,725.6,700.3,252.7,1006.3
36,878.1,844.9,360.5,327.3,230.5,196.3,432.7,381.3,340.4,248.2,308.6,504.5,665.8,26.9,679.8,283.4,552.5,418.4,420.5,332.9,468.0,379.3,395.7,187.2,620.3,352.0,294.3,479.0,328.4,689.2,734.9,274.8,348.5,579.9,252.1,312.9,0.0,385.0,670.8,423.3,607.3,363.4,704.0
37,646.5,863.8,495.5,145.4,499.2,197.8,742.2,3.7,649.9,312.9,618.1,569.5,975.3,362.7,464.2,302.2,269.0,202.8,753.1,664.8,370.9,444.3,60.2,441.5,929.8,465.5,163.2,497.9,637.9,708.1,1083.8,353.1,645.0,901.6,476.0,181.8,385.0,0.0,980.3,690.7,626.2,178.6,1013.5
38,1480.7,450.7,629.0,987.5,481.1,804.3,385.4,976.6,366.0,749.8,388.4,444.1,224.3,687.1,1017.1,857.6,1130.7,996.6,459.2,651.6,1083.1,581.3,1040.5,538.8,108.9,620.5,954.5,805.9,408.2,606.4,366.2,695.8,667.2,431.9,583.6,973.1,670.8,980.3,0.0,360.3,746.2,941.6,192.3
39,1233.2,651.9,381.5,740.0,233.6,556.8,137.9,687.0,118.5,436.1,140.9,130.4,355.3,439.6,775.7,543.9,817.0,682.9,211.7,404.1,835.6,267.6,750.9,291.3,309.8,360.4,707.0,558.9,160.7,586.7,497.2,382.1,419.7,281.6,336.1,725.6,423.3,690.7,360.3,0.0,504.8,627.9,393.5
40,1103.1,311.0,381.2,714.7,463.4,553.0,596.1,622.5,576.7,363.6,582.3,383.6,715.6,580.4,299.9,350.4,649.7,488.9,669.9,736.2,997.1,237.2,686.4,490.5,768.0,351.2,681.7,133.1,602.1,155.3,857.5,372.9,751.8,739.8,423.9,700.3,607.3,626.2,746.2,504.8,0.0,447.6,553.9
41,721.3,685.2,432.7,267.1,463.9,169.8,706.9,174.9,614.6,200.4,582.8,506.7,936.6,336.5,329.4,123.6,202.1,68.0,717.8,678.2,549.5,381.5,238.8,406.2,891.1,402.7,234.1,319.3,602.6,529.5,1048.5,290.3,658.4,862.9,413.2,252.7,363.4,178.6,941.6,627.9,447.6,0.0,928.1
42,1513.9,258.4,662.2,1020.7,514.3,837.5,418.6,1009.8,399.2,783.0,421.6,477.3,161.7,720.3,824.8,830.9,1130.2,996.1,492.4,684.8,1116.3,614.5,1073.7,572.0,274.8,653.7,987.7,613.6,441.4,414.1,303.6,729.0,700.4,465.1,616.8,1006.3,704.0,1013.5,192.3,393.5,553.9,928.1,0.0
