,0,1,2,3,4,5,6,7,8,9,10,11,12,13,14,15,16,17,18,19,20,21,22,23,24,25,26,27,28,29,30,31,32,33,34,35,36,37,38,39,40,41,42
0,0.0,1832.3,1109.2,1934.1,914.6,1560.4,1326.2,1163.9,777.1,1846.0,1491.9,1661.9,1868.1,1424.2,1633.8,1219.0,1339.0,1556.2,2016.5,1578.0,817.3,1453.2,1153.4,2028.6,1516.4,1282.5,1115.1,1987.4,1368.9,2074.4,1521.7,1596.5,1681.8,1140.7,1802.5,1475.1,1015.4,1442.6,1569.7,1556.5,1864.2,999.1,2085.4
1,1832.3,0.0,1182.6,997.8,1319.3,690.2,844.7,1359.1,1684.3,1085.9,1031.1,600.8,1063.8,803.6,530.8,652.4,534.5,686.0,594.7,944.9,1460.3,482.9,1226.8,518.8,749.6,1477.1,962.2,556.9,606.8,564.6,780.0,926.4,1130.2,1120.9,124.4,495.9,1191.4,1111.9,660.7,706.0,1067.7,1207.7,654.8
2,1109.2,1182.6,0.0,887.5,239.8,664.2,357.0,586.2,604.8,799.4,536.1,692.7,821.5,455.5,664.5,881.8,914.6,668.4,1259.6,523.8,380.8,878.7,44.2,1459.9,547.1,457.8,521.8,1230.5,650.0,1404.1,552.9,542.3,635.3,61.7,1185.7,697.0,93.8,363.6,600.4,587.3,817.6,110.1,1209.2
3,1934.1,997.8,887.5,0.0,1097.1,963.0,842.0,770.2,1157.0,88.1,442.2,892.5,66.0,938.3,864.4,1248.5,1281.4,967.2,691.4,437.6,1238.2,975.2,931.7,826.2,632.9,888.3,1364.4,625.3,1080.4,695.7,851.8,456.0,318.8,825.8,1001.0,984.8,951.1,530.7,762.6,717.4,69.9,967.4,343.0
4,914.6,1319.3,239.8,1097.1,0.0,800.3,493.6,511.3,365.0,1009.0,745.7,829.3,1031.1,591.6,801.2,1013.1,1045.9,804.5,1396.2,733.4,141.1,1010.0,283.9,1591.2,683.8,383.0,597.9,1367.2,781.2,1540.8,689.1,751.9,844.9,271.3,1322.4,828.3,146.0,573.2,737.1,724.0,1027.2,129.7,1418.8
5,1560.4,690.2,664.2,963.0,800.3,0.0,326.2,939.7,1165.3,874.9,611.6,475.7,897.0,239.6,447.6,455.7,488.6,4.2,767.1,525.5,941.4,376.0,708.4,957.2,330.2,1018.4,550.8,738.1,213.0,911.7,111.3,507.0,710.8,602.5,693.3,194.3,672.4,692.5,383.5,370.3,893.1,688.8,836.0
6,1326.2,844.7,357.0,842.0,493.6,326.2,0.0,818.7,858.6,754.0,490.7,354.7,776.0,117.5,326.6,610.0,642.9,330.4,921.6,404.5,634.7,606.6,401.1,1187.8,209.2,711.7,590.5,892.6,378.2,1066.2,215.0,386.0,589.8,295.3,847.8,424.9,365.7,400.3,262.5,249.3,772.1,382.1,990.5
7,1163.9,1359.1,586.2,770.2,511.3,939.7,818.7,0.0,386.7,682.1,328.0,869.1,704.2,914.9,841.0,1299.7,1332.6,943.8,1436.0,414.2,652.4,1201.4,630.3,1575.1,609.5,341.6,944.3,1374.2,1057.0,1444.6,828.4,432.7,518.0,617.6,1362.2,1038.3,492.4,507.4,739.2,694.0,700.3,476.0,1091.9
8,777.1,1684.3,604.8,1157.0,365.0,1165.3,858.6,386.7,0.0,1068.9,714.8,1194.3,1090.9,956.6,1166.2,1378.1,1410.9,1169.5,1761.2,800.9,267.7,1375.0,648.9,1956.1,996.2,522.5,962.9,1732.2,1146.2,1831.3,1054.1,819.4,904.7,636.3,1687.4,1193.2,511.0,894.1,1102.1,1080.7,1087.0,494.6,1478.6
9,1846.0,1085.9,799.4,88.1,1009.0,874.9,754.0,682.1,1068.9,0.0,354.1,804.4,22.1,850.2,776.3,1235.0,1267.9,879.1,779.4,349.5,1150.1,1063.3,843.6,914.3,544.8,800.2,1276.4,713.4,992.3,783.8,763.7,368.0,230.7,737.7,1089.0,973.6,863.0,442.6,674.5,629.3,18.2,879.4,431.1
10,1491.9,1031.1,536.1,442.2,745.7,611.6,490.7,328.0,714.8,354.1,0.0,541.1,376.2,586.9,513.0,971.7,1004.6,615.8,1108.0,86.2,886.8,873.4,580.3,1247.1,281.5,446.1,1013.1,1046.2,729.0,1116.6,500.4,104.6,190.0,474.4,1034.2,710.3,599.7,179.3,411.2,366.0,372.3,616.1,763.9
11,1661.9,600.8,692.7,892.5,829.3,475.7,354.7,869.1,1194.3,804.4,541.1,0.0,826.5,450.9,82.7,716.5,749.4,479.8,677.7,454.9,970.4,443.2,736.8,952.8,259.6,987.2,919.0,648.7,563.6,822.3,364.4,436.5,640.3,631.0,603.9,452.7,701.4,622.0,170.8,216.0,822.6,717.8,746.6
12,1868.1,1063.8,821.5,66.0,1031.1,897.0,776.0,704.2,1090.9,22.1,376.2,826.5,0.0,872.3,798.4,1257.1,1289.9,901.2,757.4,371.6,1172.1,1041.2,865.6,892.2,566.8,822.3,1298.4,691.3,1014.4,761.7,785.7,390.0,252.8,759.8,1067.0,995.7,885.1,464.7,696.6,651.4,3.9,901.4,409.0
13,1424.2,803.6,455.5,938.3,591.6,239.6,117.5,914.9,956.6,850.2,586.9,450.9,872.3,0.0,422.8,492.5,525.4,235.4,880.6,500.7,732.7,489.5,499.6,1070.6,305.4,809.7,477.5,851.5,260.7,1025.2,160.7,482.2,686.1,393.8,806.7,307.7,463.7,498.8,358.7,345.6,868.4,480.1,949.5
14,1633.8,530.8,664.5,864.4,801.2,447.6,326.6,841.0,1166.2,776.3,513.0,82.7,798.4,422.8,0.0,646.5,679.4,451.7,607.8,426.8,942.3,373.2,708.7,882.9,231.5,959.1,849.1,578.7,493.6,752.4,336.3,408.3,612.1,602.9,534.0,382.8,673.3,593.8,142.7,187.9,794.5,689.7,676.7
15,1219.0,652.4,881.8,1248.5,1013.1,455.7,610.0,1299.7,1378.1,1235.0,971.7,716.5,1257.1,492.5,646.5,0.0,159.1,451.6,836.6,885.5,1103.2,273.3,926.0,848.7,690.2,1231.1,550.5,807.5,317.6,894.5,545.5,867.1,1070.9,820.2,622.6,349.2,885.2,991.4,743.5,730.4,1253.2,901.5,905.5
16,1339.0,534.5,914.6,1281.4,1045.9,488.6,642.9,1332.6,1410.9,1267.9,1004.6,749.4,1289.9,525.4,679.4,159.1,0.0,484.4,869.4,918.4,1175.3,306.2,958.8,730.8,723.1,1263.9,583.3,840.4,350.5,776.6,578.4,899.9,1103.7,853.0,504.7,382.1,918.0,1024.2,776.4,763.2,1286.0,934.4,938.3
17,1556.2,686.0,668.4,967.2,804.5,4.2,330.4,943.8,1169.5,879.1,615.8,479.8,901.2,235.4,451.7,451.6,484.4,0.0,763.0,529.6,945.6,371.9,712.5,953.0,334.3,1022.6,546.6,733.9,208.8,907.6,115.4,511.2,715.0,606.7,689.1,190.1,676.6,696.7,387.6,374.5,897.3,693.0,831.9
18,2016.5,594.7,1259.6,691.4,1396.2,767.1,921.6,1436.0,1761.2,779.4,1108.0,677.7,757.4,880.6,607.8,836.6,869.4,763.0,0.0,1021.8,1537.3,563.3,1303.7,651.9,826.5,1554.1,1039.1,133.5,683.7,521.4,856.9,1003.4,922.2,1197.9,597.8,572.8,1268.3,1188.9,737.7,782.9,761.3,1284.7,348.3
19,1578.0,944.9,523.8,437.6,733.4,525.5,404.5,414.2,800.9,349.5,86.2,454.9,371.6,500.7,426.8,885.5,918.4,529.6,1021.8,0.0,874.5,787.2,568.0,1242.4,195.3,532.2,975.9,992.8,642.8,1111.9,414.2,18.5,185.3,462.1,948.0,624.1,587.4,167.0,325.1,279.8,367.6,603.7,759.2
20,817.3,1460.3,380.8,1238.2,141.1,941.4,634.7,652.4,267.7,1150.1,886.8,970.4,1172.1,732.7,942.3,1103.2,1175.3,945.6,1537.3,874.5,0.0,1151.1,425.0,1732.2,824.9,524.1,698.2,1508.2,922.3,1681.9,830.1,892.9,985.9,412.3,1463.5,969.3,287.1,714.3,878.2,865.0,1168.2,270.7,1559.8
21,1453.2,482.9,878.7,975.2,1010.0,376.0,606.6,1201.4,1375.0,1063.3,873.4,443.2,1041.2,489.5,373.2,273.3,306.2,371.9,563.3,787.2,1151.1,0.0,922.9,679.2,592.0,1228.0,599.1,534.2,243.7,707.8,465.8,768.8,972.6,817.1,453.1,181.7,882.1,954.3,503.1,548.3,1045.1,898.5,632.2
22,1153.4,1226.8,44.2,931.7,283.9,708.4,401.1,630.3,648.9,843.6,580.3,736.8,865.6,499.6,708.7,926.0,958.8,712.5,1303.7,568.0,425.0,922.9,0.0,1504.1,591.3,502.0,566.0,1274.7,694.1,1448.3,597.1,586.4,679.4,105.8,1229.9,741.2,137.9,407.8,644.6,631.5,861.7,154.3,1253.3
23,2028.6,518.8,1459.9,826.2,1591.2,957.2,1187.8,1575.1,1956.1,914.3,1247.1,952.8,892.2,1070.6,882.9,848.7,730.8,953.0,651.9,1242.4,1732.2,679.2,1504.1,0.0,1101.6,1693.1,1174.5,518.4,819.1,130.5,1047.0,1260.9,1057.1,1398.2,489.0,847.9,1463.3,1335.6,1012.8,1058.0,896.1,1479.6,483.2
24,1516.4,749.6,547.1,632.9,683.8,330.2,209.2,609.5,996.2,544.8,281.5,259.6,566.8,305.4,231.5,690.2,723.1,334.3,826.5,195.3,824.9,592.0,591.3,1101.6,0.0,727.5,780.7,797.5,447.5,971.1,218.9,176.8,380.6,485.5,752.7,428.8,555.9,362.3,129.8,77.9,562.9,572.3,895.4
25,1282.5,1477.1,457.8,888.3,383.0,1018.4,711.7,341.6,522.5,800.2,446.1,987.2,822.3,809.7,959.1,1231.1,1263.9,1022.6,1554.1,532.2,524.1,1228.0,502.0,1693.1,727.5,0.0,816.0,1492.3,999.3,1562.7,907.1,550.7,636.0,489.3,1480.3,1046.3,364.1,625.4,857.3,812.1,818.4,347.7,1209.9
26,1115.1,962.2,521.8,1364.4,597.9,550.8,590.5,944.3,962.9,1276.4,1013.1,919.0,1298.4,477.5,849.1,550.5,583.3,546.6,1039.1,975.9,698.2,599.1,566.0,1174.5,780.7,816.0,0.0,1010.1,360.1,1183.7,638.2,957.5,1112.2,553.3,948.4,466.3,470.0,840.6,833.9,820.8,1294.5,486.4,1108.0
27,1987.4,556.9,1230.5,625.3,1367.2,738.1,892.6,1374.2,1732.2,713.4,1046.2,648.7,691.3,851.5,578.7,807.5,840.4,733.9,133.5,992.8,1508.2,534.2,1274.7,518.4,797.5,1492.3,1010.1,0.0,654.7,387.9,827.9,974.3,856.2,1168.8,560.0,543.8,1239.3,1134.7,708.6,753.9,695.2,1255.7,282.3
28,1368.9,606.8,650.0,1080.4,781.2,213.0,378.2,1057.0,1146.2,992.3,729.0,563.6,1014.4,260.7,493.6,317.6,350.5,208.8,683.7,642.8,922.3,243.7,694.1,819.1,447.5,999.3,360.1,654.7,0.0,828.3,302.8,624.3,828.1,588.3,593.0,110.9,653.3,759.5,500.8,487.7,1010.5,669.7,752.6
29,2074.4,564.6,1404.1,695.7,1540.8,911.7,1066.2,1444.6,1831.3,783.8,1116.6,822.3,761.7,1025.2,752.4,894.5,776.6,907.6,521.4,1111.9,1681.9,707.8,1448.3,130.5,971.1,1562.7,1183.7,387.9,828.3,0.0,1001.5,1130.4,926.6,1342.5,534.8,717.4,1412.9,1205.1,882.3,927.5,765.6,1429.3,352.7
30,1521.7,780.0,552.9,851.8,689.1,111.3,215.0,828.4,1054.1,763.7,500.4,364.4,785.7,160.7,336.3,545.5,578.4,115.4,856.9,414.2,830.1,465.8,597.1,1047.0,218.9,907.1,638.2,827.9,302.8,1001.5,0.0,395.7,599.5,491.2,783.1,284.1,561.2,581.2,272.2,259.0,781.8,577.5,925.8
31,1596.5,926.4,542.3,456.0,751.9,507.0,386.0,432.7,819.4,368.0,104.6,436.5,390.0,482.2,408.3,867.1,899.9,511.2,1003.4,18.5,892.9,768.8,586.4,1260.9,176.8,550.7,957.5,974.3,624.3,1130.4,395.7,0.0,203.8,480.6,929.5,605.6,605.8,185.5,306.6,261.3,386.1,622.2,777.7
32,1681.8,1130.2,635.3,318.8,844.9,710.8,589.8,518.0,904.7,230.7,190.0,640.3,252.8,686.1,612.1,1070.9,1103.7,715.0,922.2,185.3,985.9,972.6,679.4,1057.1,380.6,636.0,1112.2,856.2,828.1,926.6,599.5,203.8,0.0,573.6,1133.3,809.4,698.8,278.5,510.4,465.1,248.9,715.2,573.9
33,1140.7,1120.9,61.7,825.8,271.3,602.5,295.3,617.6,636.3,737.7,474.4,631.0,759.8,393.8,602.9,820.2,853.0,606.7,1197.9,462.1,412.3,817.1,105.8,1398.2,485.5,489.3,553.3,1168.8,588.3,1342.5,491.2,480.6,573.6,0.0,1124.1,635.3,125.3,301.9,538.8,525.6,755.9,141.6,1147.5
34,1802.5,124.4,1185.7,1001.0,1322.4,693.3,847.8,1362.2,1687.4,1089.0,1034.2,603.9,1067.0,806.7,534.0,622.6,504.7,689.1,597.8,948.0,1463.5,453.1,1229.9,489.0,752.7,1480.3,948.4,560.0,593.0,534.8,783.1,929.5,1133.3,1124.1,0.0,499.0,1194.5,1115.0,663.9,709.1,1070.9,1210.9,657.9
35,1475.1,495.9,697.0,984.8,828.3,194.3,424.9,1038.3,1193.2,973.6,710.3,452.7,995.7,307.7,382.8,349.2,382.1,190.1,572.8,624.1,969.3,181.7,741.2,847.9,428.8,1046.3,466.3,543.8,110.9,717.4,284.1,605.6,809.4,635.3,499.0,0.0,700.4,791.1,482.1,469.0,991.8,716.7,641.7
36,1015.4,1191.4,93.8,951.1,146.0,672.4,365.7,492.4,511.0,863.0,599.7,701.4,885.1,463.7,673.3,885.2,918.0,676.6,1268.3,587.4,287.1,882.1,137.9,1463.3,555.9,364.1,470.0,1239.3,653.3,1412.9,561.2,605.8,698.8,125.3,1194.5,700.4,0.0,427.2,609.2,596.1,881.2,16.4,1272.8
37,1442.6,1111.9,363.6,530.7,573.2,692.5,400.3,507.4,894.1,442.6,179.3,622.0,464.7,498.8,593.8,991.4,1024.2,696.7,1188.9,167.0,714.3,954.3,407.8,1335.6,362.3,625.4,840.6,1134.7,759.5,1205.1,581.2,185.5,278.5,301.9,1115.0,791.1,427.2,0.0,492.1,446.8,460.8,443.6,852.4
38,1569.7,660.7,600.4,762.6,737.1,383.5,262.5,739.2,1102.1,674.5,411.2,170.8,696.6,358.7,142.7,743.5,776.4,387.6,737.7,325.1,878.2,503.1,644.6,1012.8,129.8,857.3,833.9,708.6,500.8,882.3,272.2,306.6,510.4,538.8,663.9,482.1,609.2,492.1,0.0,45.2,692.7,625.6,806.6
39,1556.5,706.0,587.3,717.4,724.0,370.3,249.3,694.0,1080.7,629.3,366.0,216.0,651.4,345.6,187.9,730.4,763.2,374.5,782.9,279.8,865.0,548.3,631.5,1058.0,77.9,812.1,820.8,753.9,487.7,927.5,259.0,261.3,465.1,525.6,709.1,469.0,596.1,446.8,45.2,0.0,647.5,612.4,851.8
40,1864.2,1067.7,817.6,69.9,1027.2,893.1,772.1,700.3,1087.0,18.2,372.3,822.6,3.9,868.4,794.5,1253.2,1286.0,897.3,761.3,367.6,1168.2,1045.1,861.7,896.1,562.9,818.4,1294.5,695.2,1010.5,765.6,781.8,386.1,248.9,755.9,1070.9,991.8,881.2,460.8,692.7,647.5,0.0,897.5,412.9
41,999.1,1207.7,110.1,967.4,129.7,688.8,382.1,476.0,494.6,879.4,616.1,717.8,901.4,480.1,689.7,901.5,934.4,693.0,1284.7,603.7,270.7,898.5,154.3,1479.6,572.3,347.7,486.4,1255.7,669.7,1429.3,577.5,622.2,715.2,141.6,1210.9,716.7,16.4,443.6,625.6,612.4,897.5,0.0,1289.1
42,2085.4,654.8,1209.2,343.0,1418.8,836.0,990.5,1091.9,1478.6,431.1,763.9,746.6,409.0,949.5,676.7,905.5,938.3,831.9,348.3,759.2,1559.8,632.2,1253.3,483.2,895.4,1209.9,1108.0,282.3,752.6,352.7,925.8,777.7,573.9,1147.5,657.9,641.7,1272.8,852.4,806.6,851.8,412.9,1289.1,0.0
