,0,1,2,3,4,5,6,7,8,9,10,11,12,13,14,15,16,17,18,19,20,21,22,23,24,25,26,27,28,29,30,31,32,33,34,35,36,37,38,39,40,41,42,43,44,45,46,47,48,49,50,51,52,53,54,55,56,57,58,59,60,61,62,63,64,65,66,67,68,69,70,71,72,73,74,75,76,77,78,79,80,81,82,83,84,85,86,87,88,89,90,91,92,93,94,95,96,97,98,99,100,101,102,103,104,105,106,107,108,109,110,111,112,113,114,115,116,117,118,119,120,121,122,123,124,125,126,127,128,129,130,131,132,133,134,135,136,137,138,139,140,141,142,143,144,145,146,147,148,149,150,151,152
0,0.0,982.3,1166.4,1846.0,2076.9,1987.8,1828.4,1074.3,592.0,1227.3,1125.8,1530.2,1596.5,1353.5,1964.8,1035.3,1178.8,807.4,972.0,1144.0,1448.3,1956.4,1301.6,936.2,1581.8,789.4,1187.4,928.8,611.5,1481.6,1865.4,768.0,1361.5,2078.0,855.8,1575.1,1312.8,813.6,928.8,1127.6,1964.8,1280.9,1060.1,2110.1,1078.2,1952.6,2056.0,1005.8,693.8,1607.6,1370.4,2002.3,1317.3,777.2,1997.4,1067.4,1568.1,1144.0,1319.4,1744.4,1338.8,797.0,1560.3,635.4,722.0,2081.6,1270.7,1128.5,1505.9,872.2,1735.3,1314.5,687.0,1184.5,1918.0,1163.9,904.1,802.7,1376.4,1186.6,1232.9,1610.4,896.2,1505.9,760.5,1423.8,2111.5,1553.2,1398.6,1210.5,1801.7,760.5,1592.9,966.9,1164.1,1120.9,1072.1,2002.7,1556.5,991.8,1161.1,1565.4,712.6,1150.9,1023.7,1907.3,1253.5,798.5,1955.6,1221.3,1582.6,1002.1,2009.1,579.2,1236.6,1747.0,1832.0,1881.7,1196.6,1241.9,1184.5,625.9,1378.6,1155.5,1153.4,2045.8,1640.0,1132.7,930.5,1241.0,1062.3,1844.8,1334.0,1367.1,820.8,923.1,1445.3,912.8,919.6,1445.0,1330.0,1022.6,1337.7,1992.4,913.6,1241.5,1379.0,1501.8,1411.6,1847.0,1862.9,999.1,2085.4
1,982.3,0.0,219.9,1037.8,1312.0,1223.0,1063.5,691.5,576.7,844.5,285.1,590.4,746.6,794.3,1377.8,178.9,338.2,361.3,170.0,303.4,617.8,1148.1,461.0,343.6,635.3,379.3,804.6,376.9,638.9,832.2,1057.1,395.1,758.6,1313.2,207.6,628.5,475.8,192.7,376.9,400.6,1377.8,348.3,208.9,1345.3,237.6,1144.3,1247.8,321.9,427.2,858.0,749.3,1237.5,874.7,391.5,1232.5,239.6,621.5,303.4,582.2,936.2,498.2,371.7,613.7,533.3,650.6,1316.8,804.5,287.9,613.2,110.0,1148.4,659.0,504.7,801.6,1109.8,323.2,170.5,569.1,969.5,349.6,286.4,1023.5,628.9,613.2,360.5,477.2,1359.1,606.6,524.3,310.8,1144.1,360.5,796.6,268.1,323.5,174.3,244.3,1237.9,610.0,243.2,320.5,815.8,645.5,310.2,339.9,1142.5,412.9,425.6,1190.7,384.2,833.0,232.9,1244.3,663.3,289.4,1160.1,1023.7,1073.4,236.7,859.1,343.8,542.8,971.7,565.4,312.7,1237.6,703.2,292.0,391.2,400.4,234.5,1036.6,891.5,446.9,615.1,59.2,649.0,326.6,652.3,498.4,397.4,265.2,391.1,1227.6,179.9,400.9,504.7,705.4,824.7,1101.0,1275.9,158.4,1320.5
2,1166.4,219.9,0.0,898.1,1158.1,1069.0,909.6,825.4,796.5,728.1,264.1,406.4,562.1,650.6,1234.1,342.3,180.7,581.2,276.5,282.3,474.0,1008.5,356.4,507.1,450.7,599.2,733.6,483.3,858.8,688.4,917.5,522.6,614.8,1159.3,427.5,444.5,582.3,412.0,483.3,395.4,1234.1,162.5,151.0,1191.4,216.6,1004.7,1108.2,421.6,554.7,714.2,605.6,1083.5,730.9,611.3,1078.6,403.2,437.0,282.3,438.4,796.5,338.3,591.6,429.7,753.2,870.4,1162.8,660.8,266.8,429.2,329.9,1004.6,765.4,724.6,787.3,970.1,302.2,390.3,728.6,825.7,456.1,101.8,879.7,735.3,429.2,487.9,293.2,1205.2,422.1,380.5,149.0,990.2,487.9,652.8,431.7,218.9,45.9,407.9,1083.9,425.4,406.8,299.4,672.0,865.3,289.2,391.6,988.5,308.3,553.1,1036.8,490.7,689.2,396.5,1090.4,883.2,284.0,1016.3,884.1,933.8,218.9,822.9,322.8,762.7,827.9,671.8,291.7,1097.9,518.7,271.0,550.7,320.3,398.1,896.9,747.7,261.1,742.5,279.1,505.2,490.2,758.7,313.9,211.5,428.8,207.1,1073.6,399.8,296.3,360.9,561.7,680.9,947.1,1132.2,212.1,1166.6
3,1846.0,1037.8,898.1,0.0,699.6,716.9,789.7,1340.6,1614.4,1243.3,816.0,812.2,368.0,1258.8,893.4,1160.7,752.5,1399.0,951.6,834.2,912.6,110.4,672.5,1325.4,654.6,1417.1,1248.8,1158.5,1571.2,1034.9,126.6,1197.8,1053.4,736.6,1166.1,817.1,749.7,1123.9,1158.5,1189.4,893.4,759.4,865.7,606.0,883.9,106.6,334.6,1261.5,1213.1,955.6,1227.9,618.9,1246.1,1429.2,604.9,1221.4,493.1,834.2,1037.2,101.6,686.9,1409.5,802.3,1571.1,1681.7,704.3,1144.2,818.7,834.6,1147.8,1122.9,531.5,1542.4,1302.5,72.0,969.5,1208.2,1550.9,1340.8,840.8,823.2,1125.7,968.9,834.6,1163.1,790.7,746.7,508.0,941.1,782.3,1055.3,1163.1,1041.2,1249.9,714.3,918.4,1226.1,554.0,629.3,1225.0,966.7,985.5,1672.3,841.1,1231.5,685.8,721.1,1228.3,803.8,883.9,968.4,1214.7,772.1,1701.1,1062.2,1142.1,93.2,142.9,1075.0,1338.1,874.7,1580.5,1343.1,740.2,843.6,199.8,411.4,822.9,1373.0,839.2,1216.4,393.6,1262.9,715.2,1025.2,1097.0,943.8,1308.5,992.3,676.2,710.4,1247.0,743.3,712.3,1217.7,815.2,960.7,1000.2,1104.8,1012.3,995.3,879.4,431.1
4,2076.9,1312.0,1158.1,699.6,0.0,374.6,350.1,1002.5,1516.4,905.2,1336.6,833.7,1046.2,920.8,193.8,1322.1,1220.1,1301.0,1399.2,1354.8,694.2,589.2,1326.5,1212.5,818.0,1319.0,910.8,1606.1,1578.6,595.3,826.2,1645.4,731.4,394.3,1519.6,880.9,1428.0,1504.7,1606.1,1017.8,193.8,1075.3,1284.0,368.2,1349.6,593.0,468.2,1115.4,1677.4,516.0,937.7,209.9,908.1,1331.2,195.8,1382.8,938.6,1354.8,789.0,801.2,1239.3,1311.4,842.0,1473.0,1590.3,4.7,806.2,1339.3,806.5,1422.1,423.2,1209.8,1444.4,964.5,627.6,1435.2,1482.5,1324.3,997.1,1519.1,1056.3,610.2,1647.2,806.5,1610.7,944.4,47.1,923.7,787.8,1188.4,615.7,1610.7,601.6,1283.7,1258.3,1188.0,1387.5,185.9,843.3,1258.8,1432.5,545.9,1585.2,1361.7,1085.4,246.2,1293.8,1675.9,461.5,1562.2,528.8,1248.5,429.8,1497.7,1112.6,563.5,792.8,842.5,1177.6,926.5,1395.2,1482.5,999.4,1418.4,1364.1,499.8,1020.3,1343.5,1196.3,1359.8,1377.8,679.5,924.8,1138.3,1703.4,1371.2,663.1,1195.6,1670.6,904.2,1088.7,1408.4,971.4,370.0,1492.0,1335.7,807.3,683.1,665.2,572.7,295.7,1345.1,268.5
5,1987.8,1223.0,1069.0,716.9,374.6,0.0,281.8,913.5,1427.3,816.2,1247.5,744.6,974.7,831.7,568.4,1233.0,1131.1,1211.9,1310.2,1265.7,605.2,606.5,1237.5,1123.4,729.0,1229.9,821.7,1517.0,1489.5,506.2,843.5,1556.3,642.3,94.1,1430.6,791.8,1445.2,1415.7,1517.0,928.8,568.4,986.3,1195.0,199.4,1260.5,610.3,485.5,1026.4,1588.4,427.0,848.6,177.0,819.0,1242.1,191.0,1293.8,849.6,1265.7,699.9,818.5,1150.3,1222.4,753.0,1384.0,1501.2,379.3,717.2,1250.2,717.5,1333.0,670.3,1227.0,1355.3,875.4,644.8,1346.2,1393.4,1235.2,913.8,1489.8,967.2,597.1,1664.4,717.5,1521.7,855.3,421.6,834.6,698.7,1099.4,535.5,1521.7,512.6,1194.6,1169.2,1098.9,1298.5,241.9,754.3,1169.8,1343.4,456.9,1496.1,1272.6,996.4,151.0,1204.8,1586.8,86.9,1524.4,439.7,1159.4,55.2,1408.7,1023.5,622.2,810.1,859.8,1088.6,911.0,1306.2,1393.4,916.0,1435.7,1275.1,517.1,931.3,1254.4,1107.3,1270.7,1288.7,696.7,835.8,1049.2,1720.7,1282.2,574.0,1106.5,1687.8,815.2,999.7,1319.4,882.3,4.6,1402.9,1246.7,718.3,594.1,576.2,492.4,670.3,1256.0,285.8
6,1828.4,1063.5,909.6,789.7,350.1,281.8,0.0,754.0,1267.9,656.7,1088.1,585.2,815.3,672.3,543.9,1073.6,971.6,1052.5,1150.7,1106.3,445.7,679.3,1078.0,964.0,569.5,1070.5,662.3,1357.6,1330.1,346.8,916.3,1396.9,482.9,351.2,1271.1,632.4,1315.5,1256.2,1357.6,769.3,543.9,826.8,1035.5,383.3,1101.1,683.1,558.3,866.9,1428.9,267.5,689.2,275.5,659.6,1082.7,270.6,1134.3,690.1,1106.3,540.5,891.3,990.8,1062.9,593.5,1224.5,1341.8,354.8,557.7,1090.8,558.0,1173.6,502.1,1097.3,1195.9,716.0,717.6,1186.7,1234.0,1075.8,754.3,1330.3,807.8,437.6,1534.7,558.0,1362.2,695.9,397.1,675.2,539.3,939.9,367.2,1362.2,353.1,1035.2,1009.8,939.5,1139.0,275.9,594.8,1010.3,1184.0,297.4,1336.7,1113.2,836.9,180.5,1045.3,1427.4,249.6,1365.0,280.3,1000.0,303.1,1249.2,864.1,454.0,882.9,932.6,929.1,751.6,1146.7,1234.0,756.5,1305.9,1115.6,589.9,771.8,1095.0,947.8,1111.3,1129.3,769.5,676.3,889.8,1591.0,1122.7,414.6,947.1,1558.1,655.7,840.2,1159.9,722.9,286.4,1243.5,1087.2,558.8,434.6,416.7,324.2,629.6,1096.6,358.6
7,1074.3,691.5,825.4,1340.6,1002.5,913.5,754.0,0.0,581.8,153.0,920.7,567.4,972.6,279.2,890.4,604.8,887.5,567.9,805.6,938.9,428.0,1331.8,1060.1,479.4,861.2,585.9,113.1,1012.5,811.1,407.2,1359.9,1049.9,287.2,1003.7,862.4,614.6,1111.4,847.5,1012.5,542.6,890.4,808.9,840.0,1035.8,873.2,1335.6,1210.8,457.8,1082.0,533.2,296.1,928.0,242.9,598.1,923.1,665.5,847.5,938.9,410.6,1239.0,972.9,578.4,575.8,625.2,822.7,1007.3,196.3,923.4,540.3,793.4,661.0,1254.6,676.8,110.1,1370.1,958.8,783.3,321.8,302.0,985.2,788.3,536.1,1264.4,540.3,1015.3,657.6,1037.2,832.5,509.5,855.8,727.4,1015.3,529.0,550.7,925.7,805.6,670.2,928.4,835.9,525.8,956.0,491.1,817.6,945.8,475.7,833.0,1015.2,1080.4,881.2,1019.8,508.2,515.4,934.8,495.2,672.4,672.7,1326.5,1376.2,632.4,167.6,979.4,615.7,304.3,1200.9,948.3,1242.3,929.2,927.6,300.3,1027.2,660.4,1339.4,259.7,871.9,1269.9,750.7,424.9,462.5,1287.8,724.4,822.3,691.1,708.6,918.1,792.7,1003.2,489.9,481.4,337.3,772.7,788.5,794.0,1011.0
8,592.0,576.7,796.5,1614.4,1516.4,1427.3,1267.9,581.8,0.0,734.8,861.8,938.2,1323.3,861.0,1472.3,475.2,914.9,215.4,746.7,880.1,856.3,1724.8,1037.7,344.2,1211.9,197.4,694.9,787.0,229.2,989.1,1633.8,723.2,869.0,1517.5,535.7,1019.3,1052.5,520.7,787.0,535.6,1472.3,925.0,785.6,1549.6,814.3,1721.0,1724.6,413.8,678.9,1062.3,853.1,1441.8,824.8,185.2,1436.9,507.3,1198.2,880.1,727.4,1512.8,1074.9,204.9,980.5,43.3,240.9,1521.1,778.2,864.5,913.9,466.6,1242.8,1235.6,95.0,692.0,1686.5,899.9,456.5,310.2,883.9,926.3,863.1,1117.9,881.3,913.9,688.5,954.6,1563.4,1183.3,806.5,887.5,1309.2,688.5,1000.9,374.9,900.1,751.0,512.0,1442.2,1186.7,399.8,897.2,1020.2,235.8,886.9,431.7,1346.8,989.6,753.7,1395.1,960.9,1037.3,410.1,1448.6,86.7,644.6,1254.5,1600.4,1650.1,604.6,749.4,920.5,33.9,886.1,1140.6,889.4,1756.2,1279.9,868.7,438.0,977.0,502.2,1613.2,841.5,1023.6,805.9,517.5,853.3,320.8,904.7,1075.1,974.1,462.5,957.6,1431.9,466.0,977.6,787.0,909.8,919.1,1305.4,1370.4,735.1,1524.9
9,1227.3,844.5,728.1,1243.3,905.2,816.2,656.7,153.0,734.8,0.0,906.7,470.1,875.3,181.9,793.1,757.7,790.2,720.9,963.9,924.9,330.7,1234.5,962.8,632.4,763.9,738.9,61.2,1170.8,964.0,309.9,1262.6,1210.1,189.9,906.4,1015.4,517.3,1269.7,1000.5,1170.8,477.2,793.1,711.6,848.7,938.5,914.3,1238.3,1113.5,574.6,1242.1,435.9,198.7,830.7,145.6,751.1,825.8,818.5,750.2,924.9,313.3,1141.6,875.6,731.3,478.5,778.1,975.7,910.0,99.0,909.4,443.0,946.3,563.7,1157.3,829.8,114.9,1272.8,999.9,936.2,474.7,240.4,1143.5,691.0,438.8,1422.8,443.0,1175.4,560.3,939.9,735.2,412.2,758.5,630.1,1175.4,431.7,703.6,828.4,758.0,823.2,831.1,738.6,678.7,997.2,393.8,970.6,931.8,544.6,735.7,917.9,1240.6,783.9,1178.2,410.9,668.4,837.5,648.1,586.6,575.4,1229.2,1278.9,651.6,199.3,965.4,768.7,242.6,1359.3,934.2,1145.0,831.9,913.6,453.2,929.9,813.4,1242.1,162.4,774.6,1430.0,903.7,327.6,615.5,1446.2,627.1,725.0,844.1,611.3,820.8,945.7,905.9,392.6,384.1,240.0,675.4,691.2,909.8,913.7
10,1125.8,285.1,264.1,816.0,1336.6,1247.5,1088.1,920.7,861.8,906.7,0.0,584.9,558.9,829.2,1412.7,408.1,116.4,646.4,199.0,81.6,652.6,926.4,239.2,572.8,629.2,664.4,912.2,405.9,818.6,867.0,835.4,445.1,793.4,1337.7,413.5,622.9,504.8,371.3,405.9,513.6,1412.7,261.2,113.1,1369.8,131.2,922.6,1026.1,523.6,477.2,892.8,784.2,1262.0,909.5,676.6,1257.1,468.8,615.4,81.6,617.0,714.4,276.4,656.9,608.2,818.5,929.1,1341.3,839.4,66.1,607.7,395.2,1183.2,687.9,789.8,965.9,888.0,216.9,455.6,798.3,1004.3,378.6,280.4,1058.3,657.9,607.7,410.5,471.7,1383.6,600.5,559.1,148.1,1168.6,410.5,831.4,497.3,101.7,228.8,473.5,1262.4,603.9,472.4,214.1,850.6,919.7,88.5,493.6,1167.0,191.2,475.6,1215.3,413.2,867.8,462.1,1268.8,948.5,402.2,1194.9,802.0,851.7,337.1,1001.5,122.1,827.9,1006.5,594.4,27.6,1015.8,602.3,6.9,620.4,178.6,463.7,814.8,926.3,304.7,665.1,344.3,683.8,555.8,681.3,492.4,284.1,494.4,385.5,1252.1,465.1,179.2,539.5,740.2,859.5,1125.6,1310.8,126.7,1225.8
11,1530.2,590.4,406.4,812.2,833.7,744.6,585.2,567.4,938.2,470.1,584.9,0.0,444.3,466.3,899.4,654.7,468.4,722.8,647.0,603.1,139.4,922.6,574.8,634.3,332.9,740.8,475.6,853.9,1000.4,353.8,831.6,893.1,280.2,834.8,798.0,106.3,944.5,782.5,853.9,438.3,899.4,323.6,531.8,866.9,597.4,918.8,1022.3,536.5,925.2,379.6,421.3,759.1,472.9,753.0,754.2,715.4,319.1,603.1,230.9,710.6,487.6,733.2,67.4,894.8,1012.1,838.4,371.1,587.6,27.5,700.4,670.0,726.3,866.2,529.3,884.2,683.0,760.9,812.8,567.7,826.6,304.6,545.1,1105.9,27.5,858.5,113.2,880.7,304.2,134.9,436.7,665.7,858.5,318.2,705.5,506.6,436.3,720.1,759.5,307.6,680.6,680.2,337.4,1007.0,609.9,506.5,664.1,542.1,923.6,712.3,861.2,354.6,670.3,765.9,986.3,447.8,681.7,798.2,847.9,512.9,564.9,643.5,904.3,569.9,934.9,612.4,1012.0,400.8,591.7,635.0,608.0,710.3,811.0,489.7,386.6,1113.1,649.6,170.6,617.3,1129.3,196.0,337.0,741.0,199.3,749.2,770.3,584.0,154.4,227.0,346.3,622.7,797.6,592.9,842.2
12,1596.5,746.6,562.1,368.0,1046.2,974.7,815.3,972.6,1323.3,875.3,558.9,444.3,0.0,890.9,1240.0,867.4,495.3,1107.9,694.5,577.1,544.6,478.3,415.3,1032.1,286.6,1126.0,880.8,901.3,1314.1,740.4,387.3,940.6,685.4,1064.9,908.9,449.1,500.3,866.8,901.3,834.0,1240.0,479.3,608.6,952.6,626.7,474.5,578.0,946.4,963.6,661.1,860.0,965.5,878.1,1138.1,951.5,928.2,125.1,577.1,669.2,266.3,429.7,1118.4,434.4,1280.0,1397.2,1051.0,776.3,561.6,466.7,856.7,1018.2,282.0,1251.3,934.6,440.0,712.3,917.1,1249.8,972.9,591.4,460.3,831.3,719.5,466.7,905.9,422.8,1093.3,140.1,573.2,525.2,895.8,905.9,723.4,956.7,457.1,592.0,932.8,900.6,261.3,931.8,709.6,691.0,1392.1,584.0,916.4,894.2,464.0,971.1,942.4,634.5,673.9,921.4,996.0,1410.0,706.9,982.6,353.9,403.6,743.5,970.1,617.5,1289.4,975.1,490.7,586.4,567.7,43.4,565.8,1071.9,582.1,923.1,366.7,894.9,458.0,775.7,805.9,575.8,1015.2,742.9,308.3,453.2,953.8,375.4,979.3,926.6,558.0,592.7,632.3,751.5,852.8,1145.7,622.2,777.7
13,1353.5,794.3,650.6,1258.8,920.8,831.7,672.3,279.2,861.0,181.9,829.2,466.3,890.9,0.0,808.7,718.6,712.7,682.7,886.4,847.4,346.2,1250.0,885.3,594.2,779.5,700.7,187.4,1093.3,960.3,325.5,1278.2,1132.5,205.5,922.0,977.1,532.8,1192.2,962.2,1093.3,399.7,808.7,634.1,771.2,954.1,836.8,1253.8,1129.0,497.1,1164.6,451.5,121.2,846.2,184.7,712.9,841.3,779.3,765.7,847.4,235.7,1157.2,798.1,693.1,494.0,854.7,971.9,925.5,114.6,831.9,439.1,904.4,579.2,1172.9,826.1,241.2,1288.4,922.4,898.0,601.0,279.5,1066.0,613.5,454.3,1345.3,439.1,1097.9,482.8,955.4,750.8,334.7,681.0,645.7,1097.9,447.3,665.4,750.9,680.4,784.0,846.6,754.2,640.5,919.6,409.3,966.8,854.3,467.1,751.2,840.3,1163.0,799.5,1100.6,426.5,630.2,853.0,774.4,509.0,590.9,1244.8,1294.5,574.1,276.7,887.8,864.2,281.7,1281.8,856.7,1160.6,847.4,836.1,578.0,852.4,774.2,1257.6,201.5,697.1,1352.5,853.5,343.2,577.2,1368.7,642.6,647.5,804.9,533.8,836.3,907.5,828.3,315.1,399.7,255.6,690.9,706.8,832.3,929.3
14,1964.8,1377.8,1234.1,893.4,193.8,568.4,543.9,890.4,1472.3,793.1,1412.7,899.4,1240.0,808.7,0.0,1333.2,1296.2,1312.1,1469.9,1430.9,760.0,783.0,1468.4,1223.6,1001.9,1330.1,798.7,1676.8,1589.7,638.0,1020.1,1716.0,619.3,588.1,1585.4,946.7,1621.8,1570.5,1676.8,1029.0,0.0,1217.2,1354.7,562.1,1420.3,786.8,662.0,1126.5,1748.1,616.1,825.5,403.7,746.0,1342.3,389.6,1393.9,1122.5,1430.9,800.1,995.0,1381.2,1322.5,907.8,1484.1,1601.4,189.1,694.1,1415.4,872.3,1487.9,229.4,1403.6,1455.5,852.4,821.4,1505.9,1514.7,1212.2,803.3,1649.5,1196.9,416.4,1841.0,872.3,1681.4,1010.2,146.8,1107.6,853.6,1264.5,424.4,1681.4,759.8,1294.8,1334.4,1263.9,1398.6,379.7,1027.2,1269.9,1503.1,658.3,1596.3,1437.7,1096.5,440.0,1423.8,1746.5,655.3,1684.1,641.1,1259.6,623.6,1385.6,1123.7,369.7,986.7,1036.4,1188.7,732.7,1471.3,1493.6,805.5,1612.2,1440.2,693.6,1204.2,1419.6,1190.7,1435.8,1388.9,873.3,762.7,1280.2,1897.3,1437.0,757.0,1206.7,1864.4,1056.4,1230.7,1419.6,1092.9,563.8,1524.2,1411.8,873.1,813.5,633.6,469.6,101.9,1415.8,462.3
15,1035.3,178.9,342.4,1160.7,1322.1,1233.0,1073.6,604.8,475.2,757.7,408.1,654.7,867.4,718.6,1333.2,0.0,461.1,259.8,292.9,426.3,633.2,1271.1,583.9,256.8,756.0,277.9,717.8,499.8,537.5,842.2,1180.1,448.2,713.9,1323.3,260.6,730.8,598.8,245.7,499.8,320.7,1333.2,469.6,331.3,1355.4,360.5,1267.3,1370.8,235.2,480.2,868.0,673.6,1247.5,798.9,290.0,1242.6,60.7,742.3,426.3,533.1,1059.1,622.6,270.3,697.0,431.9,549.1,1326.8,728.8,410.8,647.0,191.6,1103.8,781.9,403.2,714.9,1232.7,446.2,181.5,482.4,893.7,472.6,407.6,978.8,743.5,647.0,413.5,579.6,1369.1,727.4,539.7,433.3,1154.2,413.5,806.6,181.4,446.4,296.7,65.4,1247.9,730.7,156.5,443.4,825.9,544.0,433.2,253.1,1152.5,535.8,478.7,1200.8,507.2,843.0,146.2,1254.3,561.9,209.5,1115.5,1146.7,1196.4,169.5,772.3,466.7,441.3,895.9,688.3,435.6,1360.5,824.0,415.0,304.5,523.3,55.7,1159.5,815.7,568.1,668.1,238.1,659.0,239.9,766.9,619.2,518.6,86.4,493.4,1237.6,191.0,523.8,520.1,715.5,780.1,1111.1,1231.3,281.3,1330.6
16,1178.8,338.2,180.7,752.5,1220.1,1131.1,971.6,887.5,914.9,790.2,116.4,468.4,495.3,712.7,1296.2,461.1,0.0,699.5,252.0,134.7,536.2,862.9,175.7,625.8,512.7,717.5,795.8,458.9,871.7,750.6,771.8,498.2,677.0,1221.3,466.5,506.5,557.9,424.4,458.9,473.5,1296.2,144.8,166.2,1253.4,184.3,859.1,962.5,544.1,530.2,776.4,667.7,1145.5,793.1,729.7,1140.6,521.9,499.0,134.7,500.6,650.9,212.9,709.9,491.7,871.5,982.1,1224.9,722.9,119.2,491.2,448.2,1066.8,666.5,842.9,849.5,824.5,269.9,508.6,851.3,887.8,431.6,164.0,941.8,710.9,491.2,463.5,355.3,1267.2,484.1,442.6,31.7,1052.2,463.5,715.0,550.4,38.2,201.0,526.5,1146.0,487.5,525.5,267.1,734.2,972.7,141.5,514.1,1050.6,127.6,528.7,1098.8,466.3,751.4,515.1,1152.4,1001.5,346.3,1078.5,738.4,788.1,357.6,885.1,175.1,881.0,890.0,647.4,144.0,952.3,538.8,123.3,673.4,139.6,516.8,751.3,809.9,203.0,718.1,397.4,567.4,608.9,734.3,375.9,167.6,547.5,269.1,1135.7,518.1,115.6,423.1,623.8,743.1,1009.1,1194.3,179.8,1162.2
17,807.4,361.3,581.2,1399.0,1301.0,1211.9,1052.5,567.9,215.4,720.9,646.4,722.8,1107.9,682.7,1312.1,259.8,699.5,0.0,531.3,664.7,640.9,1509.4,822.3,128.8,996.6,18.0,681.0,571.6,277.6,821.1,1418.4,507.8,692.8,1302.2,320.3,803.9,837.1,305.4,571.6,320.2,1312.1,709.6,570.2,1334.3,598.9,1505.6,1509.2,198.4,539.9,846.9,637.7,1226.4,763.0,30.2,1221.5,291.9,982.8,664.7,512.0,1297.4,859.5,10.4,765.1,172.0,289.3,1305.7,692.9,649.2,698.5,251.2,1082.7,1020.3,143.4,678.1,1471.1,684.5,241.1,445.5,857.8,710.9,647.7,957.7,803.1,698.5,473.1,739.2,1348.0,967.9,591.2,672.1,1133.1,473.1,785.5,159.5,684.7,535.6,296.6,1226.8,971.3,184.4,681.8,804.8,284.2,671.5,216.3,1131.4,774.2,538.3,1179.7,745.5,821.9,194.7,1233.2,302.1,429.2,1094.3,1385.0,1434.7,389.2,735.5,705.1,181.5,860.0,926.7,674.0,1540.8,1064.5,653.3,267.7,761.6,286.8,1397.8,779.8,808.2,727.8,302.1,637.9,105.4,826.5,859.7,758.7,247.1,742.2,1216.5,250.6,762.2,571.6,694.4,759.0,1090.0,1210.2,519.7,1309.5
18,972.0,170.0,276.5,951.6,1399.2,1310.2,1150.7,805.6,749.3,963.9,199.0,647.0,694.5,886.4,1469.9,292.9,252.0,533.9,0.0,217.2,709.9,1062.0,374.8,457.6,691.9,551.9,918.6,206.9,699.9,924.2,971.0,246.1,850.6,1400.4,294.7,685.1,356.0,252.6,206.9,515.7,1469.9,354.1,133.3,1432.5,151.4,1058.2,1161.7,436.0,278.2,950.0,841.4,1324.7,966.8,564.1,1319.7,353.7,678.1,217.2,674.3,850.0,412.0,544.3,670.3,705.9,810.3,1404.0,896.6,201.7,669.8,280.1,1240.5,539.1,677.3,915.7,1023.6,237.1,343.1,683.2,1061.5,229.8,343.0,1115.5,509.0,669.8,211.5,533.8,1446.3,663.2,616.3,283.7,1231.3,211.5,888.7,382.2,237.3,230.9,358.4,1325.1,666.6,357.3,234.3,907.9,800.9,224.1,454.0,1229.7,326.7,276.6,1277.9,264.4,925.0,347.0,1331.5,835.9,404.3,1252.1,937.6,987.3,339.2,973.1,257.7,715.4,1063.7,445.5,226.6,1151.4,737.9,205.9,505.3,314.2,348.6,950.4,983.5,440.3,466.1,229.2,741.0,440.7,532.4,555.0,403.2,379.3,447.7,1314.8,352.5,314.7,596.8,797.5,916.8,1188.2,1368.0,72.3,1361.4
19,1144.0,303.4,282.3,834.2,1354.8,1265.7,1106.3,938.9,880.1,924.9,81.6,603.1,577.1,847.4,1430.9,426.3,134.7,664.7,217.2,0.0,670.9,944.6,257.5,591.0,647.4,682.7,930.5,424.1,836.8,885.2,853.6,463.4,811.6,1356.0,431.7,641.2,523.0,389.6,424.1,531.8,1430.9,279.5,131.3,1388.1,149.5,940.8,1044.3,541.8,495.4,911.0,802.4,1280.2,927.7,694.8,1275.3,487.1,633.7,0.0,635.3,732.6,294.7,675.1,626.4,836.7,947.3,1359.5,857.6,15.5,625.9,413.4,1201.5,706.2,808.1,984.2,906.3,235.1,473.8,816.5,1022.5,396.8,298.7,1076.5,676.1,625.9,428.7,489.9,1401.8,618.7,577.3,166.4,1186.9,428.7,849.6,515.5,119.9,247.0,491.7,1280.6,622.1,490.7,232.3,868.9,937.9,6.9,511.8,1185.2,209.4,493.9,1233.5,431.4,886.0,480.3,1287.0,966.7,420.4,1213.1,820.2,869.9,355.4,1019.7,40.4,846.2,1024.7,612.6,109.2,1034.0,620.5,88.5,638.7,97.0,482.0,833.0,944.5,323.0,683.3,362.6,702.0,574.1,699.5,510.6,302.3,512.7,403.8,1270.3,483.3,121.0,557.8,758.5,877.8,1143.8,1329.0,145.0,1244.0
20,1448.3,617.8,474.0,912.6,694.2,605.2,445.7,428.0,856.3,330.7,652.6,139.4,544.6,346.2,760.0,633.2,536.2,640.9,709.9,670.9,0.0,1023.0,708.4,552.4,433.3,659.0,336.2,916.8,918.5,214.4,932.0,956.0,140.8,695.4,825.4,186.6,1015.7,810.5,916.8,357.8,760.0,457.2,594.7,727.5,660.2,1019.2,902.4,455.4,988.1,240.2,319.7,619.6,333.5,671.1,614.7,694.0,419.5,670.9,128.9,811.0,621.2,651.4,147.8,813.0,930.2,699.0,231.6,655.4,112.3,727.9,530.6,826.7,784.3,389.9,984.6,745.9,788.3,714.1,428.2,889.5,436.9,405.7,1168.7,112.3,921.4,250.1,741.3,404.6,93.5,504.5,526.3,921.4,178.8,623.7,574.4,503.9,698.6,620.1,408.0,598.8,743.1,198.0,925.1,677.7,425.4,524.7,663.8,986.5,572.9,924.1,215.2,588.4,626.5,887.6,426.4,542.3,898.6,948.3,491.4,425.5,711.3,822.4,430.5,1035.3,680.2,934.0,501.2,659.5,536.3,675.8,688.9,911.4,350.3,520.2,1176.0,677.0,31.2,535.5,1192.1,296.4,470.6,719.6,332.9,609.8,797.7,651.8,113.1,87.6,206.9,483.2,658.1,655.7,702.7
21,1956.4,1148.1,1008.5,110.4,589.2,606.5,679.3,1331.8,1724.8,1234.5,926.4,922.6,478.3,1250.0,783.0,1271.1,862.9,1509.4,1062.0,944.6,1023.0,0.0,782.9,1435.8,765.0,1527.4,1240.0,1268.9,1681.6,924.5,237.0,1308.1,1060.6,626.2,1276.5,927.5,860.1,1234.3,1268.9,1299.7,783.0,869.8,976.1,495.6,994.2,3.8,224.2,1371.9,1323.4,845.2,1266.9,508.6,1237.3,1539.6,494.5,1331.8,603.5,944.6,1118.2,212.0,797.2,1519.9,912.7,1681.5,1792.1,594.0,1135.4,929.1,945.0,1258.2,1012.5,641.9,1652.8,1293.7,38.4,1079.9,1318.6,1661.3,1332.0,951.2,933.6,1015.4,1079.3,945.0,1273.5,901.1,636.3,618.4,1051.5,892.7,945.0,1273.5,930.9,1360.3,824.7,1028.7,1336.5,443.6,739.7,1335.4,1077.1,875.1,1782.7,951.5,1341.9,575.4,831.5,1338.6,693.4,994.3,858.0,1325.1,661.7,1811.5,1172.6,1031.7,203.6,253.3,1185.4,1329.3,985.1,1690.9,1334.3,850.5,954.0,89.4,521.8,933.3,1483.4,949.6,1326.7,435.4,1254.1,825.5,1135.5,1207.3,992.3,1418.8,1102.7,786.6,820.8,1357.4,853.7,601.9,1328.1,925.6,1071.1,1012.3,994.5,901.9,884.9,989.7,320.7
22,1301.6,461.0,356.4,672.5,1326.5,1237.5,1078.0,1060.1,1037.7,962.8,239.2,574.8,415.3,885.3,1468.4,583.9,175.7,822.3,374.8,257.5,708.4,782.9,0.0,748.6,619.2,840.3,968.4,581.7,994.5,922.8,691.9,621.0,849.2,1327.7,589.3,612.9,680.6,547.2,581.7,649.2,1468.4,286.8,288.9,1257.1,307.1,779.1,882.5,699.4,653.0,923.9,840.3,1251.9,965.6,852.5,1247.0,644.7,540.5,257.5,673.2,570.9,214.3,832.7,598.1,994.3,1104.9,1331.3,895.5,242.0,597.6,571.0,1239.0,586.6,965.7,1022.1,744.5,392.7,631.4,974.1,1060.4,554.4,339.7,1094.0,833.7,597.6,586.3,461.7,1373.6,555.4,615.2,207.4,1158.6,586.3,887.2,673.2,137.5,376.7,649.3,1205.2,593.9,648.3,389.9,906.4,1095.5,264.3,669.4,1157.0,144.3,651.5,1205.2,589.1,923.6,637.9,1258.8,1124.3,522.0,1245.4,658.5,708.2,513.0,1057.7,297.9,1003.8,1062.6,770.2,266.8,872.3,458.8,246.1,796.3,262.4,639.6,671.3,982.4,242.6,840.9,520.2,739.6,731.7,857.1,482.3,237.8,670.3,375.5,1242.1,640.9,238.4,595.7,796.0,915.3,1115.5,1366.5,302.6,1082.2
23,936.2,343.6,507.0,1325.4,1212.5,1123.4,964.0,479.4,344.2,632.4,572.8,634.3,1032.1,594.2,1223.6,256.8,625.8,128.8,457.6,591.0,552.4,1435.8,748.6,0.0,920.7,146.8,592.5,664.5,406.4,732.6,1344.8,610.8,604.3,1213.6,423.3,715.4,763.5,408.3,664.5,231.7,1223.6,634.2,496.0,1245.8,525.2,1432.0,1420.7,109.9,642.9,758.4,549.2,1137.9,674.5,159.0,1133.0,317.6,907.0,591.0,423.5,1223.8,787.3,139.2,676.6,300.8,418.1,1217.2,604.4,575.5,610.0,354.2,994.2,946.6,272.2,589.6,1397.4,610.8,344.1,357.0,769.3,637.2,572.3,869.2,906.1,610.0,576.1,650.7,1259.5,892.0,502.7,598.0,1044.6,576.1,697.0,202.7,611.1,461.4,322.3,1138.3,895.4,177.8,608.1,716.3,413.0,597.9,127.8,1042.9,700.5,641.3,1091.2,671.9,733.4,167.5,1144.7,430.8,340.7,1005.8,1311.4,1361.1,300.7,647.0,631.4,310.3,771.5,853.0,600.3,1452.3,988.7,579.7,179.2,688.0,312.5,1324.2,691.3,732.8,830.7,402.8,549.4,23.4,929.5,783.9,683.3,343.2,658.1,1128.0,353.6,688.5,483.1,605.9,670.5,1001.5,1121.7,446.0,1221.0
24,1581.8,635.3,450.7,654.6,818.0,729.0,569.5,861.2,1211.9,763.9,629.2,332.9,286.6,779.5,1001.9,756.0,512.7,996.6,691.9,647.4,433.3,765.0,619.2,920.7,0.0,1014.6,769.5,898.7,1274.2,494.7,674.0,938.0,574.0,819.2,842.9,337.7,786.9,827.4,898.7,722.7,1001.9,368.0,576.7,851.3,642.2,761.2,864.6,835.0,970.1,415.4,748.6,743.5,766.7,1026.7,738.5,816.8,161.5,647.4,557.8,553.0,532.0,1007.0,323.0,1168.6,1285.8,822.8,664.9,631.9,355.3,745.3,772.5,568.6,1140.0,823.2,726.6,727.8,805.7,1138.4,861.5,871.5,348.9,585.5,1006.1,355.3,903.3,311.4,865.1,146.6,461.8,481.0,650.1,903.3,501.0,845.3,550.9,480.6,821.5,743.9,25.3,820.4,725.1,445.3,1280.7,654.3,805.0,648.5,586.4,968.5,696.7,906.1,428.2,810.1,750.3,1298.6,595.5,736.9,640.6,690.3,632.1,858.8,687.9,1178.1,863.7,777.3,656.7,854.4,243.2,636.1,960.5,652.4,811.7,653.4,783.5,430.9,1062.3,694.5,464.4,903.8,1029.5,196.9,381.4,842.4,264.0,733.6,815.2,628.4,481.3,520.9,564.6,607.0,900.0,637.7,826.5
25,789.4,379.3,599.2,1417.1,1319.0,1229.9,1070.5,585.9,197.4,738.9,664.4,740.8,1126.0,700.7,1330.1,277.9,717.5,18.0,549.3,682.7,659.0,1527.4,840.3,146.8,1014.6,0.0,699.0,589.6,259.6,839.1,1436.4,525.8,710.9,1320.2,338.3,821.9,855.1,323.4,589.6,338.2,1330.1,727.6,588.2,1352.3,616.9,1523.6,1527.2,216.4,557.9,864.9,655.7,1244.4,781.0,12.2,1239.5,309.9,1000.8,682.7,530.0,1315.5,877.5,7.6,783.1,154.0,271.3,1323.7,710.9,667.2,716.5,269.3,1100.7,1038.3,125.4,696.1,1489.1,702.5,259.2,463.5,875.8,728.9,665.7,975.7,821.1,716.5,491.2,757.2,1366.1,985.9,609.2,690.1,1151.1,491.2,803.6,177.5,702.8,553.6,314.6,1244.8,989.3,202.4,699.8,822.8,266.2,689.5,234.3,1149.4,792.2,556.3,1197.7,763.5,839.9,212.8,1251.3,284.0,447.2,1112.4,1403.0,1452.7,407.2,753.5,723.1,163.5,878.0,944.7,692.0,1558.8,1082.5,671.3,285.7,779.7,304.9,1415.9,797.8,826.2,745.8,320.1,655.9,123.4,844.6,877.7,776.7,265.1,760.2,1234.5,268.6,780.2,589.6,712.4,777.0,1108.0,1228.2,537.7,1327.5
26,1187.4,804.6,733.6,1248.8,910.8,821.7,662.3,113.1,694.9,61.2,912.2,475.6,880.8,187.4,798.7,717.8,795.8,681.0,918.6,930.5,336.2,1240.0,968.4,592.5,769.5,699.0,0.0,1125.5,924.1,315.5,1268.2,1163.0,195.4,911.9,975.5,522.8,1224.4,960.5,1125.5,482.7,798.7,717.2,854.3,944.0,919.8,1243.8,1119.0,580.2,1195.1,441.5,204.3,836.2,151.2,711.2,831.3,778.6,755.7,930.5,318.8,1147.2,881.2,691.4,484.0,738.2,935.8,915.5,104.6,915.0,448.5,906.4,569.2,1162.9,789.9,75.0,1278.4,1005.5,896.3,434.8,245.9,1098.2,696.5,444.3,1377.5,448.5,1128.3,565.8,945.4,740.8,417.7,764.1,635.6,1128.3,437.3,663.7,834.0,763.5,783.2,836.6,744.2,638.8,1002.7,399.3,930.7,937.3,550.2,741.2,923.4,1193.5,789.5,1132.9,416.5,628.5,843.0,608.2,592.1,580.9,1234.8,1284.5,657.2,159.4,970.9,728.8,248.1,1314.0,939.8,1150.6,837.4,919.1,413.3,935.4,773.5,1247.6,168.0,780.1,1382.9,863.8,333.2,575.6,1400.9,632.6,730.6,804.2,616.8,826.3,905.8,911.4,398.2,389.6,245.5,680.9,696.8,915.3,919.3
27,928.8,376.9,483.3,1158.5,1606.1,1517.0,1357.6,1012.5,787.0,1170.8,405.9,853.9,901.3,1093.3,1676.8,499.8,458.9,571.6,206.9,424.1,916.8,1268.9,581.7,664.5,898.7,589.6,1125.5,0.0,684.7,1131.1,1177.9,202.9,1057.5,1607.3,332.4,892.0,562.9,290.2,0.0,722.6,1676.8,561.0,340.2,1639.4,358.3,1265.1,1368.5,642.9,235.0,1156.9,1048.3,1531.5,1173.6,601.7,1526.6,544.0,885.0,424.1,881.2,1056.9,618.9,582.0,877.2,743.6,795.1,1610.8,1103.5,408.6,876.7,348.8,1447.3,746.0,715.0,1122.6,1230.5,444.0,380.7,890.1,1268.4,436.7,549.8,1322.4,498.2,876.7,168.3,740.7,1653.2,870.1,823.2,490.6,1438.2,168.3,1095.5,570.0,444.2,437.8,548.7,1532.0,873.4,564.2,441.2,1114.8,785.7,431.0,660.8,1436.6,533.6,233.4,1484.8,471.3,1131.9,553.8,1538.4,873.6,611.2,1459.0,1144.5,1194.2,546.1,1180.0,464.5,753.1,1270.6,652.4,433.4,1358.3,944.8,412.8,712.2,521.1,538.9,1157.3,1190.4,647.2,422.9,399.7,947.9,647.6,521.6,761.9,610.1,499.2,654.6,1521.6,390.2,521.6,803.6,1004.4,1123.6,1395.1,1574.9,279.1,1568.2
28,611.5,638.9,858.8,1571.2,1578.6,1489.5,1330.1,811.1,229.2,964.0,818.6,1000.4,1314.1,960.3,1589.7,537.5,871.7,277.6,699.9,836.8,918.5,1681.6,994.5,406.4,1274.2,259.6,924.1,684.7,0.0,1098.7,1590.6,523.9,970.5,1579.8,548.6,1081.5,1005.7,506.5,684.7,597.8,1589.7,973.8,752.9,1611.9,771.1,1677.8,1781.3,476.0,449.7,1124.5,915.3,1504.0,1040.6,247.4,1499.1,569.5,1260.4,836.8,789.6,1469.6,1031.7,267.2,1042.7,185.9,110.5,1583.3,970.5,821.3,976.1,528.9,1360.3,1070.4,134.2,921.2,1643.3,856.7,518.8,539.4,1113.1,879.5,925.3,1235.3,652.1,976.1,516.4,1016.8,1625.7,1245.5,868.8,903.4,1410.7,516.4,1063.2,437.1,856.9,813.2,574.2,1504.4,1248.9,462.0,853.9,1082.4,101.1,843.7,493.9,1409.0,946.4,554.4,1457.3,914.1,1099.5,472.3,1510.8,315.9,706.8,1372.0,1557.2,1606.9,666.8,978.6,877.3,195.3,1115.3,911.4,846.2,1771.0,1342.1,825.5,545.3,933.8,564.5,1570.0,1057.4,1060.0,576.7,579.7,915.5,383.0,675.5,1137.3,1022.8,524.7,1019.8,1494.1,528.2,934.4,849.2,972.0,1036.6,1367.6,1487.8,691.9,1587.1
29,1481.6,832.2,688.4,1034.9,595.3,506.2,346.8,407.2,989.1,309.9,867.0,353.8,740.4,325.5,638.0,842.2,750.6,821.1,924.2,885.2,214.4,924.5,922.8,732.6,494.7,839.1,315.5,1131.1,1098.7,0.0,1127.7,1170.4,136.1,596.5,1039.8,401.0,1230.1,1024.9,1131.1,538.0,638.0,671.6,809.0,628.6,874.6,928.3,803.5,635.6,1202.4,126.0,342.3,520.7,312.8,851.3,515.8,903.0,615.3,885.2,309.1,1006.8,835.6,831.6,362.2,993.2,1110.4,600.0,210.9,869.7,326.7,942.2,408.6,1022.4,964.5,369.2,962.9,960.2,1002.6,729.0,407.5,1103.9,651.3,221.7,1383.1,326.7,1135.7,464.5,642.4,600.4,307.9,718.9,427.4,1135.7,121.8,803.8,788.7,718.3,907.7,521.1,520.0,779.0,957.5,83.8,1105.3,892.1,605.6,425.7,878.2,1200.9,474.0,1138.5,101.0,768.6,527.6,902.4,632.7,420.3,1094.3,1144.0,697.8,404.8,925.7,1002.6,409.7,1231.1,894.6,835.1,697.0,873.9,716.4,890.2,897.9,1014.8,329.5,734.5,1390.3,891.4,183.2,715.7,1406.5,510.8,685.0,928.6,547.3,510.8,1012.1,866.2,327.5,203.3,69.9,384.3,536.1,870.1,603.8
30,1865.4,1057.1,917.5,126.6,826.2,843.5,916.3,1359.9,1633.8,1262.6,835.4,831.6,387.3,1278.2,1020.1,1180.1,771.8,1418.4,971.0,853.6,932.0,237.0,691.9,1344.8,674.0,1436.4,1268.2,1177.9,1590.6,1127.7,0.0,1217.1,1072.7,863.2,1185.5,836.4,769.1,1143.3,1177.9,1208.7,1020.1,778.8,885.1,732.6,903.2,233.2,461.2,1280.9,1232.4,1048.4,1247.3,745.6,1265.4,1448.6,731.5,1240.8,512.5,853.6,1056.5,121.0,706.2,1428.9,821.7,1590.5,1701.1,831.0,1163.6,838.1,854.0,1167.2,1249.5,550.8,1561.8,1321.9,198.7,988.8,1227.6,1570.3,1360.2,860.2,842.6,1218.6,988.3,854.0,1182.5,810.1,873.3,527.4,960.5,801.7,1182.0,1182.5,1110.7,1269.3,733.7,937.7,1245.5,680.7,648.7,1244.4,986.1,1078.4,1691.7,860.5,1250.9,812.4,740.5,1247.6,930.4,903.3,1061.2,1234.1,898.7,1720.5,1081.6,1268.7,53.6,34.3,1094.4,1357.5,894.1,1599.9,1362.4,759.5,862.9,326.4,430.8,842.3,1392.4,858.6,1235.7,413.0,1282.2,734.5,1044.5,1116.3,963.1,1327.8,1011.7,695.6,729.8,1266.4,762.7,838.9,1237.1,834.6,980.0,1019.6,1138.9,1138.9,1121.9,898.7,557.7
31,768.0,395.1,522.6,1197.8,1645.4,1556.3,1396.9,1049.9,723.2,1210.1,445.1,893.1,940.6,1132.5,1716.0,448.2,498.2,507.8,246.1,463.4,956.0,1308.1,621.0,610.8,938.0,525.8,1163.0,202.9,523.9,1170.4,1217.1,0.0,1096.8,1646.5,268.6,931.2,602.1,226.5,202.9,761.8,1716.0,600.3,379.5,1678.6,397.6,1304.3,1407.8,680.4,74.2,1196.2,1087.6,1570.8,1212.9,538.0,1565.9,480.2,924.2,463.4,920.4,1096.1,658.2,518.3,916.5,679.9,634.3,1650.1,1142.8,447.9,916.0,285.1,1486.6,755.8,651.2,1160.1,1269.8,483.2,317.0,927.5,1307.7,475.9,589.1,1361.7,337.4,916.0,34.7,780.0,1692.4,909.3,862.5,529.9,1477.5,34.7,1134.8,506.2,483.5,477.0,484.9,1571.2,912.7,531.1,480.5,1154.0,624.9,470.2,698.3,1475.8,572.9,30.5,1524.1,510.5,1171.2,541.4,1577.6,809.9,650.4,1498.3,1183.7,1233.4,585.4,1217.5,503.8,689.3,1309.9,596.7,472.7,1397.6,984.0,452.0,749.7,560.4,475.2,1196.5,1229.7,686.5,262.1,335.9,987.2,587.4,360.8,801.2,649.3,435.5,693.8,1560.9,326.4,560.9,842.9,1043.6,1162.9,1434.4,1614.1,318.4,1607.5
32,1361.5,758.6,614.8,1053.4,731.4,642.3,482.9,287.2,869.0,189.9,793.4,280.2,685.4,205.5,619.3,713.9,677.0,692.8,850.6,811.6,140.8,1060.6,849.2,604.3,574.0,710.9,195.4,1057.5,970.5,136.1,1072.7,1096.8,0.0,732.5,966.2,327.4,1156.5,951.3,1057.5,409.7,619.3,598.0,735.4,764.6,801.0,1064.4,939.6,507.3,1128.8,262.1,222.3,656.8,192.7,723.0,651.9,774.7,560.3,811.6,180.8,951.8,762.0,703.3,288.6,864.9,982.1,736.1,90.9,796.1,253.1,868.6,389.8,967.4,836.2,249.2,1098.9,886.6,895.4,609.0,287.5,1030.3,577.7,264.9,1309.5,253.1,1062.1,390.9,766.0,545.3,234.3,645.3,456.2,1062.1,257.9,675.6,715.1,644.7,779.4,657.2,548.7,650.7,883.9,219.9,977.0,818.5,477.3,561.8,804.6,1127.3,610.1,1064.9,237.1,640.3,663.6,782.4,504.4,401.5,1039.3,1089.0,569.5,284.7,852.1,874.3,289.7,1176.1,821.0,971.2,642.0,800.3,588.2,816.6,769.6,1052.2,209.5,660.9,1316.7,817.8,137.7,587.4,1332.9,437.2,611.4,800.3,473.7,646.9,904.9,792.6,253.9,194.2,66.1,501.5,517.4,796.5,739.9
33,2078.0,1313.2,1159.3,736.6,394.3,94.1,351.2,1003.7,1517.5,906.4,1337.7,834.8,1064.9,922.0,588.1,1323.3,1221.3,1302.2,1400.4,1356.0,695.4,626.2,1327.7,1213.6,819.2,1320.2,911.9,1607.3,1579.8,596.5,863.2,1646.5,732.5,0.0,1520.8,882.0,1465.0,1505.9,1607.3,1019.0,588.1,1076.5,1285.2,219.1,1350.8,630.0,505.2,1116.6,1678.6,517.2,938.8,196.7,909.2,1332.3,210.8,1384.0,939.8,1356.0,790.1,838.2,1240.5,1312.6,843.2,1474.2,1591.4,399.1,807.4,1340.5,807.7,1423.2,751.8,1246.7,1445.6,965.7,664.6,1436.4,1483.7,1325.5,1004.0,1556.1,1057.4,687.3,1684.2,807.7,1611.9,945.5,441.4,924.9,788.9,1189.6,616.9,1611.9,602.8,1284.9,1259.5,1189.1,1388.7,261.6,844.5,1260.0,1433.6,547.1,1586.3,1362.8,1086.6,170.7,1295.0,1677.0,181.0,1599.2,529.9,1249.6,149.3,1498.9,1113.7,703.7,829.8,879.5,1178.8,1001.2,1396.4,1483.6,1006.2,1455.4,1365.3,536.8,1021.5,1344.6,1197.5,1360.9,1378.9,716.5,926.0,1139.5,1740.4,1372.4,664.2,1196.7,1707.6,905.4,1089.9,1409.6,972.5,89.5,1493.1,1336.9,808.5,684.3,666.4,573.8,690.0,1346.3,305.5
34,855.8,207.6,427.5,1166.1,1519.6,1430.6,1271.1,862.4,535.7,1015.4,413.5,798.0,908.9,977.1,1585.4,260.6,466.5,320.3,294.7,431.7,825.4,1276.5,589.3,423.3,842.9,338.3,975.5,332.4,548.6,1039.8,1185.5,268.6,966.2,1520.8,0.0,836.1,600.5,66.2,332.4,581.4,1585.4,555.9,347.8,1552.9,365.9,1272.7,1376.1,492.9,300.7,1065.6,932.2,1445.1,1057.5,350.5,1440.2,292.7,829.1,431.7,789.8,1064.5,626.5,330.7,821.3,492.3,609.6,1524.4,987.4,416.2,820.8,97.6,1356.0,783.7,463.7,972.5,1238.1,451.6,129.5,740.0,1152.3,474.3,494.0,1231.1,563.9,820.8,234.0,684.8,1566.7,814.2,731.9,498.2,1351.7,234.0,1004.2,318.7,451.8,381.9,297.4,1445.5,817.6,343.6,448.8,1023.4,604.5,438.6,510.8,1350.1,541.2,299.1,1398.3,508.9,1040.6,353.9,1451.9,622.3,470.2,1367.7,1152.1,1201.8,430.1,1030.0,472.1,501.8,1154.5,690.1,441.0,1365.9,910.8,420.4,562.1,528.7,287.6,1164.9,1074.3,654.8,488.6,148.4,856.6,399.9,587.4,706.0,605.0,247.9,598.7,1435.2,138.9,529.2,712.3,913.0,1032.3,1308.6,1483.5,286.7,1528.1
35,1575.1,628.5,444.5,817.1,880.9,791.8,632.4,614.6,1019.3,517.3,622.9,106.3,449.1,532.8,946.7,730.8,506.5,803.9,685.1,641.2,186.6,927.5,612.9,715.4,337.7,821.9,522.8,892.0,1081.5,401.0,836.4,931.2,327.4,882.0,836.1,0.0,949.4,820.6,892.0,519.4,946.7,361.7,569.9,914.1,635.4,923.7,1027.1,617.6,963.3,426.8,502.0,806.3,520.1,834.1,801.4,791.6,324.0,641.2,311.2,715.5,525.7,814.3,38.8,975.9,1093.2,885.6,418.3,625.7,108.7,738.5,717.2,731.1,947.3,576.5,889.1,721.1,799.0,894.0,614.9,864.7,342.6,592.3,1143.9,108.7,896.6,154.6,927.9,309.1,215.1,474.8,712.9,896.6,365.4,786.6,544.7,474.3,796.2,806.7,312.4,761.7,718.3,384.6,1088.1,648.0,587.6,711.3,580.2,961.7,759.5,899.3,401.8,751.4,813.1,1067.4,529.0,728.9,803.0,852.7,594.0,612.1,681.6,985.4,617.1,939.8,650.5,1016.9,405.7,629.8,716.1,646.1,786.5,815.9,536.9,424.7,1151.2,687.7,217.8,698.5,1167.4,200.9,375.1,817.2,237.4,796.4,808.4,622.1,234.7,274.2,393.5,669.9,844.8,631.0,889.4
36,1312.8,475.8,582.3,749.7,1428.0,1445.2,1315.5,1111.4,1055.1,1269.7,504.8,944.5,500.3,1192.2,1621.8,598.8,557.9,839.7,356.0,523.0,1015.7,860.1,680.6,763.5,786.9,857.7,1224.4,562.9,1005.7,1230.1,769.1,602.1,1156.5,1465.0,600.5,949.4,0.0,558.4,562.9,821.5,1621.8,660.0,439.1,1334.4,457.3,856.3,959.8,741.8,634.2,1161.4,1147.2,1347.3,1272.6,869.9,1333.3,659.5,625.4,523.0,980.1,648.1,717.9,850.2,934.6,1011.8,1116.1,1432.7,1202.4,507.5,966.9,585.9,1518.5,218.3,983.1,1221.5,821.8,542.9,648.9,989.0,1367.3,126.2,648.8,1331.5,452.9,966.9,567.5,839.7,1475.1,640.3,922.1,589.6,1396.1,567.5,1194.5,688.0,543.1,536.7,664.2,1282.4,761.6,663.1,540.1,1191.3,1106.7,529.9,759.8,1394.5,632.6,632.6,1442.7,169.3,1174.1,652.8,1496.3,1141.8,710.1,1482.8,735.7,785.4,645.0,1279.0,563.5,1021.2,1369.6,349.2,532.4,949.5,543.7,511.7,811.1,620.0,654.4,748.5,1289.4,746.2,509.2,535.0,1046.9,746.5,476.3,808.5,709.0,685.1,753.5,1440.7,658.3,620.6,902.6,1103.3,1222.6,1353.0,1646.0,378.1,1159.5
37,813.6,192.7,412.0,1123.9,1504.7,1415.7,1256.2,847.5,520.7,1000.5,371.3,782.5,866.8,962.2,1570.5,245.7,424.4,305.4,252.6,389.6,810.5,1234.3,547.2,408.3,827.4,323.4,960.5,290.2,506.5,1024.9,1143.3,226.5,951.3,1505.9,66.2,820.6,558.4,0.0,290.2,566.5,1570.5,526.5,305.7,1538.0,323.8,1230.5,1334.0,477.9,258.5,1050.6,917.2,1430.1,1042.6,335.5,1425.2,277.8,813.6,389.6,774.9,1022.3,584.4,315.8,805.9,477.4,594.6,1509.4,972.4,374.1,805.3,82.6,1341.1,741.5,448.8,957.6,1196.0,409.4,114.5,725.1,1137.3,432.2,478.5,1216.1,521.8,805.3,191.8,669.4,1551.8,798.7,716.9,456.1,1336.8,191.8,989.3,303.8,409.6,366.4,282.5,1430.6,802.1,328.6,406.7,1008.5,589.5,396.4,495.9,1335.2,499.1,257.0,1383.4,466.8,1025.6,339.0,1437.0,607.4,455.2,1352.8,1109.9,1159.6,415.2,1015.1,430.0,486.9,1139.6,647.9,398.9,1323.7,895.3,378.2,547.2,486.5,272.7,1122.7,1059.4,612.7,446.4,133.5,841.6,385.0,545.2,690.5,575.5,233.0,583.2,1420.2,124.0,487.1,697.4,898.1,1017.4,1293.7,1468.6,244.6,1513.2
38,928.8,376.9,483.3,1158.5,1606.1,1517.0,1357.6,1012.5,787.0,1170.8,405.9,853.9,901.3,1093.3,1676.8,499.8,458.9,571.6,206.9,424.1,916.8,1268.9,581.7,664.5,898.7,589.6,1125.5,0.0,684.7,1131.1,1177.9,202.9,1057.5,1607.3,332.4,892.0,562.9,290.2,0.0,722.6,1676.8,561.0,340.2,1639.4,358.3,1265.1,1368.5,642.9,235.0,1156.9,1048.3,1531.5,1173.6,601.7,1526.6,544.0,885.0,424.1,881.2,1056.9,618.9,582.0,877.2,743.6,795.1,1610.8,1103.5,408.6,876.7,348.8,1447.3,746.0,715.0,1122.6,1230.5,444.0,380.7,890.1,1268.4,436.7,549.8,1322.4,498.2,876.7,168.3,740.7,1653.2,870.1,823.2,490.6,1438.2,168.3,1095.5,570.0,444.2,437.8,548.7,1532.0,873.4,564.2,441.2,1114.8,785.7,431.0,660.8,1436.6,533.6,233.4,1484.8,471.3,1131.9,553.8,1538.4,873.6,611.2,1459.0,1144.5,1194.2,546.1,1180.0,464.5,753.1,1270.6,652.4,433.4,1358.3,944.8,412.8,712.2,521.1,538.9,1157.3,1190.4,647.2,422.9,399.7,947.9,647.6,521.6,761.9,610.1,499.2,654.6,1521.6,390.2,521.6,803.6,1004.4,1123.6,1395.1,1574.9,279.1,1568.2
39,1127.6,400.6,395.4,1189.4,1017.8,928.8,769.3,542.6,535.6,477.2,513.6,438.3,834.0,399.7,1029.0,320.7,473.5,320.2,515.7,531.8,357.8,1299.7,649.2,231.7,722.7,338.2,482.7,722.6,597.8,538.0,1208.7,761.8,409.7,1019.0,581.4,519.4,821.5,566.5,722.6,0.0,1029.0,436.2,400.5,1051.1,466.0,1296.0,1226.1,133.9,793.9,563.8,354.7,943.3,480.0,350.4,938.4,381.5,708.9,531.8,228.9,1087.8,629.6,330.6,480.6,492.2,609.5,1022.6,409.9,516.3,414.0,510.6,799.5,1004.6,463.6,536.5,1261.4,551.7,502.2,420.2,574.8,695.3,374.2,674.6,974.5,414.0,727.2,454.8,1064.9,694.0,306.7,441.8,849.9,727.2,502.4,302.9,511.7,349.8,386.2,943.7,697.4,278.0,548.9,521.6,604.4,538.7,103.9,848.3,601.1,792.3,896.5,729.9,538.8,267.7,950.1,593.6,190.6,811.2,1175.3,1225.0,176.5,572.0,572.3,501.7,577.0,911.0,541.1,1257.6,790.6,520.5,242.3,613.1,376.4,1188.2,496.8,534.8,981.8,459.8,354.8,214.8,998.0,585.8,485.2,407.1,460.0,933.4,511.7,589.1,287.1,411.2,475.8,806.8,927.1,461.5,1026.3
40,1964.8,1377.8,1234.1,893.4,193.8,568.4,543.9,890.4,1472.3,793.1,1412.7,899.4,1240.0,808.7,0.0,1333.2,1296.2,1312.1,1469.9,1430.9,760.0,783.0,1468.4,1223.6,1001.9,1330.1,798.7,1676.8,1589.7,638.0,1020.1,1716.0,619.3,588.1,1585.4,946.7,1621.8,1570.5,1676.8,1029.0,0.0,1217.2,1354.7,562.1,1420.3,786.8,662.0,1126.5,1748.1,616.1,825.5,403.7,746.0,1342.3,389.6,1393.9,1122.5,1430.9,800.1,995.0,1381.2,1322.5,907.8,1484.1,1601.4,189.1,694.1,1415.4,872.3,1487.9,229.4,1403.6,1455.5,852.4,821.4,1505.9,1514.7,1212.2,803.3,1649.5,1196.9,416.4,1841.0,872.3,1681.4,1010.2,146.8,1107.6,853.6,1264.5,424.4,1681.4,759.8,1294.8,1334.4,1263.9,1398.6,379.7,1027.2,1269.9,1503.1,658.3,1596.3,1437.7,1096.5,440.0,1423.8,1746.5,655.3,1684.1,641.1,1259.6,623.6,1385.6,1123.7,369.7,986.7,1036.4,1188.7,732.7,1471.3,1493.6,805.5,1612.2,1440.2,693.6,1204.2,1419.6,1190.7,1435.8,1388.9,873.3,762.7,1280.2,1897.3,1437.0,757.0,1206.7,1864.4,1056.4,1230.7,1419.6,1092.9,563.8,1524.2,1411.8,873.1,813.5,633.6,469.6,101.9,1415.8,462.3
