,0,1,2,3,4,5,6,7,8,9,10,11,12,13,14,15,16,17,18,19,20,21,22,23,24,25,26,27,28,29,30,31,32,33,34,35,36,37,38,39,40,41,42,43,44,45,46,47,48,49,50,51,52,53,54,55,56,57,58,59,60,61,62,63,64,65,66,67,68,69,70,71,72,73,74,75,76,77,78,79,80,81,82,83,84,85,86,87,88,89,90,91,92,93,94,95,96,97,98,99,100,101,102,103,104,105,106,107,108,109,110,111,112,113,114,115,116,117,118,119,120,121,122,123,124,125,126,127,128,129,130,131,132,133,134,135,136,137,138,139,140,141,142,143,144,145,146,147,148,149,150,151,152
0,0.0,1592.3,1160.1,1490.7,1300.9,1865.4,950.1,991.8,1545.0,1576.5,1197.9,942.3,1733.0,1015.4,763.1,682.3,1125.8,1241.0,1599.7,1802.5,908.4,1073.6,1381.9,919.0,835.8,801.0,1411.6,1779.1,1386.6,1429.5,2049.0,1382.9,1544.9,1128.0,1320.5,1187.2,1674.3,1314.7,2121.4,912.8,1368.5,1169.4,1255.0,711.9,2063.8,1863.4,2010.7,1197.7,1148.1,911.8,1445.3,693.9,930.3,1474.1,1095.6,1423.8,1246.9,904.0,1361.5,1098.4,1197.0,1847.9,1341.7,1127.6,1868.1,1640.0,1988.5,1448.2,1077.8,1160.9,1308.3,1882.3,890.1,1706.2,984.6,834.4,1544.9,1363.4,920.5,1564.0,1211.5,1142.9,1091.6,1263.1,1201.0,1562.6,1290.4,1920.7,1325.1,908.4,2040.1,745.2,1596.5,618.2,1541.2,1199.0,1330.0,2181.0,982.5,955.9,934.6,1458.1,947.3,1784.3,1999.0,1218.4,1492.8,1286.9,1828.4,1339.9,640.2,1367.1,1681.8,957.4,982.7,1098.1,1921.8,2036.6,1415.1,1162.9,1288.8,918.6,943.6,1358.1,1198.2,1908.1,1334.0,905.7,2009.1,1100.1,1588.8,1516.4,1489.0,2087.1,1837.9,923.0,944.5,1503.6,1538.4,1397.3,958.2,962.3,1194.7,1413.0,1312.2,2063.8,938.4,1290.4,1588.4,1939.3,1896.6,999.1,2085.4
1,1592.3,0.0,739.4,126.2,578.0,853.6,719.1,751.5,47.3,564.7,504.6,854.3,506.1,631.8,1110.7,954.1,640.1,663.3,372.8,734.0,834.9,652.9,446.4,831.1,792.1,835.4,743.2,767.4,496.3,171.5,840.3,293.4,47.3,464.2,445.3,584.9,447.4,377.0,912.8,688.2,880.0,864.6,950.2,889.2,963.0,851.6,802.0,510.6,722.5,716.2,205.2,943.9,910.7,142.9,790.9,171.8,577.7,839.3,314.8,553.6,511.4,836.1,721.1,822.9,856.3,422.9,779.9,417.4,960.4,532.7,1003.6,673.6,850.6,694.5,633.4,896.6,47.3,259.3,758.0,37.0,692.8,469.5,666.0,591.5,531.1,38.5,801.9,890.0,515.3,834.9,831.4,855.9,466.3,982.8,59.9,596.8,392.3,972.4,653.8,936.3,666.5,675.4,796.0,772.6,790.4,562.3,252.6,982.1,619.7,278.0,960.8,441.8,670.1,785.9,760.6,793.3,891.0,828.0,186.0,655.7,387.5,824.7,923.9,918.5,556.5,877.4,524.3,743.2,800.5,535.7,500.3,289.5,127.9,878.4,629.2,1115.2,924.8,415.1,549.2,219.6,818.6,781.0,503.1,209.3,458.4,963.0,689.6,801.9,12.7,730.7,884.9,648.1,876.7
2,1160.1,739.4,0.0,719.2,1145.5,1497.4,579.1,611.5,782.1,1208.5,1006.0,838.2,814.9,896.1,1298.0,477.8,1006.5,1121.7,910.9,865.6,694.9,86.5,1013.9,883.9,887.0,359.1,1386.9,1411.2,449.7,628.0,1112.1,446.1,782.2,879.4,791.9,1067.8,897.9,944.5,1184.5,548.3,1295.2,1053.7,1139.3,749.2,1126.9,1495.4,1073.8,825.1,1028.8,847.8,562.4,769.5,1099.8,722.5,979.9,795.0,1127.5,699.4,424.7,572.3,824.4,1479.9,1364.9,1011.9,1500.1,1066.6,1051.6,511.3,1149.5,681.0,1192.6,945.4,710.6,1338.2,476.5,1027.2,782.2,566.2,618.0,702.4,1092.2,913.3,972.3,1143.7,264.1,700.9,1326.7,983.9,388.2,694.9,1103.2,715.9,1110.1,693.8,679.5,1079.7,959.8,1244.2,438.1,1125.3,526.5,1319.1,656.1,1416.4,1062.1,1099.1,609.9,1171.2,891.5,568.5,715.8,1009.3,1313.9,645.9,620.6,982.4,984.9,1099.7,642.4,726.0,352.0,684.7,1113.0,1242.4,1078.8,971.2,397.2,603.2,1072.2,600.8,651.9,933.2,720.8,1150.2,901.0,1304.2,1113.9,566.7,1192.9,645.7,767.7,641.1,702.5,530.1,778.8,1126.9,821.2,1326.7,726.7,1002.4,1507.6,879.7,1148.5
3,1490.7,126.2,719.2,0.0,503.7,865.9,608.8,641.1,150.7,577.0,430.3,765.9,518.4,557.5,1036.4,843.7,565.8,589.0,385.1,713.8,724.5,632.7,372.1,756.7,717.8,725.0,755.5,779.7,476.0,118.2,820.1,273.1,150.7,389.9,319.1,510.6,459.7,302.7,892.5,577.9,892.3,790.3,875.9,778.8,942.8,863.9,781.8,384.3,648.2,641.9,184.9,833.6,836.4,16.6,716.6,152.7,503.4,729.0,294.5,443.6,385.1,848.4,733.4,748.6,868.6,435.2,759.6,397.2,886.1,422.4,929.3,653.4,740.2,706.8,523.0,822.3,150.7,205.9,647.7,149.5,618.5,395.2,591.7,517.2,510.9,148.0,814.2,869.8,495.1,724.5,811.2,745.5,478.6,872.5,126.6,522.5,318.0,952.1,543.4,862.0,556.1,687.7,685.7,784.9,770.1,487.9,232.4,907.8,599.5,224.7,850.5,367.5,682.4,675.6,650.2,719.0,870.8,807.7,132.6,529.4,367.2,714.3,849.6,930.8,482.2,857.1,504.0,632.9,780.2,425.4,480.1,301.8,1.7,858.2,609.0,1040.8,850.5,394.9,561.5,93.4,692.4,670.7,392.8,189.1,332.1,942.8,615.3,814.2,138.9,710.4,897.2,573.8,856.5
4,1300.9,578.0,1145.5,503.7,0.0,615.4,761.8,647.5,530.8,326.5,194.0,668.9,718.3,285.5,782.5,1043.7,238.5,261.7,585.0,1140.3,730.9,1059.0,225.7,645.6,568.6,925.0,505.0,529.2,978.7,594.2,1246.6,775.7,530.7,398.0,431.6,183.3,659.6,201.0,1084.4,731.0,641.8,536.5,622.1,917.1,1369.1,613.4,1208.1,450.9,376.2,530.7,687.5,971.8,582.5,487.1,462.7,409.6,54.1,735.4,797.1,697.6,451.7,597.9,482.9,494.7,618.1,382.3,1186.1,899.8,632.3,596.0,675.4,1079.9,738.8,456.3,705.0,589.6,530.7,665.1,800.7,615.1,291.2,353.9,319.7,37.9,937.3,616.5,563.7,1372.4,921.4,730.9,1155.0,883.8,338.9,1010.7,629.2,195.2,185.7,967.4,743.5,608.1,709.2,437.2,692.1,534.4,1150.9,108.5,735.0,654.0,1026.0,641.6,988.7,190.5,431.9,682.0,656.6,465.2,1373.4,1234.2,579.7,576.9,861.6,720.7,595.8,680.3,102.7,1359.8,930.4,785.9,1206.7,663.8,928.4,501.7,502.1,1188.5,1035.5,787.0,596.7,897.5,256.0,499.8,660.3,677.1,569.8,691.7,444.6,1369.1,504.1,563.7,590.7,1136.9,646.7,301.9,1005.8
5,1865.4,853.6,1497.4,865.9,615.4,0.0,1358.7,1244.4,806.4,288.9,790.9,1265.8,894.9,882.4,1102.2,1640.6,835.4,858.6,761.6,1215.7,1327.8,1410.9,769.7,1242.5,1165.5,1521.9,545.7,127.9,1254.3,929.5,892.8,1051.3,806.3,958.3,991.9,780.2,836.2,745.0,636.3,1327.8,682.6,890.4,807.3,1513.9,921.0,431.6,760.0,1011.2,973.1,1127.6,963.1,1568.7,1179.4,882.6,951.2,810.1,669.5,1332.3,1072.7,1279.7,1012.0,69.5,523.7,919.2,148.7,430.8,958.0,1161.2,847.1,1156.3,845.4,993.2,1335.7,274.4,1301.9,1186.5,806.3,1017.2,1397.6,890.7,888.0,915.7,916.6,653.3,1289.1,892.1,604.4,1132.5,1273.3,1327.8,706.9,1480.6,387.3,1607.6,904.8,792.0,729.8,519.3,1340.3,1205.0,1306.1,477.9,1289.0,352.6,702.8,705.4,1010.6,824.0,916.3,1036.0,1585.6,734.5,250.1,1278.8,1253.5,948.7,1063.0,926.2,943.9,1159.1,1145.4,1317.6,1192.7,721.0,699.6,1119.9,1282.2,1382.8,898.7,1236.2,1105.0,564.1,867.6,740.4,1110.9,942.3,1193.6,1154.5,359.4,959.4,1257.2,1274.0,1130.1,967.3,1004.9,921.0,1101.0,604.4,866.3,914.1,464.9,898.7,557.7
6,950.1,719.1,579.1,608.8,761.8,1358.7,0.0,191.8,759.4,1069.8,624.5,327.2,901.3,476.3,787.0,441.3,586.7,701.9,952.5,1075.3,217.9,492.6,751.4,373.0,376.1,322.6,1057.6,1272.5,757.8,547.6,1198.5,596.9,759.5,463.6,443.3,648.1,984.4,682.0,1271.0,37.3,875.4,633.9,719.5,238.2,1321.2,1356.7,1160.2,409.5,609.0,407.7,563.4,293.0,680.0,592.1,560.2,664.7,707.8,213.5,618.3,216.4,408.7,1341.2,987.7,592.2,1361.4,1002.6,1138.1,720.9,729.7,278.9,772.9,1031.8,199.7,1199.6,102.6,516.2,759.5,481.4,107.1,682.1,672.5,497.4,552.5,724.0,620.0,680.6,906.9,1193.5,696.3,217.9,1189.6,204.9,1046.1,331.9,659.2,659.9,697.2,1330.6,141.0,705.6,52.6,1104.1,236.3,1277.7,1148.6,679.3,610.8,751.5,977.9,458.0,309.9,746.8,1175.2,226.2,200.9,562.6,1194.6,1186.2,533.1,306.2,636.5,228.2,693.3,822.6,659.1,1180.9,705.2,92.3,1158.7,218.1,858.5,869.2,607.1,1236.6,987.4,884.5,694.1,773.3,999.3,515.3,299.6,221.3,312.7,531.1,430.3,1321.2,401.4,906.9,706.4,1088.9,1390.0,460.0,1234.9
7,991.8,751.5,611.5,641.1,647.5,1244.4,191.8,0.0,765.1,955.5,510.3,233.6,933.7,362.1,693.4,473.7,472.4,587.6,838.2,1107.7,83.4,525.0,637.1,279.4,282.4,355.0,943.3,1158.2,790.2,580.0,1230.9,629.3,765.0,349.4,370.7,533.8,912.9,567.7,1303.4,160.9,761.2,519.7,605.3,279.9,1353.6,1242.4,1192.6,295.2,494.7,313.7,595.8,334.7,565.7,624.5,445.9,643.9,593.5,87.8,650.7,248.8,294.5,1226.9,873.4,477.9,1247.1,888.3,1170.5,753.3,615.5,311.3,658.6,1064.2,106.0,1085.3,135.0,422.6,765.0,513.8,230.7,714.5,558.2,383.1,438.3,609.7,652.4,713.0,792.7,1225.9,728.7,83.4,1222.0,246.6,931.8,373.6,691.6,545.7,583.0,1363.0,173.4,591.3,139.1,989.8,44.5,1163.4,1181.0,565.1,643.2,637.2,1010.3,490.4,351.6,632.5,1060.9,34.4,9.1,448.4,1226.9,1218.6,565.5,192.0,668.9,73.2,579.0,708.4,544.8,1213.3,737.6,215.9,1191.1,250.5,890.9,755.0,639.5,1269.0,1019.8,770.2,579.9,805.7,885.0,547.7,206.0,29.5,345.1,563.5,357.6,1353.6,287.1,792.7,738.8,1121.3,1275.7,345.7,1267.3
8,1545.0,47.3,782.1,150.7,530.8,806.4,759.4,765.1,0.0,517.5,457.4,807.1,458.8,584.5,1063.4,994.4,592.9,616.0,325.5,776.7,848.5,695.6,399.2,783.8,744.9,875.7,695.9,720.2,539.0,214.2,883.0,336.1,0.1,417.0,450.5,537.6,400.2,329.8,955.5,728.6,832.8,817.4,903.0,929.5,1005.7,804.4,844.7,469.9,675.2,668.9,247.9,984.3,863.4,167.3,743.6,124.5,530.4,852.9,357.5,594.3,470.6,788.9,673.9,775.6,809.1,375.6,822.6,460.1,913.2,573.1,956.3,716.3,871.1,647.2,673.7,849.3,0.1,302.0,798.3,84.3,645.5,422.2,618.8,544.2,573.9,85.8,754.7,932.7,558.0,848.5,874.1,896.2,419.0,1023.2,107.2,549.5,345.0,1015.1,694.1,889.0,706.8,628.1,809.6,725.4,833.1,515.0,295.3,934.9,662.4,320.8,1001.2,394.6,622.9,799.5,774.2,746.1,933.8,870.7,228.7,657.9,430.2,838.3,876.7,871.2,509.2,920.1,567.0,783.5,843.2,576.0,543.0,242.2,152.3,921.1,672.0,1067.9,877.6,457.9,501.9,244.1,777.9,794.6,543.5,252.0,463.6,1005.7,642.3,754.7,59.9,773.4,837.7,600.9,919.4
9,1576.5,564.7,1208.5,577.0,326.5,288.9,1069.8,955.5,517.5,0.0,502.0,976.9,606.0,593.5,813.3,1351.7,546.5,569.7,472.6,1027.9,1038.9,1122.0,480.8,953.6,876.6,1233.0,256.8,202.7,965.4,640.6,1014.4,762.4,517.4,669.4,703.0,491.3,547.3,456.1,757.9,1038.9,393.6,601.5,518.4,1225.0,1042.6,286.9,881.6,722.3,684.2,838.7,674.2,1279.8,890.5,593.6,662.3,521.2,380.6,1043.3,783.8,990.8,723.1,271.4,234.8,630.3,291.6,141.9,1073.8,872.3,558.2,867.4,556.5,967.5,1046.8,129.8,1013.0,897.6,517.4,728.3,1108.7,601.7,599.1,626.8,627.7,364.4,1000.2,603.2,315.5,1254.0,984.4,1038.9,828.5,1191.7,98.4,1318.7,615.9,503.1,440.9,640.9,1051.4,916.1,1017.2,189.0,1000.1,207.9,824.4,416.5,721.7,535.1,913.7,747.1,1296.7,445.6,105.4,989.9,964.6,659.8,1184.6,1047.8,655.0,870.2,856.5,1028.7,903.8,432.1,410.7,1241.4,993.3,1093.9,1020.3,947.3,816.1,275.2,578.7,862.0,923.2,653.4,904.6,865.6,70.5,670.5,968.3,985.1,841.2,678.4,716.0,1042.6,812.1,315.5,577.4,1024.6,320.2,609.8,679.3
10,1197.9,504.6,1006.0,430.3,194.0,790.9,624.5,510.3,457.4,502.0,0.0,532.2,644.9,182.5,679.5,902.5,135.5,158.7,511.5,1066.9,593.7,919.4,188.5,508.9,465.6,783.8,680.4,704.7,839.4,454.6,1173.2,636.5,457.3,204.0,237.6,80.3,586.2,159.5,1245.6,593.7,674.9,433.4,519.0,780.3,1295.9,788.9,1134.9,256.9,273.2,394.0,548.3,835.1,479.5,413.7,359.7,336.2,140.0,598.1,657.9,523.9,257.7,773.4,658.4,391.7,793.6,557.8,1112.7,760.6,529.2,402.0,572.4,1006.5,602.1,631.8,567.8,486.6,457.3,525.5,663.5,541.7,188.1,159.9,216.7,156.2,797.7,543.1,706.4,1233.1,781.9,593.7,1164.3,747.0,514.4,874.0,555.8,92.1,148.6,1142.9,602.2,505.1,571.9,612.7,554.8,709.9,1123.2,111.5,595.8,551.0,952.6,502.1,852.0,183.9,607.4,544.7,519.4,362.1,1234.2,1160.8,440.2,403.2,722.1,583.4,492.8,622.1,91.3,1220.5,790.8,648.6,1133.3,481.9,843.5,428.3,428.6,1211.3,962.1,684.0,493.7,758.3,431.5,405.7,523.1,539.8,375.8,552.4,250.6,1295.9,367.4,706.4,517.3,1063.5,822.2,198.8,1181.3
11,942.3,854.3,838.2,765.9,668.9,1265.8,327.2,233.6,807.1,976.9,532.2,0.0,995.1,383.4,517.4,615.5,493.8,609.0,861.8,1321.6,150.2,751.7,660.2,103.4,106.5,581.6,964.7,1179.6,1016.9,721.3,1444.9,843.2,807.0,390.1,457.0,555.2,936.4,590.8,1517.3,289.9,782.5,541.0,626.6,305.8,1567.5,1263.8,1406.6,381.6,516.1,138.2,809.7,360.6,420.5,749.3,467.3,685.9,614.9,145.8,864.6,475.5,380.8,1248.3,894.8,499.3,1268.5,911.9,1384.4,967.3,636.8,439.2,680.0,1278.1,127.6,1106.6,361.7,246.7,807.0,727.8,297.6,855.8,579.5,405.0,459.6,631.1,879.1,854.4,814.0,1439.8,955.4,150.2,1435.9,272.5,955.3,399.5,833.0,567.0,606.0,1576.9,400.1,446.1,311.7,1011.2,189.1,1184.8,1394.9,586.4,857.2,658.5,1224.3,704.3,377.5,655.6,1082.3,199.2,224.5,469.7,1440.9,1432.5,706.9,278.3,895.6,160.4,433.7,729.7,566.2,1427.2,964.3,282.8,1405.0,446.4,1104.9,778.5,764.2,1483.0,1233.8,677.4,434.6,1019.7,906.4,672.5,73.5,204.1,472.1,777.4,444.0,1567.5,164.8,814.0,867.0,1335.2,1297.1,367.1,1481.3
12,1733.0,506.1,814.9,518.4,718.3,894.9,901.3,933.7,458.8,606.0,644.9,995.1,0.0,772.5,1251.4,1069.5,780.4,803.5,133.3,459.3,1017.1,728.4,586.7,971.8,932.9,950.8,784.4,808.7,566.3,431.7,565.6,427.6,458.8,623.4,657.0,725.1,120.4,517.3,638.0,870.4,921.3,1005.4,1046.0,1071.4,688.3,892.9,527.3,676.3,863.2,856.9,337.9,1126.1,1051.5,535.0,931.6,462.5,717.9,1021.5,406.2,718.9,677.1,877.4,762.4,963.6,897.6,464.1,505.1,303.6,1085.8,716.3,1084.1,398.9,1032.8,735.7,798.7,1037.3,458.8,424.5,940.2,506.1,833.0,609.7,806.8,731.7,606.6,504.6,843.2,733.4,590.8,1017.1,556.7,1038.1,507.5,1165.0,483.2,737.0,532.5,697.7,819.1,1077.0,848.7,716.6,978.2,813.9,515.6,702.5,349.0,1062.7,345.0,443.3,1143.0,582.1,711.4,968.1,942.8,934.1,734.4,553.3,446.1,864.3,462.9,1006.9,1064.7,959.7,696.7,720.7,599.7,925.4,525.8,719.2,247.4,330.7,520.1,603.7,354.5,1181.0,1065.6,296.9,590.4,526.0,984.3,963.2,686.7,370.2,670.0,688.3,830.3,843.2,518.8,456.0,926.2,788.9,602.0
13,1015.4,631.8,896.1,557.5,285.5,882.4,476.3,362.1,584.5,593.5,182.5,383.4,772.5,0.0,497.0,758.2,110.4,225.6,639.2,1194.5,445.5,809.6,366.5,360.1,283.1,639.5,674.7,796.1,961.7,576.8,1300.8,758.7,584.4,167.5,359.8,171.7,713.8,299.3,1351.3,445.5,492.5,251.0,336.6,631.6,1423.5,880.4,1262.5,247.3,132.7,245.3,670.5,686.3,297.1,540.8,177.2,463.3,231.4,449.9,780.1,454.0,246.5,864.9,604.7,209.2,885.1,649.3,1240.4,882.8,346.8,413.0,389.9,1134.1,453.3,723.2,419.6,304.1,584.4,647.7,515.2,668.8,196.1,182.4,76.2,247.6,919.9,670.3,524.0,1355.4,904.1,445.5,1291.9,598.3,605.8,725.2,683.0,183.6,314.6,1234.3,458.0,322.6,423.7,704.1,406.6,801.4,1250.9,203.0,718.0,368.5,1080.2,624.3,703.2,351.7,698.8,396.5,371.1,179.7,1356.4,1288.5,562.4,326.3,844.3,435.2,310.3,439.7,182.7,1342.8,913.0,500.4,1261.0,420.3,965.7,555.9,555.8,1338.9,1089.7,501.5,311.2,880.5,523.0,528.0,374.9,391.6,445.7,674.7,372.9,1423.5,218.7,524.0,644.4,1191.2,913.6,16.4,1272.8
14,763.1,1110.7,1298.0,1036.4,782.5,1102.2,787.0,693.4,1063.4,813.3,679.5,517.4,1251.4,497.0,0.0,938.0,607.4,722.6,1118.1,1673.4,610.0,1211.5,863.5,494.2,410.9,1041.4,648.5,1016.0,1440.6,1055.7,1779.7,1237.6,1063.3,646.4,838.7,668.8,1192.8,796.3,1571.2,749.7,605.3,410.4,509.0,701.1,1855.9,1100.2,1694.9,726.2,629.7,486.9,1149.4,646.4,366.7,1019.7,484.2,942.3,728.5,605.5,1259.0,933.0,725.4,1084.7,578.5,452.2,1104.9,876.8,1719.3,1361.7,314.6,891.9,562.3,1613.0,587.3,943.1,821.4,270.8,1063.3,1126.7,757.3,1147.7,693.1,661.3,573.2,744.7,1338.9,1149.2,527.2,1834.3,1383.0,610.0,1641.8,732.3,833.4,722.0,1161.9,680.6,811.6,1454.2,859.8,392.3,771.5,694.9,648.8,1021.2,1637.7,700.0,1196.9,540.9,1559.1,1103.2,700.1,848.7,918.7,658.9,684.3,481.7,1835.3,1767.4,1041.3,729.9,1323.2,620.2,380.0,612.1,679.8,1821.7,1391.9,742.5,1739.9,899.2,1444.6,1010.2,1034.7,1675.3,1568.7,159.9,380.9,1359.4,805.4,1006.9,533.3,663.8,924.6,1153.6,851.8,1855.9,513.5,527.2,1123.3,1670.1,1133.5,480.7,1492.6
15,682.3,954.1,477.8,843.7,1043.7,1640.6,441.3,473.7,994.4,1351.7,902.5,615.5,1069.5,758.2,938.0,0.0,868.6,983.8,1165.5,1120.3,506.2,391.3,1025.4,661.2,664.3,118.7,1339.5,1554.4,704.4,782.5,1366.7,700.7,994.4,741.6,702.9,930.0,1152.5,956.0,1439.1,410.4,1157.3,915.8,1001.4,309.7,1381.5,1638.6,1328.4,687.3,890.9,696.0,781.4,291.7,961.9,827.1,842.1,899.6,989.7,501.7,679.3,434.5,686.5,1623.1,1269.6,874.1,1643.3,1276.6,1306.2,765.9,1011.6,543.2,1054.8,1200.0,487.9,1481.5,338.7,804.5,994.4,699.5,480.2,917.1,954.4,775.5,834.5,1005.9,518.7,915.6,1188.8,1238.5,642.8,506.2,1357.8,343.0,1320.1,216.0,894.2,941.8,971.3,1498.8,300.3,987.5,388.6,1386.0,518.2,1559.6,1316.7,961.2,828.9,1033.4,1146.1,676.0,238.0,1020.8,1457.1,508.1,482.8,844.5,1239.5,1354.3,768.1,588.1,606.6,516.4,975.2,1104.5,941.0,1225.9,651.8,465.4,1326.9,463.0,906.5,1143.3,842.0,1404.8,1155.6,1097.9,976.1,821.3,1281.2,750.3,587.9,503.2,564.7,749.2,689.8,1381.5,683.3,1188.8,941.4,1257.1,1671.9,741.9,1403.1
16,1125.8,640.1,1006.5,565.8,238.5,835.4,586.7,472.4,592.9,546.5,135.5,493.8,780.4,110.4,607.4,868.6,0.0,178.6,647.0,1202.3,555.8,920.0,324.0,470.5,393.5,749.9,724.9,749.2,974.9,590.1,1308.7,772.0,592.8,235.9,373.1,124.8,721.7,295.0,1304.4,555.8,602.9,361.4,446.9,741.9,1431.3,833.4,1270.4,315.7,201.1,355.6,683.8,796.7,407.4,549.2,287.6,471.7,184.5,560.3,793.4,522.5,314.9,817.9,702.9,319.6,838.1,602.3,1248.2,896.1,457.2,481.4,500.3,1141.9,563.7,676.2,529.9,414.5,592.8,661.0,625.6,677.1,149.1,250.8,144.6,200.7,933.2,678.6,634.3,1368.6,917.4,555.8,1299.7,708.6,558.9,835.6,691.3,136.6,284.1,1187.4,568.3,433.0,534.1,657.2,517.0,754.4,1258.7,156.0,731.2,478.9,1088.1,637.6,813.6,304.7,651.9,506.9,481.5,290.1,1369.7,1296.3,575.6,401.8,857.6,545.6,420.7,550.1,135.8,1356.0,926.3,610.8,1268.8,488.7,979.0,563.8,564.1,1346.8,1097.6,611.9,421.6,893.8,476.0,541.2,485.2,502.0,511.3,687.9,386.1,1431.3,329.0,634.3,652.8,1199.0,866.7,126.7,1225.8
17,1241.0,663.3,1121.7,589.0,261.7,858.6,701.9,587.6,616.0,569.7,158.7,609.0,803.5,225.6,722.6,983.8,178.6,0.0,670.2,1225.5,671.0,1035.2,347.2,585.7,508.7,865.1,748.1,772.4,998.1,613.3,1331.9,795.2,616.0,351.2,396.3,78.4,744.9,318.2,1327.6,671.1,718.1,476.6,562.2,857.2,1454.5,856.6,1293.5,415.6,316.3,470.8,707.0,911.9,522.6,572.4,402.8,494.9,207.6,675.5,816.6,637.7,416.4,841.1,726.1,434.8,861.3,625.5,1271.4,919.2,572.4,560.6,615.5,1165.1,678.9,699.4,645.1,529.7,616.0,684.2,740.8,700.3,29.5,318.6,259.8,223.8,956.4,701.8,749.6,1391.8,940.5,671.0,1322.9,823.9,582.1,950.8,714.5,66.5,307.3,1210.6,683.6,548.2,649.3,680.3,632.2,777.6,1281.9,179.2,754.4,594.1,1111.3,660.7,928.8,327.9,675.1,622.1,596.7,405.3,1392.9,1319.5,598.8,517.0,880.7,660.8,535.9,665.3,159.0,1379.2,949.5,726.0,1292.0,603.9,1002.1,586.9,587.3,1370.0,1120.8,727.1,536.8,917.0,499.2,564.4,600.4,617.2,534.4,711.1,409.3,1454.5,444.3,749.6,676.0,1222.2,889.9,242.0,1249.0
18,1599.7,372.8,910.9,385.1,585.0,761.6,952.5,838.2,325.5,472.6,511.5,861.8,133.3,639.2,1118.1,1165.5,647.0,670.2,0.0,555.3,921.6,824.4,453.3,838.5,799.6,1046.8,651.1,675.3,662.3,448.6,661.6,523.7,325.4,490.1,523.6,591.8,74.6,384.0,734.1,921.6,787.9,872.1,912.7,1109.9,784.3,759.6,623.3,543.0,729.9,723.6,434.0,1164.7,918.1,401.7,798.3,329.2,584.6,926.1,502.3,814.9,543.8,744.1,629.1,830.3,764.3,330.8,601.2,399.6,952.5,688.0,950.8,494.9,931.7,602.4,894.7,904.0,325.4,520.6,991.4,409.8,699.7,476.4,673.5,598.4,702.6,411.3,709.8,829.4,686.8,921.6,652.7,1076.6,374.2,1203.6,424.0,603.7,399.2,793.7,915.1,943.7,899.9,583.3,882.8,680.5,611.7,569.2,445.0,929.4,441.0,539.4,1181.6,448.8,578.0,872.7,847.3,800.8,830.4,649.3,463.1,731.0,558.9,911.4,931.4,826.4,563.4,816.8,695.7,976.6,621.8,768.0,343.5,197.4,386.7,699.7,450.5,1047.7,932.3,393.0,457.1,478.5,851.0,867.8,661.8,466.2,536.7,784.3,697.0,709.8,385.4,552.0,792.8,655.6,698.0
19,1802.5,734.0,865.6,713.8,1140.3,1215.7,1075.3,1107.7,776.7,1027.9,1066.9,1321.6,459.3,1194.5,1673.4,1120.3,1202.3,1225.5,555.3,0.0,1191.1,779.1,1008.6,1363.2,1324.3,1001.5,1206.4,1197.5,459.2,622.6,630.3,478.4,776.8,1031.8,897.1,1147.1,542.4,939.3,694.0,1044.4,1343.2,1427.4,1468.0,1245.4,524.2,1050.3,583.2,962.3,1285.2,1248.3,528.8,1300.2,1473.4,730.4,1353.6,810.1,1139.9,1195.5,457.0,892.9,963.1,1198.2,1184.4,1385.6,1067.0,886.1,569.8,448.0,1507.8,890.3,1506.1,463.6,1206.8,1157.7,972.7,1459.3,776.8,598.5,1114.2,697.0,1255.0,1031.7,1228.8,1153.7,657.4,695.5,1265.1,381.2,566.9,1191.1,612.6,1212.1,929.5,1339.0,674.1,1159.0,954.5,753.6,993.1,1499.0,1022.7,1138.6,1152.2,1129.3,571.6,1124.5,539.9,1484.7,400.9,617.3,1317.1,1004.1,1133.3,1142.1,1116.8,1356.1,382.2,617.9,637.0,1082.5,513.7,1180.9,1486.7,1381.7,1118.7,368.5,600.5,1099.4,590.5,893.3,413.3,752.7,715.4,659.6,197.3,1603.0,1487.6,449.0,1012.4,716.9,1248.1,1137.2,860.7,561.1,910.1,524.2,1221.7,1265.1,721.3,520.7,1017.0,1210.9,657.9
20,908.4,834.9,694.9,724.5,730.9,1327.8,217.9,83.4,848.5,1038.9,593.7,150.2,1017.1,445.5,610.0,506.2,555.8,671.0,921.6,1191.1,0.0,608.4,720.5,196.0,199.0,438.4,1026.7,1241.6,873.6,663.4,1314.3,712.7,848.4,432.8,454.1,617.2,996.3,651.1,1386.8,180.6,844.6,603.1,688.7,196.5,1437.0,1325.8,1276.0,378.6,578.1,230.7,679.2,251.3,513.0,707.9,529.3,727.3,676.9,4.4,734.1,332.2,377.8,1310.3,956.8,561.3,1330.5,971.7,1253.8,836.7,698.9,394.7,742.0,1147.6,22.6,1168.7,218.4,339.2,848.4,597.2,188.3,797.9,641.6,466.5,521.7,693.1,735.8,796.4,876.1,1309.3,812.1,0.0,1305.4,163.2,1015.2,290.2,775.0,629.1,666.4,1446.4,256.8,538.6,202.4,1073.2,38.9,1246.8,1264.4,648.5,726.6,720.6,1093.7,573.8,268.2,715.9,1144.3,49.0,74.3,531.8,1310.3,1302.0,648.9,275.4,752.3,10.2,526.3,791.8,628.2,1296.7,821.0,173.5,1274.5,333.9,974.3,838.4,722.9,1352.4,1103.2,769.9,527.1,889.1,968.4,631.1,122.6,53.9,428.5,646.9,441.0,1437.0,257.3,876.1,822.2,1204.7,1359.1,429.1,1350.7
21,1073.6,652.9,86.5,632.7,1059.0,1410.9,492.6,525.0,695.6,1122.0,919.4,751.7,728.4,809.6,1211.5,391.3,920.0,1035.2,824.4,779.1,608.4,0.0,927.4,797.4,800.5,272.6,1300.4,1324.7,363.2,541.5,1025.6,359.5,695.7,792.9,705.4,981.3,811.4,858.0,1098.0,461.7,1208.7,967.2,1052.8,662.7,1040.4,1408.9,987.3,738.6,942.2,761.2,475.9,683.0,1013.3,636.0,893.4,708.5,1041.0,612.8,338.1,485.8,737.9,1393.4,1278.4,925.4,1413.6,980.1,965.1,424.8,1063.0,594.5,1106.1,858.9,624.1,1251.7,390.0,940.7,695.7,479.7,531.5,615.9,1005.7,826.8,885.8,1057.2,177.6,614.4,1240.2,897.3,301.7,608.4,1016.7,629.4,1023.6,607.3,593.0,993.2,873.3,1157.7,351.6,1038.8,440.0,1232.6,569.6,1329.9,975.6,1012.6,523.3,1084.7,805.0,482.0,629.3,922.8,1227.4,559.4,534.1,895.9,898.4,1013.2,555.9,639.5,265.5,598.2,1026.5,1155.9,992.3,884.7,310.7,516.7,985.7,514.3,565.4,846.7,634.3,1063.7,814.5,1217.7,1027.4,480.2,1106.4,559.2,681.2,554.5,616.0,443.6,692.3,1040.4,734.7,1240.2,640.2,915.9,1421.1,793.2,1062.0
22,1381.9,446.4,1013.9,372.1,225.7,769.7,751.4,637.1,399.2,480.8,188.5,660.2,586.7,366.5,863.5,1025.4,324.0,347.2,453.3,1008.6,720.5,927.4,0.0,636.9,598.0,906.7,659.2,683.5,847.1,462.5,1115.0,644.1,399.1,289.0,322.5,268.8,528.0,69.4,1187.4,720.5,796.1,617.5,703.1,908.3,1237.7,767.7,1076.7,341.8,457.2,522.0,555.9,963.1,663.6,355.5,543.7,278.0,225.3,724.9,665.5,626.6,342.6,752.2,637.2,575.7,772.4,503.4,1054.5,768.2,713.3,486.9,756.4,948.2,730.1,610.5,694.6,670.6,399.1,533.5,790.3,483.4,376.6,263.9,400.7,239.1,805.7,484.9,718.0,1240.8,789.8,720.5,1106.1,875.0,493.2,1002.0,497.6,280.6,54.1,1121.7,725.1,689.1,698.7,591.4,681.6,688.7,1065.0,209.9,603.4,735.0,894.4,510.0,980.0,36.0,586.2,671.5,646.2,546.2,1241.8,1102.6,448.1,529.9,730.0,710.2,676.8,806.2,204.1,1228.2,798.8,775.5,1075.1,566.8,796.8,370.1,370.4,1153.1,903.9,868.0,677.7,765.9,410.3,368.2,649.9,666.6,460.7,560.1,335.5,1237.7,495.4,718.0,459.1,1005.3,801.0,382.9,1151.4
23,919.0,831.1,883.9,756.7,645.6,1242.5,373.0,279.4,783.8,953.6,508.9,103.4,971.8,360.1,494.2,661.2,470.5,585.7,838.5,1363.2,196.0,797.4,636.9,0.0,83.2,627.4,941.4,1156.3,1062.6,740.6,1469.5,889.0,783.7,366.8,502.8,531.9,913.1,567.5,1542.0,335.7,759.3,517.7,603.3,351.6,1592.2,1240.5,1431.2,400.8,492.8,114.9,834.4,406.4,397.2,740.1,444.0,662.6,591.6,191.5,910.4,521.2,400.1,1225.0,871.5,476.0,1245.2,888.6,1409.0,1013.0,613.6,485.0,656.7,1302.8,173.3,1083.4,407.4,223.4,783.7,773.5,343.3,868.1,556.3,381.7,436.4,607.8,924.8,869.5,790.7,1485.6,1001.1,196.0,1460.6,318.3,932.0,445.2,852.3,543.7,582.8,1594.5,445.8,422.8,357.5,987.9,234.8,1161.5,1419.6,563.1,881.8,635.3,1248.9,750.0,423.2,632.3,1059.0,244.9,270.3,446.5,1486.6,1457.2,726.2,324.0,941.3,206.2,410.4,706.5,542.9,1473.0,1010.1,328.5,1429.7,492.1,1129.5,755.2,755.1,1507.6,1258.4,654.1,411.3,1044.3,883.1,691.8,119.3,249.8,517.9,823.2,489.7,1592.2,141.5,790.7,843.7,1359.9,1273.8,343.8,1505.9
24,835.8,792.1,887.0,717.8,568.6,1165.5,376.1,282.4,744.9,876.6,465.6,106.5,932.9,283.1,410.9,664.3,393.5,508.7,799.6,1324.3,199.0,800.5,598.0,83.2,0.0,630.5,860.8,1079.3,1065.7,701.7,1430.6,883.6,744.8,327.9,484.7,454.9,874.2,528.6,1503.0,338.8,678.6,437.1,522.7,354.7,1553.3,1163.5,1392.3,361.9,415.8,76.0,795.4,409.4,314.0,701.2,363.3,623.7,514.6,194.6,905.1,524.3,361.2,1148.0,790.9,395.3,1168.2,849.7,1370.1,1007.7,532.9,488.1,576.0,1263.9,176.4,1006.3,410.5,140.1,744.8,772.7,346.4,829.2,479.2,342.8,359.3,530.8,927.9,830.6,710.1,1480.3,1004.2,199.0,1421.7,321.4,889.0,448.3,813.4,466.7,543.8,1517.5,448.9,339.5,360.5,907.2,237.9,1084.5,1380.7,486.1,842.9,554.6,1210.0,749.2,426.3,593.4,982.0,248.0,273.4,365.8,1481.3,1418.3,687.3,327.1,944.4,209.3,327.2,625.8,465.9,1467.7,1013.2,331.6,1390.8,495.2,1090.6,716.3,716.2,1468.7,1219.5,570.8,328.1,1005.4,806.1,652.9,122.4,252.9,521.0,799.6,492.8,1553.3,102.6,710.1,804.8,1321.0,1196.8,266.8,1467.0
25,801.0,835.4,359.1,725.0,925.0,1521.9,322.6,355.0,875.7,1233.0,783.8,581.6,950.8,639.5,1041.4,118.7,749.9,865.1,1046.8,1001.5,438.4,272.6,906.7,627.4,630.5,0.0,1220.8,1435.7,585.6,663.8,1248.0,581.9,875.7,622.9,584.2,811.3,1033.8,837.3,1320.4,291.7,1038.6,797.1,882.7,428.4,1262.8,1519.9,1209.7,568.6,772.2,591.2,662.7,410.4,843.2,708.3,723.4,780.9,871.0,442.8,560.5,315.8,567.8,1504.4,1150.9,755.4,1524.6,1157.9,1187.5,647.2,892.9,424.5,936.1,1081.3,454.1,1362.7,220.0,770.6,875.7,580.8,361.5,798.3,835.6,656.8,715.7,887.2,400.0,796.9,1070.1,1119.7,524.1,438.4,1239.1,461.7,1201.4,334.7,775.5,823.1,852.5,1380.1,181.6,868.8,269.9,1267.3,399.5,1440.9,1198.0,842.5,710.2,914.6,1027.4,557.3,356.7,902.1,1338.4,389.4,364.0,725.8,1120.8,1235.6,649.4,469.4,487.9,428.1,856.4,985.8,822.3,1107.1,533.1,346.7,1208.1,344.3,787.8,1024.5,723.3,1286.1,1036.9,1047.7,857.3,702.6,1162.5,631.6,511.1,384.5,446.0,630.4,571.1,1262.8,564.6,1070.1,822.7,1138.3,1553.2,623.2,1284.4
26,1411.6,743.2,1386.9,755.5,505.0,545.7,1057.6,943.3,695.9,256.8,680.4,967.3,784.4,674.7,648.5,1339.5,724.9,748.1,651.1,1206.4,1026.7,1300.4,659.2,944.0,860.8,1220.8,0.0,459.5,1143.8,819.1,1271.2,940.9,695.9,824.1,881.4,669.7,725.8,634.6,1014.7,1026.7,228.8,436.6,353.5,1215.4,1299.4,543.7,1138.4,900.8,807.3,826.5,852.7,1270.2,844.6,772.1,497.4,699.6,559.0,1031.2,962.3,1110.6,901.6,528.2,69.9,465.4,548.4,320.3,1252.3,1050.7,393.3,1045.8,391.7,1146.0,1037.2,386.6,1000.8,851.7,695.9,906.8,1096.5,780.2,777.6,805.3,750.9,542.8,1178.7,781.7,150.7,1480.5,1162.8,1026.7,1085.3,1182.1,276.9,1309.1,794.4,681.6,619.3,897.7,1039.3,870.2,1005.0,138.4,987.9,464.7,1081.2,594.9,900.1,370.2,1092.1,925.6,1287.1,624.1,362.2,977.8,952.4,495.0,1441.4,1300.4,833.5,907.5,1035.0,1016.5,857.9,267.2,589.2,1467.9,1171.8,1081.7,1272.9,1076.8,994.6,453.7,757.2,1118.8,1101.7,488.6,858.8,1044.1,248.9,849.0,956.1,972.9,1019.6,856.8,894.5,1299.4,799.9,150.7,755.9,1203.1,577.0,658.3,936.1
27,1779.1,767.4,1411.2,779.7,529.2,127.9,1272.5,1158.2,720.2,202.7,704.7,1179.6,808.7,796.1,1016.0,1554.4,749.2,772.4,675.3,1197.5,1241.6,1324.7,683.5,1156.3,1079.3,1435.7,459.5,0.0,1168.0,843.3,874.6,965.1,720.1,872.1,905.7,694.0,750.0,658.8,618.2,1241.6,596.3,804.2,721.1,1427.7,902.9,345.4,741.9,925.0,886.9,1041.4,876.9,1482.5,1093.2,796.3,865.0,723.9,583.3,1246.0,986.5,1193.5,925.8,110.4,437.5,833.0,130.6,344.6,939.8,1074.9,760.9,1070.0,759.2,975.0,1249.5,188.2,1215.7,1100.3,720.1,931.0,1311.4,804.4,801.8,829.5,830.4,567.1,1202.9,805.9,518.2,1114.3,1187.1,1241.6,688.8,1394.4,301.1,1521.4,818.6,705.8,643.6,501.2,1254.1,1118.8,1219.9,391.7,1202.8,266.4,684.7,619.2,924.4,737.8,898.2,949.8,1499.4,648.3,163.9,1192.6,1167.3,862.5,1044.9,908.1,857.7,1072.8,1059.2,1231.4,1106.4,634.8,613.4,1101.7,1196.0,1296.6,880.6,1150.0,1018.8,477.9,781.4,722.2,1092.8,856.1,1107.3,1068.3,273.2,873.2,1171.0,1187.7,1043.9,881.1,918.7,902.9,1014.8,518.2,780.1,896.0,378.7,812.5,539.6
28,1386.6,496.3,449.7,476.0,978.7,1254.3,757.8,790.2,539.0,965.4,839.4,1016.9,566.3,961.7,1440.6,704.4,974.9,998.1,662.3,459.2,873.6,363.2,847.1,1062.6,1065.7,585.6,1143.8,1168.0,0.0,384.9,863.5,202.9,539.1,794.1,629.3,919.7,649.4,777.7,936.0,727.0,1280.6,1194.5,1280.1,927.9,720.5,1252.3,825.2,724.6,1052.4,1010.6,319.3,982.7,1240.6,492.7,1120.8,572.4,978.3,878.0,181.5,575.4,725.4,1236.8,1121.8,1152.8,1257.0,823.5,803.1,268.2,1290.3,587.6,1333.5,696.8,889.3,1095.1,655.2,1205.9,539.1,323.0,796.7,459.3,1027.6,804.2,995.9,992.1,241.5,457.8,1202.5,577.4,109.9,873.6,854.6,894.6,866.9,920.3,436.4,931.6,792.9,995.6,664.7,1266.2,705.2,1076.0,834.8,1173.2,813.6,951.0,366.7,1312.0,642.9,341.8,942.3,842.5,1070.7,824.6,799.3,1123.2,578.5,851.2,399.3,779.8,189.4,863.4,1253.8,1319.1,930.7,564.8,143.4,781.9,823.7,575.9,318.8,690.1,477.7,901.6,562.0,1445.1,1254.7,314.9,949.8,479.2,945.4,819.8,558.0,287.0,616.3,720.5,984.0,1202.5,483.6,753.9,1259.0,978.0,899.9
29,1429.5,171.5,628.0,118.2,594.2,929.5,547.6,580.0,214.2,640.6,454.6,721.3,431.7,576.8,1055.7,782.5,590.1,613.3,448.6,622.6,663.4,541.5,462.5,740.6,701.7,663.8,819.1,843.3,384.9,0.0,728.9,181.9,214.3,409.3,274.5,534.8,514.7,393.2,801.3,516.7,955.9,809.7,895.3,717.6,851.6,927.5,690.6,339.8,667.5,625.7,93.7,772.4,855.8,134.9,735.9,217.1,593.8,667.8,203.3,382.5,340.6,912.0,797.0,767.9,932.2,498.7,668.4,306.0,905.5,361.2,948.6,562.2,679.1,770.4,461.8,841.9,214.3,114.3,586.5,134.5,642.7,419.3,611.1,607.6,419.7,133.0,877.8,778.6,403.9,663.4,720.0,684.3,542.2,811.3,111.6,546.7,408.4,861.0,482.2,881.3,494.9,751.3,624.5,848.5,678.9,566.1,141.2,927.2,508.3,133.1,789.3,458.0,746.0,614.4,589.1,738.4,779.6,716.5,14.4,484.9,276.0,653.1,869.0,994.4,545.9,766.0,412.8,571.7,689.0,364.2,388.9,365.4,119.9,767.0,517.8,1060.2,869.9,303.7,625.0,94.3,647.8,609.5,331.6,97.9,287.6,851.6,599.1,877.8,158.9,619.2,960.8,593.2,765.3
30,2049.0,840.3,1112.1,820.1,1246.6,892.8,1198.5,1230.9,883.0,1014.4,1173.2,1444.9,565.6,1300.8,1779.7,1366.7,1308.7,1331.9,661.6,630.3,1314.3,1025.6,1115.0,1469.5,1430.6,1248.0,1271.2,874.6,863.5,728.9,0.0,724.9,883.1,1138.2,1003.4,1253.5,648.7,1045.6,267.2,1167.7,1408.0,1533.7,1532.7,1368.6,518.7,727.4,357.7,1068.7,1391.5,1354.6,635.2,1423.4,1579.8,836.7,1460.0,916.5,1246.2,1318.8,703.5,1016.1,1069.5,875.3,1249.1,1491.9,744.1,992.4,175.7,600.8,1572.6,1013.5,1570.9,210.9,1330.0,884.6,1095.9,1565.7,883.1,721.8,1237.4,803.3,1361.3,1138.1,1335.1,1260.1,903.8,801.8,1329.9,730.1,888.0,1314.3,230.2,1335.3,1035.9,1462.3,780.4,1265.3,1060.9,430.7,1116.3,1605.3,1145.9,1203.4,1275.5,806.5,269.0,1230.8,646.2,1549.4,343.0,740.6,1440.3,1110.4,909.0,1265.3,1240.0,1462.4,660.7,143.9,743.3,1205.7,760.1,1304.1,1593.0,1446.5,1225.0,717.5,897.0,1222.6,116.4,1016.5,544.7,859.0,821.8,152.4,525.6,1667.8,1593.9,594.2,1084.8,823.2,1371.3,1260.5,983.9,667.5,1016.5,518.7,1328.0,1329.9,827.7,131.8,694.2,1317.2,335.1
31,1382.9,293.4,446.1,273.1,775.7,1051.3,596.9,629.3,336.1,762.4,636.5,843.2,427.6,758.7,1237.6,700.7,772.0,795.2,523.7,478.4,712.7,359.5,644.1,889.0,883.6,581.9,940.9,965.1,202.9,181.9,724.9,0.0,336.1,591.2,453.6,716.8,510.7,574.7,797.3,566.0,1077.7,991.6,1077.2,766.9,739.7,1049.3,686.6,521.7,849.4,807.7,116.3,821.7,1037.7,289.8,917.9,369.5,775.4,717.1,21.4,414.5,522.5,1033.8,918.8,949.8,1054.0,620.6,664.4,124.1,1087.4,411.8,1130.5,558.2,728.4,892.2,494.3,1023.8,336.1,120.1,635.8,256.3,824.7,601.3,793.0,789.2,237.8,254.9,999.6,596.6,222.0,712.7,716.0,733.7,664.0,860.6,233.5,728.6,590.0,856.9,514.7,1063.2,544.2,873.1,673.8,970.3,674.9,748.0,163.8,1109.1,504.3,138.9,838.6,639.5,867.8,663.7,638.4,920.3,597.7,712.5,196.4,604.1,94.1,702.4,1050.9,1116.2,727.8,584.0,230.9,621.0,685.0,414.8,264.7,487.2,274.8,763.0,513.8,1242.1,1051.8,179.5,746.9,276.3,769.7,658.8,382.2,84.1,440.5,739.7,781.1,999.6,280.7,615.2,1082.6,775.1,761.3
32,1544.9,47.3,782.2,150.7,530.7,806.3,759.5,765.0,0.1,517.4,457.3,807.0,458.8,584.4,1063.3,994.4,592.8,616.0,325.4,776.8,848.4,695.7,399.1,783.7,744.8,875.7,695.9,720.1,539.1,214.3,883.1,336.1,0.0,416.9,450.4,537.6,400.1,329.7,955.5,728.6,832.7,817.3,902.9,929.6,1005.8,804.3,844.8,469.8,675.1,668.8,247.9,984.3,863.4,167.4,743.6,124.5,530.3,852.9,357.5,594.4,470.6,788.8,673.8,775.5,809.0,375.5,822.6,460.2,913.1,573.1,956.2,716.4,871.1,647.2,673.8,849.3,0.0,302.0,798.4,84.4,645.4,422.2,618.7,544.2,573.9,85.8,754.6,932.8,558.1,848.4,874.2,896.3,419.0,1023.2,107.2,549.4,345.0,1015.2,694.2,888.9,706.9,628.1,809.6,725.3,833.1,514.9,295.4,934.8,662.5,320.8,1001.2,394.5,622.8,799.4,774.1,746.0,933.8,870.8,228.7,657.8,430.2,838.2,876.6,871.2,509.2,920.2,567.0,783.6,843.3,576.1,543.1,242.2,152.4,921.2,672.0,1067.8,877.5,457.9,501.8,244.1,777.8,794.6,543.5,252.1,463.5,1005.8,642.2,754.6,60.0,773.5,837.6,600.8,919.5
33,1128.0,464.2,879.4,389.9,398.0,958.3,463.6,349.4,417.0,669.4,204.0,390.1,623.4,167.5,646.4,741.6,235.9,351.2,490.1,1031.8,432.8,792.9,289.0,366.8,327.9,622.9,824.1,872.1,794.1,409.3,1138.2,591.2,416.9,0.0,192.3,284.3,564.8,219.6,1210.6,432.8,641.9,400.4,486.0,629.3,1260.8,956.3,1099.8,140.1,258.2,251.9,503.0,684.0,446.5,373.3,326.7,295.8,344.0,437.2,612.6,363.0,139.3,940.8,754.2,358.6,961.0,540.2,1077.7,715.3,496.2,301.7,539.3,971.4,455.4,799.2,406.8,432.4,416.9,480.2,502.5,501.3,321.7,94.2,201.8,360.2,752.4,502.7,673.4,1187.8,736.6,432.8,1129.2,596.0,583.6,722.9,515.4,296.2,234.8,1270.2,441.3,472.0,411.0,780.1,393.9,877.3,1088.2,315.6,550.5,517.9,917.6,456.8,700.9,284.4,774.8,383.8,358.4,329.1,1188.9,1125.8,394.8,242.3,676.8,422.5,459.7,589.1,295.3,1175.2,745.5,487.7,1098.3,313.3,798.2,406.8,388.2,1176.3,927.1,650.9,460.6,713.0,599.0,360.4,362.1,378.9,279.7,507.1,205.3,1260.8,225.3,673.4,476.9,1028.5,989.6,183.9,1174.6
34,1320.5,445.3,791.9,319.1,431.6,991.9,443.3,370.8,450.5,703.0,237.6,457.1,657.0,359.8,838.7,702.9,373.1,396.3,523.6,897.1,454.2,705.4,322.5,502.9,484.7,584.2,881.4,905.7,629.3,274.5,1003.4,453.6,450.4,192.3,0.0,317.8,598.3,253.1,1075.8,412.5,834.2,592.7,678.3,613.4,1126.1,989.9,965.1,122.8,450.5,408.7,368.2,668.2,638.7,302.4,518.9,329.3,377.5,458.6,475.0,304.1,123.6,974.4,859.4,550.9,994.6,573.7,942.9,577.6,688.5,164.4,731.6,836.7,476.8,832.7,382.2,624.9,450.4,338.1,482.2,409.0,425.7,202.3,394.1,393.7,583.6,407.5,865.7,1050.2,567.8,454.2,994.5,580.1,617.2,707.1,386.1,329.7,268.4,1135.5,402.6,664.3,390.7,813.6,415.3,910.9,953.4,349.1,415.7,710.2,782.8,314.6,685.1,317.9,808.4,405.2,379.9,521.4,1051.2,991.0,260.1,218.0,508.0,444.0,652.0,781.4,328.9,1037.6,576.7,467.4,963.5,244.4,663.4,440.4,317.4,1041.5,792.3,843.2,652.9,578.2,632.5,225.7,383.6,400.3,138.2,372.4,13.0,1126.1,382.1,865.7,433.4,893.7,1023.2,376.2,1039.8
35,1187.2,584.9,1067.8,510.6,183.3,780.2,648.1,533.8,537.6,491.3,80.3,555.2,725.1,171.7,668.8,930.0,124.8,78.4,591.8,1147.1,617.2,981.3,268.8,531.9,454.9,811.3,669.7,694.0,919.7,534.8,1253.5,716.8,537.6,284.3,317.8,0.0,666.5,239.8,1249.1,617.2,664.2,422.7,508.3,803.3,1376.1,778.2,1215.1,337.2,262.4,417.0,628.6,858.1,468.8,494.0,349.0,416.5,129.2,621.6,738.2,583.8,338.0,762.7,647.7,381.0,782.9,547.1,1193.0,840.8,518.5,482.2,561.7,1086.7,625.1,621.0,591.3,475.9,537.6,605.8,687.0,621.9,107.9,240.2,206.0,145.4,878.0,623.4,695.7,1313.4,862.1,617.2,1244.5,770.0,503.6,897.0,636.1,11.9,228.8,1132.2,629.7,494.4,595.4,601.9,578.3,699.2,1203.5,100.8,676.0,540.2,1032.8,582.3,875.0,249.5,596.7,568.2,542.9,351.4,1314.4,1241.1,520.4,463.1,802.3,607.0,482.0,611.4,80.6,1300.8,871.1,672.2,1213.6,550.1,923.7,508.5,508.9,1291.6,1042.4,673.2,482.9,838.6,420.8,486.0,546.6,563.3,456.0,632.7,330.9,1376.1,390.4,695.7,597.6,1143.8,811.5,188.1,1170.6
36,1674.3,447.4,897.9,459.7,659.6,836.2,984.4,912.9,400.2,547.3,586.2,936.4,120.4,713.8,1192.8,1152.5,721.7,744.9,74.6,542.4,996.3,811.4,528.0,913.1,874.2,1033.8,725.8,750.0,649.4,514.7,648.7,510.7,400.1,564.8,598.3,666.5,0.0,458.6,721.1,953.5,862.6,946.7,987.3,1154.4,771.4,834.2,610.4,617.7,804.5,798.3,421.0,1209.2,992.8,476.3,873.0,403.9,659.2,1000.7,489.3,802.0,618.4,818.7,703.7,904.9,838.9,405.4,588.2,386.7,1027.1,762.7,1025.5,482.0,1006.3,677.1,881.8,978.7,400.1,507.6,1023.3,484.4,774.3,551.1,748.1,673.1,689.7,485.9,784.5,816.4,673.8,996.3,639.8,1121.1,448.9,1248.1,498.6,678.3,473.9,780.7,902.2,1018.4,931.7,658.0,957.4,755.2,598.7,643.8,432.1,1004.0,428.1,526.4,1226.1,523.4,652.7,947.3,922.0,875.4,817.5,636.3,529.2,805.7,546.0,986.0,1006.0,901.1,638.1,803.8,682.8,1008.5,608.8,802.3,330.5,272.1,461.4,686.8,437.6,1122.4,1006.9,380.0,531.7,553.1,925.7,942.4,736.5,453.3,611.3,771.4,771.7,784.5,460.1,539.0,867.5,730.2,685.1
37,1314.7,377.0,944.5,302.7,201.0,745.0,682.0,567.7,329.8,456.1,159.5,590.8,517.3,299.3,796.3,956.0,295.0,318.2,384.0,939.3,651.1,858.0,69.4,567.5,528.6,837.3,634.6,658.8,777.7,393.2,1045.6,574.7,329.7,219.6,253.1,239.8,458.6,0.0,1118.0,651.1,771.4,550.3,635.9,838.9,1168.3,743.0,1007.3,272.5,390.0,452.6,486.5,893.7,596.4,286.1,476.5,208.6,200.6,655.5,596.1,557.2,273.2,727.5,612.5,508.5,747.7,434.0,985.1,698.8,646.1,417.5,689.2,878.9,660.7,585.9,625.2,603.4,329.7,464.1,720.9,414.1,347.7,194.5,333.5,214.5,736.3,415.5,693.3,1171.4,720.4,651.1,1036.7,805.6,468.5,932.6,428.2,251.7,15.3,1097.0,655.7,621.9,629.3,566.8,612.2,664.0,995.6,185.2,534.0,667.8,825.0,440.6,910.6,64.8,561.5,602.1,576.8,479.0,1172.4,1033.2,378.7,460.5,660.6,640.9,609.6,739.0,179.5,1158.8,729.4,706.1,1005.7,497.5,727.4,300.7,301.1,1083.7,834.5,800.8,610.5,696.5,385.6,298.8,580.5,597.2,391.3,490.7,266.2,1168.3,426.0,693.3,389.7,935.9,776.3,315.7,1082.0
38,2121.4,912.8,1184.5,892.5,1084.4,636.3,1271.0,1303.4,955.5,757.9,1245.6,1517.3,638.0,1351.3,1571.2,1439.1,1304.4,1327.6,734.1,694.0,1386.8,1098.0,1187.4,1542.0,1503.0,1320.4,1014.7,618.2,936.0,801.3,267.2,797.3,955.5,1210.6,1075.8,1249.1,721.1,1118.0,0.0,1240.1,1151.5,1359.4,1276.3,1441.0,402.8,471.0,241.8,1141.1,1442.0,1427.1,707.6,1495.8,1648.4,909.1,1420.2,988.9,1138.5,1391.2,775.9,1088.6,1141.9,618.8,992.7,1388.2,487.6,899.7,332.4,673.3,1316.1,1085.9,1314.4,367.6,1402.5,628.1,1168.4,1638.1,955.5,794.2,1309.9,875.7,1357.0,1210.5,1385.6,1122.3,976.3,874.3,1073.4,614.3,960.4,1386.8,47.5,1407.7,856.3,1534.7,852.9,1261.0,1133.3,174.3,1188.8,1674.0,1218.3,946.9,1347.9,550.0,184.6,1174.4,718.7,1293.0,394.6,813.0,1512.7,1182.8,652.5,1337.8,1312.4,1417.7,544.8,300.6,815.7,1278.2,832.6,1376.5,1661.6,1190.0,1168.6,601.7,969.4,1295.1,273.2,1088.9,617.1,931.5,894.2,114.8,589.2,1411.3,1662.5,666.6,828.4,895.7,1443.8,1332.9,1056.3,739.9,1088.9,402.8,1400.5,1073.4,900.1,288.6,437.7,1367.7,78.6
39,912.8,688.2,548.3,577.9,731.0,1327.8,37.3,160.9,728.6,1038.9,593.7,289.9,870.4,445.5,749.7,410.4,555.8,671.1,921.6,1044.4,180.6,461.7,720.5,335.7,338.8,291.7,1026.7,1241.6,727.0,516.7,1167.7,566.0,728.6,432.8,412.5,617.2,953.5,651.1,1240.1,0.0,844.6,603.1,688.7,200.9,1290.3,1325.8,1129.3,378.6,578.1,370.4,532.5,255.7,649.1,561.3,529.3,633.8,676.9,176.2,587.4,185.5,377.9,1310.3,956.8,561.3,1330.5,971.7,1107.2,690.1,698.9,248.1,742.0,1000.9,162.4,1168.7,71.7,478.9,728.6,450.5,69.8,651.2,641.6,466.5,521.7,693.1,589.2,649.7,876.1,1162.6,665.4,180.6,1158.7,167.6,1015.2,294.6,628.3,629.1,666.4,1299.7,110.1,674.7,21.8,1073.2,205.4,1246.8,1117.7,648.5,579.9,720.6,947.1,427.1,272.6,715.9,1144.3,195.3,170.0,531.8,1163.7,1155.3,502.3,275.4,605.6,190.9,662.4,791.8,628.2,1150.0,674.4,55.0,1127.8,187.3,827.7,838.4,576.2,1205.8,956.6,853.6,663.3,742.5,968.4,484.5,262.3,190.4,281.9,500.2,399.4,1290.3,370.5,876.1,675.6,1058.0,1359.1,429.1,1204.1
40,1368.5,880.0,1295.2,892.3,641.8,682.6,875.4,761.2,832.8,393.6,674.9,785.1,921.3,492.5,605.3,1157.3,602.9,718.1,787.9,1343.2,844.6,1208.7,796.1,761.8,678.6,1038.6,228.8,596.3,1280.6,955.9,1408.0,1077.7,832.7,641.9,834.2,664.2,862.6,771.4,1151.5,844.6,0.0,254.5,171.3,1033.3,1436.2,680.6,1275.2,721.6,625.2,644.4,989.5,1088.0,662.5,908.9,315.3,836.5,695.9,849.0,1099.1,928.4,720.9,665.1,158.9,283.3,685.3,457.2,1389.1,1187.6,350.3,887.4,209.5,1282.8,855.0,523.4,818.7,669.5,832.7,1043.6,914.4,917.0,688.6,656.8,568.7,679.7,1315.5,918.5,78.1,1617.3,1299.7,844.6,1222.1,1000.0,413.7,1126.9,931.2,676.1,756.2,1034.5,857.1,688.0,822.8,275.3,805.7,601.5,1218.0,695.5,1037.0,188.0,1229.0,1062.4,1104.9,760.9,499.0,795.6,770.3,312.8,1578.3,1437.2,970.3,725.4,1171.8,834.3,675.7,85.1,675.2,1604.7,1308.6,899.5,1409.7,894.7,1131.4,590.5,894.0,1255.6,1238.5,445.4,676.6,1180.9,385.8,985.8,774.0,790.7,920.1,993.7,847.2,1436.2,617.8,78.1,892.7,1339.9,713.8,476.1,1072.9
