,0,1,2,3,4,5,6,7,8,9,10,11,12,13,14,15,16,17,18,19,20,21,22,23,24,25,26,27,28,29,30,31,32,33,34,35,36,37,38,39,40,41,42,43,44,45,46,47,48,49,50,51,52,53,54,55,56,57,58,59,60,61,62,63,64,65,66,67,68,69,70,71,72,73,74,75,76,77,78,79,80,81,82,83,84,85,86,87,88,89,90,91,92,93,94,95,96,97,98,99,100,101,102,103,104,105,106,107,108,109,110,111,112,113,114,115,116,117,118,119,120,121,122,123,124,125,126,127,128,129,130,131,132,133,134,135,136,137,138,139,140,141,142,143,144,145,146,147,148,149,150,151,152
0,0.0,924.0,982.4,1103.8,1109.7,840.4,1303.9,663.6,1107.5,791.2,860.3,680.0,963.8,1474.4,985.5,1008.4,844.5,659.7,797.8,1042.8,537.8,561.7,1454.8,868.8,1010.6,874.3,694.9,813.8,1495.3,1351.9,1534.4,1052.9,929.6,1019.5,1341.7,967.2,1514.4,1095.5,629.9,890.8,938.7,1171.6,557.8,1487.4,1004.3,1062.5,937.1,904.6,921.7,760.7,546.3,889.1,793.2,947.0,984.6,1119.1,678.3,712.8,773.7,1074.3,702.2,1431.0,803.2,1312.9,1200.5,994.5,1036.0,1095.5,773.3,965.2,863.8,1317.7,1122.1,748.7,686.2,1356.6,448.3,1535.8,821.8,1396.4,989.2,810.9,673.6,1042.4,1324.4,972.7,891.9,1455.0,825.6,1430.9,865.4,763.9,803.2,751.9,450.7,1062.5,1472.6,1097.8,901.2,1133.0,955.9,1314.2,882.5,452.8,1015.8,939.2,883.0,833.2,1461.6,814.4,736.3,420.5,871.7,673.7,894.2,840.2,681.5,1116.6,1142.9,1258.9,1349.1,964.1,771.7,977.4,441.7,1068.2,485.4,891.9,549.4,1008.2,1479.2,540.4,1527.0,473.6,792.6,834.5,1181.4,680.2,794.0,680.5,607.8,1346.5,1102.4,690.4,639.2,891.0,1105.6,1557.0,722.2,725.5,1066.3,721.3,1513.9
1,924.0,0.0,334.3,233.2,517.8,132.0,570.7,386.1,365.7,291.4,552.6,479.4,554.4,741.2,367.3,561.2,284.1,382.2,170.3,351.8,558.4,534.5,721.6,160.4,263.7,225.9,390.4,341.6,762.1,618.7,801.2,321.1,457.4,354.5,622.2,89.5,781.2,293.5,331.8,169.2,169.1,606.9,538.4,701.2,532.1,296.3,464.9,183.0,2.3,163.3,459.3,138.2,221.0,419.1,456.7,308.5,411.3,387.9,385.2,218.2,520.4,697.8,331.0,579.7,414.3,247.6,421.4,467.0,201.1,493.0,271.9,767.3,335.9,411.0,466.7,570.4,706.6,802.6,194.3,663.2,569.1,186.5,430.1,164.7,591.2,552.6,71.5,721.8,201.2,697.7,557.7,689.0,331.0,279.7,708.7,296.3,922.2,295.8,534.2,255.0,483.7,581.0,539.4,643.4,358.2,206.5,82.9,194.1,728.4,190.0,224.4,675.7,164.3,288.0,471.9,382.4,414.5,238.9,264.9,472.7,562.9,520.2,275.2,568.0,654.5,449.8,727.3,71.5,546.8,216.5,746.0,538.0,793.8,715.5,320.4,362.3,317.3,542.4,333.7,420.2,399.0,613.3,360.6,423.4,322.5,293.3,363.8,770.8,500.4,359.8,566.4,202.7,780.7
2,982.4,334.3,0.0,135.8,226.4,418.7,334.0,555.8,535.2,414.0,278.7,317.8,723.9,504.5,110.8,230.4,164.4,551.9,370.7,60.4,444.6,420.7,484.9,447.1,100.9,512.6,466.7,602.7,525.4,382.0,564.5,70.5,718.5,37.1,385.5,262.0,544.5,125.2,528.7,469.1,477.6,290.4,424.6,700.1,793.2,92.2,726.0,482.9,336.6,437.4,720.4,271.6,495.1,162.6,200.2,148.8,672.4,372.2,461.5,147.3,781.5,461.1,592.1,343.0,583.8,104.1,590.9,175.6,475.2,754.1,138.6,436.5,505.4,487.3,345.4,739.9,592.8,565.9,346.8,426.5,295.2,473.2,308.8,204.3,354.5,278.7,319.5,485.1,487.9,461.0,283.8,415.1,592.1,540.8,547.1,92.2,591.4,127.5,703.7,361.2,744.8,344.3,265.5,529.6,33.4,515.0,281.0,334.8,491.7,476.7,448.8,561.9,286.9,484.9,198.0,643.5,675.6,215.3,371.1,642.2,732.4,246.3,430.1,737.5,540.7,619.3,613.5,319.5,433.0,117.8,509.3,799.1,557.1,601.7,581.5,623.4,423.5,803.5,214.3,404.5,633.6,376.6,530.1,684.5,519.4,105.1,533.3,615.0,761.5,436.1,235.6,476.8,544.0
3,1103.8,233.2,135.8,0.0,288.9,365.2,396.5,560.7,403.7,424.6,380.6,451.3,592.4,567.0,246.4,332.3,284.8,556.8,331.3,122.9,566.0,542.1,547.4,393.6,95.5,459.1,523.6,552.9,587.9,444.5,627.0,92.2,668.7,125.6,448.0,143.7,607.0,64.6,506.4,376.6,376.5,392.3,546.0,739.2,670.2,67.4,676.2,390.4,235.5,387.6,670.6,282.2,445.3,298.2,335.8,88.2,622.6,493.6,518.4,29.5,731.7,523.6,542.3,405.5,452.3,111.6,459.4,238.1,425.4,698.3,259.0,538.4,373.9,544.2,466.8,608.4,714.2,628.4,355.3,489.0,397.1,419.7,430.2,68.5,417.0,380.6,219.3,547.6,434.4,523.5,385.7,517.0,542.3,491.0,680.6,67.4,693.3,66.9,572.2,229.7,689.0,406.8,367.4,651.0,129.3,413.9,243.9,345.4,554.2,423.2,399.0,683.3,297.5,462.6,299.9,593.7,625.8,98.1,239.6,510.7,600.9,348.2,440.7,606.0,662.1,487.8,734.9,219.3,554.4,95.6,571.8,749.3,619.6,723.1,531.7,573.6,292.0,753.7,334.7,525.9,585.9,439.1,398.6,634.7,497.1,225.5,401.8,677.5,711.7,493.0,337.5,427.0,606.5
4,1109.7,517.8,226.4,288.9,0.0,602.5,254.9,766.8,646.8,597.8,296.2,544.2,835.5,425.4,281.5,211.7,390.8,762.9,554.5,166.0,671.0,647.1,405.8,630.9,254.4,696.4,693.1,786.5,446.3,302.9,485.4,196.7,902.3,189.3,306.4,428.3,465.4,254.5,712.5,652.9,661.1,125.4,651.0,621.0,913.3,221.5,909.8,666.7,520.1,621.2,904.2,455.4,678.9,229.7,267.3,278.1,856.2,598.6,687.9,300.4,965.3,382.0,775.9,263.9,695.4,270.5,702.5,50.8,659.0,937.9,365.0,316.2,617.0,713.7,571.8,736.3,819.2,486.8,530.6,347.4,312.7,657.0,535.2,355.5,275.4,296.2,503.3,406.0,671.7,381.9,301.3,432.6,775.9,724.6,659.0,221.5,471.1,256.8,815.3,472.8,928.6,265.2,283.0,756.0,193.0,698.5,464.8,518.6,412.6,660.5,632.6,745.0,470.7,668.7,215.5,827.3,859.4,344.6,386.1,753.8,759.3,263.8,613.9,849.1,766.2,730.9,839.9,503.3,659.4,301.6,430.2,982.9,478.0,828.1,765.3,807.2,535.1,987.3,440.7,630.9,817.4,297.5,641.7,868.3,703.2,331.5,644.9,535.9,945.3,662.5,216.9,660.6,464.9
5,840.4,132.0,418.7,365.2,602.5,0.0,702.7,368.6,332.9,277.2,637.0,470.9,480.1,873.2,451.7,645.9,338.9,364.7,179.4,436.5,540.9,517.0,853.6,45.8,348.1,111.3,376.2,258.0,894.1,750.7,857.7,405.8,373.8,439.2,754.2,221.5,890.9,425.5,314.3,50.4,98.3,705.9,520.9,668.4,448.5,400.0,381.3,64.2,129.7,104.9,375.7,193.0,137.4,503.5,541.1,440.5,327.7,373.7,371.0,350.2,436.8,829.8,247.4,711.7,381.5,332.0,388.6,551.7,117.5,409.4,326.7,852.0,303.1,396.8,452.5,537.6,623.4,900.8,203.4,795.2,653.5,71.9,415.9,296.7,723.2,637.0,146.0,853.8,86.6,829.7,642.1,681.1,247.4,196.1,700.2,400.0,1006.9,427.8,501.4,387.0,400.1,713.0,623.8,625.9,442.9,98.8,137.7,214.8,860.4,75.4,153.5,658.2,219.1,270.5,556.3,298.8,330.9,370.9,396.9,439.9,530.1,604.6,257.7,493.7,637.0,417.0,660.5,146.0,529.3,333.7,878.0,454.4,878.3,648.7,236.8,278.7,356.8,458.8,379.8,406.0,315.4,745.3,327.8,339.8,305.0,348.1,331.0,738.0,416.8,345.6,651.1,119.1,809.0
6,1303.9,570.7,334.0,396.5,254.9,702.7,0.0,874.4,646.1,705.4,490.4,651.8,834.8,201.0,444.8,438.0,498.4,870.5,662.1,273.6,778.6,754.7,246.8,731.1,362.0,796.6,800.7,890.7,224.5,143.9,326.4,304.3,954.1,296.9,221.8,495.8,301.6,362.1,820.1,714.1,714.0,290.4,758.6,462.0,912.6,329.1,970.8,727.9,573.0,725.4,1008.4,563.0,783.1,423.9,461.5,385.7,960.4,706.2,795.5,408.0,1013.6,223.0,880.1,39.5,694.7,378.1,701.8,208.4,763.2,940.7,472.6,406.2,616.3,821.3,679.4,577.3,926.8,323.0,638.2,188.4,506.9,757.2,642.8,463.1,116.4,490.4,556.8,181.6,771.9,222.9,495.5,626.8,880.1,828.8,853.2,329.1,454.1,364.4,814.6,472.1,931.4,106.2,477.2,863.6,300.6,751.4,572.4,626.2,188.2,760.7,736.8,895.9,578.3,776.3,409.7,931.5,963.6,452.2,385.4,675.0,600.3,458.0,721.5,848.4,874.7,730.2,947.5,556.8,767.0,409.2,205.8,1087.1,314.2,935.7,869.5,911.4,534.4,1035.6,548.3,738.5,923.7,212.9,641.0,972.5,810.8,439.1,644.2,376.9,993.6,770.1,440.5,764.8,305.9
7,663.6,386.1,555.8,560.7,766.8,368.6,874.4,0.0,701.5,215.6,659.1,352.5,566.7,1044.9,567.8,765.0,403.1,3.9,247.6,600.8,230.1,206.2,1025.3,397.0,512.4,402.5,89.1,344.6,1065.8,922.4,1104.9,570.1,460.4,592.9,925.9,417.0,1084.9,597.3,54.3,419.0,466.9,846.2,210.1,1037.0,535.1,564.3,467.9,432.8,383.8,288.9,266.4,322.2,321.4,619.6,657.2,620.9,292.6,197.7,167.9,545.7,506.9,1001.5,334.0,883.4,750.1,496.3,695.5,716.0,301.5,496.0,427.8,992.3,671.7,142.9,268.5,906.2,378.3,1106.3,267.0,966.9,769.6,339.1,255.9,492.2,894.9,753.1,341.7,1025.5,353.8,1001.4,664.2,562.7,334.0,282.7,433.4,564.3,1147.2,599.6,603.1,582.8,486.7,884.7,681.3,315.1,589.2,467.4,332.8,267.4,1032.1,342.6,238.3,347.4,296.1,98.1,672.4,385.4,295.8,566.4,592.7,808.5,898.7,720.7,196.1,580.3,326.2,727.7,399.0,341.7,218.5,498.0,1049.7,345.1,1097.5,387.2,323.4,365.3,645.1,484.9,354.3,165.4,138.6,917.0,696.4,304.7,63.6,452.0,699.6,1106.6,503.4,119.7,791.4,249.5,1084.4
8,1107.5,365.7,535.2,403.7,646.8,332.9,646.1,701.5,0.0,610.1,756.2,803.8,226.5,786.7,646.0,707.9,645.3,697.6,501.5,498.5,873.8,849.9,673.0,378.7,494.9,444.2,709.1,422.4,765.2,694.1,607.0,467.8,345.8,501.2,697.6,354.1,640.2,440.2,647.2,324.3,248.0,682.3,853.8,417.7,304.3,443.0,362.5,338.1,368.0,437.8,694.8,499.4,470.3,689.7,727.3,455.2,660.6,706.6,703.9,429.5,405.3,686.4,433.0,655.1,130.8,511.0,93.5,600.3,450.4,332.4,633.1,873.1,52.4,729.7,785.4,286.9,936.0,650.1,525.5,736.5,772.7,404.8,748.8,375.0,666.6,756.2,411.4,797.2,419.5,696.6,761.3,892.6,433.0,484.3,1033.1,443.0,906.4,442.5,206.3,174.0,323.1,656.4,743.0,958.8,504.9,303.1,444.1,536.9,773.9,408.3,486.4,991.1,525.5,603.4,675.5,412.4,663.8,385.6,290.1,189.2,279.4,723.8,590.6,240.1,969.9,121.9,973.1,411.4,862.2,495.6,821.4,567.1,627.6,961.3,443.6,401.7,111.7,427.3,694.9,738.9,648.3,688.7,5.1,672.7,637.9,625.5,1.9,487.3,385.3,678.5,713.1,452.0,558.3
9,791.2,291.4,414.0,424.6,597.8,277.2,705.4,215.6,610.1,0.0,541.3,234.7,475.3,875.9,444.5,641.2,278.0,211.7,122.0,431.8,312.5,288.6,856.3,305.6,343.4,311.1,140.0,253.2,896.8,753.4,935.9,401.1,369.0,434.5,756.9,308.7,915.9,428.3,161.3,327.6,375.5,701.2,292.5,945.6,443.7,395.3,376.5,341.4,289.1,196.5,370.9,153.2,230.0,496.3,533.9,451.9,322.9,137.5,134.8,395.1,432.0,832.5,242.6,714.4,658.7,327.3,604.1,547.0,210.1,404.6,302.7,847.3,580.3,160.6,216.3,814.8,460.7,937.3,98.0,797.9,646.3,247.7,179.7,383.9,725.9,629.8,247.0,856.5,262.4,832.4,546.4,444.9,242.6,191.3,464.0,395.3,1002.2,430.6,511.7,487.8,395.3,715.7,563.5,397.5,438.2,376.0,216.8,98.4,863.1,251.2,146.9,429.8,127.1,117.5,549.1,294.0,326.1,458.1,497.7,717.1,807.3,597.4,62.7,488.9,408.6,636.3,481.4,247.0,300.9,329.0,880.7,449.6,928.5,469.6,232.0,273.9,550.1,454.0,229.2,169.8,266.2,748.0,605.0,335.0,152.0,326.9,608.2,986.4,412.0,109.4,646.4,158.1,915.4
10,860.3,552.6,278.7,380.6,296.2,637.0,490.4,659.1,756.2,541.3,0.0,306.6,944.9,660.9,185.3,194.9,352.9,655.2,589.0,278.3,539.0,515.1,641.3,665.4,338.5,730.9,572.3,753.5,681.8,538.4,720.9,288.4,869.3,255.0,528.2,480.3,700.9,346.2,655.6,687.4,695.9,358.1,519.0,856.5,944.0,313.2,876.8,701.2,554.9,655.7,867.7,489.9,713.4,133.5,171.1,369.8,823.2,466.6,567.1,392.1,932.3,617.5,742.9,499.4,804.8,322.4,811.9,282.0,693.5,904.9,327.1,504.2,726.4,592.9,439.8,960.9,662.5,722.3,565.1,582.9,199.5,691.5,403.2,447.2,510.9,183.0,537.8,641.5,706.2,617.4,5.1,183.2,742.9,691.6,409.6,313.2,659.1,348.5,924.7,582.2,895.6,500.7,69.0,527.9,251.3,733.3,499.3,553.1,648.1,695.0,647.2,495.6,505.2,617.8,80.7,794.3,826.4,436.3,592.1,863.2,953.4,150.6,563.0,958.5,516.8,840.3,683.2,537.8,527.4,336.1,665.7,946.4,713.5,671.4,732.3,774.2,644.5,954.3,402.8,498.9,739.9,533.0,751.1,835.3,652.3,323.4,754.3,771.4,912.3,541.7,252.8,658.4,700.4
11,680.0,479.4,317.8,451.3,544.2,470.9,651.8,352.5,803.8,234.7,306.6,0.0,669.0,822.3,320.9,454.7,196.2,348.6,312.7,378.2,232.4,208.5,802.7,499.3,358.1,504.8,265.7,446.9,843.2,699.8,882.3,388.3,562.7,354.9,703.3,496.7,862.3,443.0,349.0,521.3,569.2,608.2,212.4,1017.9,637.4,410.0,570.2,535.1,477.1,387.2,561.1,343.8,423.7,372.7,410.3,466.6,516.6,160.0,260.5,421.8,625.7,778.9,436.3,660.8,852.4,342.0,797.8,493.4,403.8,598.3,211.3,754.3,774.0,286.3,133.2,1008.5,380.6,883.7,288.7,744.3,435.5,441.4,96.6,476.3,672.3,419.0,435.0,802.9,456.1,778.8,311.7,210.2,436.3,385.0,229.3,410.0,909.2,445.3,705.4,675.8,589.0,662.1,328.8,317.4,351.2,569.7,396.5,289.0,809.5,444.9,340.6,315.3,317.7,311.2,340.5,487.7,519.8,531.4,685.7,910.8,1001.0,410.4,256.4,682.6,328.5,830.0,401.3,435.0,220.8,355.7,827.1,639.8,874.9,389.5,425.7,467.6,738.1,647.7,148.7,192.3,433.3,694.4,798.7,528.7,345.7,238.5,801.9,932.8,605.7,235.1,512.6,351.8,861.8
12,963.8,554.4,723.9,592.4,835.5,480.1,834.8,566.7,226.5,475.3,944.9,669.0,0.0,975.4,834.7,896.6,710.9,562.8,461.9,687.2,739.0,715.1,861.7,508.5,683.6,514.0,574.3,222.1,953.9,882.8,795.7,656.5,145.5,689.9,886.3,542.8,828.9,628.9,512.4,513.0,436.7,871.0,719.0,606.4,104.0,631.7,162.2,526.8,556.7,400.4,549.6,553.2,432.9,878.4,916.0,643.9,501.6,571.8,569.1,618.2,261.6,875.1,232.7,843.8,319.5,699.7,155.0,789.0,413.0,132.1,732.8,1061.8,241.1,594.9,650.6,475.6,792.3,838.8,485.9,925.2,961.4,450.6,614.0,563.7,855.3,944.9,556.0,985.9,465.3,885.3,950.0,879.2,232.7,284.0,898.3,631.7,1095.1,631.2,62.6,362.7,122.8,845.1,931.7,824.0,693.6,491.8,547.1,497.3,962.6,454.1,376.0,856.3,545.2,468.6,864.2,212.1,504.8,574.3,478.8,377.9,468.1,912.5,455.8,13.6,835.1,187.2,829.4,556.0,727.4,684.3,1010.1,423.4,816.3,817.6,243.3,201.4,300.4,283.6,662.3,604.1,510.9,877.4,221.4,513.7,503.1,754.2,224.6,676.0,241.6,543.7,901.8,361.0,747.0
13,1474.4,741.2,504.5,567.0,425.4,873.2,201.0,1044.9,786.7,875.9,660.9,822.3,975.4,0.0,615.3,608.5,668.9,1041.0,832.6,444.1,949.1,925.2,170.8,901.6,532.5,967.1,971.2,1061.2,77.1,184.1,179.7,474.8,1094.7,467.4,385.4,666.3,154.2,532.6,990.6,884.6,884.5,460.9,929.1,384.5,1053.2,499.6,1111.4,898.4,743.5,895.9,1178.9,733.5,953.6,594.4,632.0,556.2,1130.9,876.7,966.0,578.5,1154.2,179.4,1050.6,161.5,673.3,548.6,842.4,378.9,933.7,1081.3,643.1,540.7,734.3,991.8,849.9,499.8,1097.3,175.6,808.7,120.4,677.4,927.7,813.3,633.6,280.0,660.9,727.3,67.2,942.4,160.3,666.0,797.3,1050.6,999.3,1023.7,499.6,446.8,534.9,955.2,642.6,1072.0,269.8,647.7,1034.1,471.1,921.9,742.9,796.7,12.8,931.2,907.3,1066.4,748.8,946.8,580.2,1102.0,1134.1,622.7,555.9,597.5,522.8,628.5,892.0,989.0,1045.2,870.8,1118.0,727.3,937.5,579.7,91.4,1257.6,166.8,1106.2,1040.0,1081.9,704.9,1176.2,718.8,909.0,1094.2,376.5,781.6,1143.0,981.3,609.6,784.8,299.4,1134.2,940.6,611.0,935.3,228.4
14,985.5,367.3,110.8,246.4,281.5,451.7,444.8,567.8,646.0,444.5,185.3,320.9,834.7,615.3,0.0,197.2,167.6,563.9,403.7,171.2,447.7,423.8,595.7,480.1,153.2,545.6,480.5,635.7,636.2,492.8,675.3,181.3,751.5,147.9,496.3,295.0,655.3,236.0,561.7,502.1,510.6,343.4,427.7,810.9,826.2,203.0,759.0,515.9,369.6,470.4,753.4,304.6,528.1,51.8,89.4,259.6,705.4,375.3,475.3,216.9,814.5,571.9,625.1,453.8,694.6,137.1,701.7,267.3,508.2,787.1,141.8,489.5,616.2,501.1,348.5,850.7,595.9,676.7,379.8,537.3,201.8,506.2,311.9,271.4,465.3,185.3,352.5,595.9,520.9,571.8,190.4,321.7,625.1,573.8,548.1,203.0,644.4,238.3,814.5,472.0,777.8,455.1,172.1,532.7,144.2,548.0,314.0,367.8,602.5,509.7,481.8,565.0,319.9,517.9,104.6,676.5,708.6,326.1,481.9,753.0,843.2,152.9,463.1,848.3,543.8,730.1,616.6,352.5,436.1,150.8,620.1,832.1,667.9,604.8,614.5,656.4,534.3,836.5,217.5,407.6,648.6,487.4,640.9,717.5,552.4,138.1,644.1,725.8,794.5,449.9,255.1,509.8,654.8
15,1008.4,561.2,230.4,332.3,211.7,645.9,438.0,765.0,707.9,641.2,194.9,454.7,896.6,608.5,197.2,0.0,364.8,761.1,597.9,230.0,644.9,621.0,588.9,674.3,297.8,739.8,677.7,829.9,629.4,486.0,668.5,240.1,945.7,206.7,362.5,471.7,648.5,297.9,755.9,696.3,704.5,192.4,624.9,804.1,974.4,264.9,953.2,710.1,563.5,664.6,947.6,498.8,722.3,145.4,183.0,321.5,899.6,572.5,672.5,343.8,1008.7,565.1,819.3,447.0,756.5,313.9,763.6,233.7,702.4,981.3,339.0,338.5,678.1,698.3,545.7,912.6,793.1,669.9,574.0,530.5,128.0,700.4,509.1,398.9,458.5,111.5,546.7,589.1,715.1,565.0,200.0,331.3,819.3,768.0,557.7,264.9,493.4,300.2,876.4,533.9,972.0,448.3,181.7,676.0,203.0,741.9,508.2,562.0,595.7,703.9,676.0,643.7,514.1,712.1,114.2,870.7,902.8,388.0,543.8,814.9,905.1,79.1,657.3,910.2,664.9,792.0,813.8,546.7,633.3,345.0,613.3,1026.3,661.1,802.0,808.7,850.6,596.2,1030.7,414.7,604.8,845.8,415.6,702.8,911.7,746.6,335.3,706.0,719.0,988.7,647.1,59.4,704.0,648.0
16,844.5,284.1,164.4,284.8,390.8,338.9,498.4,403.1,645.3,278.0,352.9,196.2,710.9,668.9,167.6,364.8,0.0,399.2,249.2,224.8,306.7,282.8,649.3,367.3,191.6,432.8,314.0,488.8,689.8,546.4,728.9,234.9,604.6,201.5,549.9,301.4,708.9,276.5,398.3,389.3,437.2,454.8,286.7,864.5,679.3,243.5,612.1,403.1,281.8,323.5,606.5,173.9,381.2,219.4,257.0,300.1,558.5,234.3,308.8,255.3,667.6,625.5,478.2,507.4,693.9,175.5,701.0,340.0,361.3,640.2,25.8,600.9,615.5,334.6,207.5,850.0,454.9,730.3,225.2,590.9,369.4,393.4,170.9,309.8,518.9,352.9,239.7,649.5,408.1,625.4,358.0,406.4,478.2,426.9,425.5,243.5,755.8,278.8,747.3,480.5,630.9,508.7,339.7,391.7,197.8,437.7,201.2,213.6,656.1,396.9,334.9,424.0,182.8,354.5,272.2,529.6,561.7,364.9,490.4,752.3,842.5,320.5,299.7,724.5,402.8,729.4,475.6,239.7,295.1,189.2,673.7,685.2,721.5,463.8,467.6,509.5,542.8,689.6,50.5,266.6,483.9,541.0,640.2,570.6,389.0,72.0,643.4,779.4,647.6,283.4,400.0,362.9,708.4
17,659.7,382.2,551.9,556.8,762.9,364.7,870.5,3.9,697.6,211.7,655.2,348.6,562.8,1041.0,563.9,761.1,399.2,0.0,243.7,596.9,226.2,202.3,1021.4,393.1,508.5,398.6,85.2,340.7,1061.9,918.5,1101.0,566.2,456.5,589.0,922.0,413.1,1081.0,593.4,50.4,415.1,463.0,842.3,206.2,1033.1,531.2,560.4,464.0,428.9,379.9,285.0,262.5,318.3,317.5,615.7,653.3,617.0,288.7,193.8,164.0,541.8,503.0,997.6,330.1,879.5,746.2,492.4,691.6,712.1,297.6,492.1,423.9,988.4,667.8,139.0,264.6,902.3,374.4,1102.4,263.1,963.0,765.7,335.2,252.0,488.3,891.0,749.2,337.8,1021.6,349.9,997.5,660.3,558.8,330.1,278.8,429.5,560.4,1143.3,595.7,599.2,578.9,482.8,880.8,677.4,311.2,585.3,463.5,328.9,263.5,1028.2,338.7,234.4,343.5,292.2,94.2,668.5,381.5,291.9,562.5,588.8,804.6,894.8,716.8,192.2,576.4,322.3,723.8,395.1,337.8,214.6,494.1,1045.8,341.2,1093.6,383.3,319.5,361.4,641.2,481.0,350.4,161.5,134.7,913.1,692.5,300.8,59.7,448.1,695.7,1102.7,499.5,115.8,787.5,245.6,1080.5
18,797.8,170.3,370.7,331.3,554.5,179.4,662.1,247.6,501.5,122.0,589.0,312.7,461.9,832.6,403.7,597.9,249.2,243.7,0.0,388.5,393.5,369.6,813.0,207.8,300.1,213.3,221.0,239.8,853.5,710.1,892.6,357.8,355.6,391.2,713.6,187.6,872.6,385.0,193.3,229.8,277.7,657.9,373.5,837.0,430.3,352.0,363.1,243.6,168.0,74.5,357.5,109.5,132.2,455.5,493.1,406.6,309.5,218.5,215.8,316.3,418.6,789.2,229.2,671.1,550.1,284.0,557.2,503.7,112.3,391.2,273.9,804.0,471.7,241.6,297.3,706.2,541.7,894.0,24.0,754.6,605.5,149.9,260.7,262.8,682.6,589.0,125.9,813.2,164.6,789.1,594.1,522.9,229.2,177.9,542.0,352.0,958.9,387.3,498.3,366.7,381.9,672.4,575.8,478.5,394.9,278.2,103.4,35.9,819.8,153.4,85.9,510.8,83.8,149.5,508.3,280.6,312.7,337.0,376.6,608.5,698.7,556.6,136.7,475.5,489.6,585.6,562.4,125.9,381.9,285.7,837.4,436.2,885.2,550.6,218.6,260.5,429.0,440.6,200.4,250.8,272.8,704.7,496.4,321.6,184.0,298.1,499.6,906.6,398.6,190.4,603.1,113.9,872.1
19,1042.8,351.8,60.4,122.9,166.0,436.5,273.6,600.8,498.5,431.8,278.3,378.2,687.2,444.1,171.2,230.0,224.8,596.9,388.5,0.0,505.0,481.1,424.5,464.9,88.4,530.4,527.1,620.5,465.0,321.6,504.1,30.7,736.3,23.3,325.1,262.3,484.1,88.5,546.5,486.9,495.1,290.0,485.0,639.7,765.0,55.5,743.8,500.7,354.1,455.2,738.2,289.4,512.9,211.8,249.4,112.1,690.2,432.6,521.9,134.4,799.3,400.7,609.9,282.6,547.1,104.5,554.2,115.2,493.0,771.9,199.0,436.1,468.7,547.7,405.8,703.2,653.2,505.5,364.6,366.1,294.8,491.0,369.2,189.5,294.1,278.3,337.3,424.7,505.7,400.6,283.4,414.7,609.9,558.6,607.5,55.5,591.0,90.8,667.0,324.5,762.6,283.9,265.1,590.0,27.0,532.5,298.8,352.6,431.3,494.5,466.6,622.3,304.7,502.7,197.6,661.3,693.4,178.6,334.4,605.5,695.7,245.9,447.9,700.8,601.1,582.6,673.9,337.3,493.4,135.6,448.9,816.9,496.7,662.1,599.3,641.2,386.8,821.3,274.7,464.9,651.4,316.2,493.4,702.3,537.2,165.5,496.6,554.6,779.3,496.5,235.2,494.6,483.6
20,537.8,558.4,444.6,566.0,671.0,540.9,778.6,230.1,873.8,312.5,539.0,232.4,739.0,949.1,447.7,644.9,306.7,226.2,393.5,505.0,0.0,23.9,929.5,569.3,472.8,574.8,180.6,516.9,970.0,826.6,1009.1,515.1,632.7,481.7,830.1,580.2,989.1,557.7,226.6,591.3,639.2,735.0,20.0,1144.7,707.4,524.7,640.2,605.1,556.1,461.2,438.7,424.7,493.7,499.5,537.1,581.3,464.9,175.0,259.4,536.5,678.9,905.7,506.3,787.6,922.4,456.7,867.8,620.2,473.8,668.3,326.0,881.1,844.0,234.4,148.4,1078.5,148.2,1010.5,369.5,871.1,649.5,511.4,135.8,591.0,799.1,633.0,514.0,929.7,526.1,905.6,544.1,442.6,506.3,455.0,203.3,524.7,1036.0,560.0,775.4,755.1,659.0,788.9,561.2,85.0,478.0,639.7,488.3,369.9,936.3,514.9,410.6,117.3,398.6,270.4,552.3,557.7,468.1,646.1,765.0,980.8,1071.0,600.6,334.2,752.6,96.1,900.0,168.9,514.0,11.6,470.4,953.9,517.1,1001.7,157.1,495.7,537.6,817.4,656.9,256.2,142.7,310.9,821.2,868.7,477.0,235.9,353.2,871.9,1059.6,675.7,211.2,680.2,421.8,988.6
21,561.7,534.5,420.7,542.1,647.1,517.0,754.7,206.2,849.9,288.6,515.1,208.5,715.1,925.2,423.8,621.0,282.8,202.3,369.6,481.1,23.9,0.0,905.6,545.4,448.9,550.9,156.7,493.0,946.1,802.7,985.2,491.2,608.8,457.8,806.2,556.3,965.2,533.8,202.7,567.4,615.3,711.1,3.9,1120.8,683.5,500.8,616.3,581.2,532.2,437.3,414.8,400.8,469.8,475.6,513.2,557.4,441.0,151.1,235.5,512.6,655.3,881.8,482.4,763.7,898.5,432.8,843.9,596.3,449.9,644.4,302.1,857.2,820.1,210.5,124.5,1054.6,172.1,986.6,345.6,847.2,625.6,487.5,111.9,567.1,775.2,609.1,490.1,905.8,502.2,881.7,520.2,418.7,482.4,431.1,227.2,500.8,1012.1,536.1,751.5,731.2,635.1,765.0,537.3,108.9,454.1,615.8,464.4,346.0,912.4,491.0,386.7,141.2,374.7,246.5,528.4,533.8,444.2,622.2,741.1,956.9,1047.1,576.7,310.3,728.7,120.0,876.1,192.8,490.1,12.3,446.5,930.0,493.5,977.8,181.0,471.8,513.7,793.5,633.3,232.3,118.8,287.0,797.3,844.8,453.1,212.0,329.3,848.0,1035.7,651.8,187.3,656.3,397.9,964.7
22,1454.8,721.6,484.9,547.4,405.8,853.6,246.8,1025.3,673.0,856.3,641.3,802.7,861.7,170.8,595.7,588.9,649.3,1021.4,813.0,424.5,929.5,905.6,0.0,882.0,512.9,947.5,951.6,1041.6,149.3,102.9,135.2,455.2,981.0,447.8,359.4,646.7,117.6,513.0,971.0,865.0,838.8,441.3,909.5,270.8,939.5,480.0,997.7,878.8,723.9,876.3,1159.3,713.9,934.0,574.8,612.4,536.6,1111.3,857.1,946.4,558.9,1040.5,23.8,1031.0,248.9,559.6,529.0,728.7,359.3,914.1,967.6,623.5,394.0,620.6,972.2,830.3,386.1,1077.7,139.0,789.1,78.4,657.8,908.1,793.7,614.0,254.0,641.3,707.7,184.4,922.8,45.8,646.4,777.7,1031.0,979.7,1004.1,480.0,300.1,515.3,841.5,623.0,958.3,243.8,628.1,1014.5,451.5,893.9,723.3,777.1,158.0,911.6,887.7,1046.8,729.2,927.2,560.6,1047.6,1114.5,603.1,536.3,483.8,409.1,608.9,872.4,875.3,1025.6,757.1,1098.4,707.7,917.9,560.1,208.6,1202.3,130.2,1086.6,1020.4,1036.9,685.3,1062.5,699.2,889.4,1074.6,350.5,667.9,1123.4,961.7,590.0,671.1,185.7,1020.5,921.0,591.4,915.7,114.7
23,868.8,160.4,447.1,393.6,630.9,45.8,731.1,397.0,378.7,305.6,665.4,499.3,508.5,901.6,480.1,674.3,367.3,393.1,207.8,464.9,569.3,545.4,882.0,0.0,376.5,65.5,404.6,286.4,922.5,779.1,903.5,434.2,402.2,467.6,782.6,249.9,936.7,453.9,342.7,96.2,144.1,734.3,549.3,714.2,476.9,428.4,409.7,110.0,158.1,133.3,404.1,221.4,165.8,531.9,569.5,468.9,356.1,402.1,399.4,378.6,465.2,858.2,275.8,740.1,427.3,360.4,434.4,580.1,145.9,437.8,355.1,880.4,348.9,425.2,480.9,583.4,651.8,946.6,231.8,823.6,681.9,100.3,444.3,325.1,751.6,665.4,174.4,882.2,114.2,858.1,670.5,709.5,275.8,224.5,728.6,428.4,1035.3,456.2,544.9,415.4,428.5,741.4,652.2,654.3,471.3,144.6,166.1,243.2,888.8,103.8,181.9,686.6,247.5,298.9,584.7,327.2,359.3,399.3,425.3,485.7,575.9,633.0,286.1,522.1,665.4,462.8,688.9,174.4,557.7,362.1,906.4,482.8,924.1,677.1,265.2,307.1,402.6,487.2,408.2,434.4,343.8,773.7,373.6,368.2,333.4,376.5,376.8,783.8,445.2,374.0,679.5,147.5,854.8
24,1010.6,263.7,100.9,95.5,254.4,348.1,362.0,512.4,494.9,343.4,338.5,358.1,683.6,532.5,153.2,297.8,191.6,508.5,300.1,88.4,472.8,448.9,512.9,376.5,0.0,442.0,442.4,532.1,553.4,410.0,592.5,57.7,647.9,91.1,413.5,191.4,572.5,84.9,458.1,398.5,407.0,357.8,452.8,728.1,722.6,51.9,655.4,412.3,266.0,366.8,649.8,201.0,424.5,205.0,242.6,108.5,601.8,400.4,437.2,107.0,710.9,489.1,521.5,371.0,543.5,16.1,550.6,203.6,404.6,683.5,165.8,503.9,465.1,463.0,373.6,699.6,621.0,593.9,276.2,454.5,355.0,402.6,337.0,164.0,382.5,338.5,248.9,513.1,417.3,489.0,343.6,474.9,521.5,470.2,587.4,51.9,658.8,87.2,663.4,320.9,674.2,372.3,325.3,557.8,94.8,444.4,210.4,264.2,519.7,406.1,378.2,590.1,216.3,414.3,257.8,572.9,605.0,175.0,330.8,601.9,692.1,306.1,359.5,697.2,568.9,579.0,641.7,248.9,461.2,47.2,537.3,728.5,585.1,629.9,510.9,552.8,383.2,732.9,241.5,432.7,563.0,404.6,489.8,613.9,448.8,132.3,493.0,643.0,690.9,411.8,303.0,406.2,572.0
25,874.3,225.9,512.6,459.1,696.4,111.3,796.6,402.5,444.2,311.1,730.9,504.8,514.0,967.1,545.6,739.8,432.8,398.6,213.3,530.4,574.8,550.9,947.5,65.5,442.0,0.0,410.1,291.9,988.0,844.6,969.0,499.7,407.7,533.1,848.1,315.4,1002.2,519.4,348.2,161.7,209.6,799.8,554.8,779.7,482.4,493.9,415.2,175.5,223.6,138.8,409.6,286.9,171.3,597.4,635.0,534.4,361.6,407.6,404.9,444.1,470.7,923.7,281.3,805.6,492.8,425.9,499.9,645.6,151.4,443.3,420.6,945.9,414.4,430.7,486.4,648.9,657.3,1012.1,237.3,889.1,747.4,63.4,449.8,390.6,817.1,730.9,239.9,947.7,48.7,923.6,736.0,715.0,281.3,230.0,734.1,493.9,1100.8,521.7,550.4,480.9,434.0,806.9,717.7,659.8,536.8,210.1,231.6,248.7,954.3,59.9,187.4,692.1,296.6,304.4,650.2,332.7,364.8,464.8,490.8,551.2,641.4,698.5,291.6,527.6,670.9,528.3,694.4,239.9,563.2,427.6,971.9,488.3,989.6,682.6,270.7,312.6,468.1,492.7,413.7,439.9,349.3,839.2,439.1,373.7,338.9,442.0,442.3,849.3,450.7,379.5,745.0,153.0,920.3
26,694.9,390.4,466.7,523.6,693.1,376.2,800.7,89.1,709.1,140.0,572.3,265.7,574.3,971.2,480.5,677.7,314.0,85.2,221.0,527.1,180.6,156.7,951.6,404.6,442.4,410.1,0.0,352.2,992.1,848.7,1031.2,500.1,468.0,503.8,852.2,407.7,1011.2,527.3,85.6,426.6,474.5,757.1,160.6,1044.6,542.7,494.3,475.5,440.4,388.1,295.5,297.7,252.2,329.0,532.3,569.9,550.9,323.9,148.2,78.8,494.1,531.0,927.8,341.6,809.7,757.7,426.3,703.1,642.3,309.1,503.6,338.7,903.2,679.3,53.8,219.0,913.8,328.8,1032.6,197.0,893.2,682.3,346.7,206.4,482.9,821.2,665.8,346.0,951.8,361.4,927.7,577.4,475.9,341.6,290.3,383.9,494.3,1058.1,529.6,610.7,586.8,494.3,811.0,594.5,265.6,500.1,475.0,315.8,197.4,958.4,350.2,245.9,297.9,226.1,129.4,585.1,393.0,327.1,557.1,596.7,816.1,906.3,633.4,161.7,587.9,276.7,735.3,349.5,346.0,169.0,428.0,976.0,376.4,1023.8,337.7,331.0,372.9,649.1,516.2,265.2,115.9,169.9,843.3,704.0,336.0,94.9,362.9,707.2,1081.7,511.0,30.6,702.3,257.1,1010.7
27,813.8,341.6,602.7,552.9,786.5,258.0,890.7,344.6,422.4,253.2,753.5,446.9,222.1,1061.2,635.7,829.9,488.8,340.7,239.8,620.5,516.9,493.0,1041.6,286.4,532.1,291.9,352.2,0.0,1082.1,938.7,991.6,589.8,115.8,623.2,942.2,409.2,1024.8,613.2,290.3,308.4,356.3,889.9,496.9,802.3,190.5,584.0,123.3,322.2,339.3,178.3,327.5,331.1,210.8,687.5,725.1,628.2,279.5,349.7,347.0,537.9,178.8,1017.8,10.6,899.7,515.4,516.0,350.9,735.7,190.9,151.4,510.7,1036.0,437.0,372.8,428.5,671.5,596.8,1034.7,263.8,983.2,837.5,228.5,391.9,484.4,911.2,821.0,333.9,1041.8,243.2,1017.7,758.6,657.1,10.6,61.9,676.2,584.0,1190.9,615.5,258.5,558.6,142.1,901.0,775.7,601.9,626.9,356.8,325.0,275.2,1048.4,232.0,153.9,634.2,323.1,246.5,740.3,40.8,282.7,558.6,584.9,573.8,664.0,788.6,233.7,235.7,613.0,383.1,633.9,333.9,505.3,517.7,1066.0,340.6,1012.2,622.1,21.2,20.7,496.3,200.8,440.2,382.0,288.8,933.3,417.3,291.6,281.0,532.1,420.5,871.9,158.8,321.6,835.1,138.9,942.9
28,1495.3,762.1,525.4,587.9,446.3,894.1,224.5,1065.8,765.2,896.8,681.8,843.2,953.9,77.1,636.2,629.4,689.8,1061.9,853.5,465.0,970.0,946.1,149.3,922.5,553.4,988.0,992.1,1082.1,0.0,162.6,158.2,495.7,1073.2,488.3,399.9,687.2,132.7,553.5,1011.5,905.5,905.4,481.8,950.0,363.0,1031.7,520.5,1089.9,919.3,764.4,916.8,1199.8,754.4,974.5,615.3,652.9,577.1,1151.8,897.6,986.9,599.4,1132.7,157.9,1071.5,185.0,651.8,569.5,820.9,399.8,954.6,1059.8,664.0,519.2,712.8,1012.7,870.8,478.3,1118.2,154.1,829.6,98.9,698.3,948.6,834.2,654.5,294.5,681.8,748.2,90.7,963.3,138.8,686.9,818.2,1071.5,1020.2,1044.6,520.5,425.3,555.8,933.7,663.5,1050.5,284.3,668.6,1055.0,492.0,942.8,763.8,817.6,64.3,952.1,928.2,1087.3,769.7,967.7,601.1,1122.9,1155.0,643.6,576.8,576.0,501.3,649.4,912.9,967.5,1066.1,849.3,1138.9,748.2,958.4,600.6,114.9,1278.5,145.3,1127.1,1060.9,1102.8,725.8,1154.7,739.7,929.9,1115.1,391.0,760.1,1163.9,1002.2,630.5,763.3,277.9,1112.7,961.5,631.9,956.2,206.9
29,1351.9,618.7,382.0,444.5,302.9,750.7,143.9,922.4,694.1,753.4,538.4,699.8,882.8,184.1,492.8,486.0,546.4,918.5,710.1,321.6,826.6,802.7,102.9,779.1,410.0,844.6,848.7,938.7,162.6,0.0,182.5,352.3,1002.1,344.9,256.5,543.8,181.7,410.1,868.1,762.1,762.0,338.4,806.6,318.1,960.6,377.1,1018.8,775.9,621.0,773.4,1056.4,611.0,831.1,471.9,509.5,433.7,1008.4,754.2,843.5,456.0,1061.6,79.1,928.1,146.0,606.9,426.1,749.8,256.4,811.2,988.7,520.6,404.1,664.3,869.3,727.4,433.4,974.8,203.1,686.2,63.7,554.9,805.2,690.8,511.1,151.1,538.4,604.8,197.7,819.9,89.3,543.5,674.8,928.1,876.8,901.2,377.1,310.2,412.4,862.6,520.1,979.4,140.9,525.2,911.6,348.6,799.4,620.4,674.2,171.3,808.7,784.8,943.9,626.3,824.3,457.7,979.5,1011.6,500.2,433.4,531.1,456.4,506.0,769.5,896.4,922.7,778.2,995.5,604.8,815.0,457.2,221.9,1135.1,194.3,983.7,917.5,959.4,582.4,1083.6,596.3,786.5,971.7,247.6,689.0,1020.5,858.8,487.1,692.2,233.0,1041.6,818.1,488.5,812.8,162.0
30,1534.4,801.2,564.5,627.0,485.4,857.7,326.4,1104.9,607.0,935.9,720.9,882.3,795.7,179.7,675.3,668.5,728.9,1101.0,892.6,504.1,1009.1,985.2,135.2,903.5,592.5,969.0,1031.2,991.6,158.2,182.5,0.0,534.8,915.0,527.4,439.0,726.3,50.3,592.6,1050.6,849.1,772.8,520.9,989.1,204.8,873.5,559.6,931.7,862.9,803.5,955.9,1233.4,793.5,995.1,654.4,692.0,616.2,1185.4,936.7,1026.0,638.5,974.5,148.6,1002.2,287.6,493.6,608.6,662.7,438.9,975.2,901.6,703.1,462.5,554.6,1051.8,909.9,320.1,1157.3,43.1,868.7,143.5,737.4,929.6,873.3,693.6,333.6,720.9,787.3,193.3,944.3,158.8,726.0,857.3,1002.2,1053.5,1083.7,559.6,368.6,594.9,775.5,698.8,892.3,323.4,707.7,1094.1,531.1,827.9,802.9,856.7,166.9,933.1,967.3,1126.4,808.8,1006.8,640.2,981.6,1188.6,682.7,615.9,417.8,343.1,688.5,952.0,809.3,1105.2,691.1,1178.0,787.3,997.5,639.7,217.5,1136.3,44.6,1166.2,1012.8,970.9,636.5,996.5,778.8,969.0,1154.2,430.1,601.9,1197.5,1041.3,669.6,605.1,119.7,954.5,1000.6,671.0,976.8,48.7
31,1052.9,321.1,70.5,92.2,196.7,405.8,304.3,570.1,467.8,401.1,288.4,388.3,656.5,474.8,181.3,240.1,234.9,566.2,357.8,30.7,515.1,491.2,455.2,434.2,57.7,499.7,500.1,589.8,495.7,352.3,534.8,0.0,705.6,33.4,355.8,231.6,514.8,57.8,515.8,456.2,464.4,300.1,495.1,670.4,734.3,24.8,713.1,470.0,323.4,424.5,707.5,258.7,482.2,221.9,259.5,81.4,659.5,442.7,494.9,103.7,768.6,431.4,579.2,313.3,516.4,73.8,523.5,145.9,462.3,741.2,209.1,446.2,438.0,520.7,415.9,672.5,663.3,536.2,333.9,396.8,304.9,460.3,379.3,158.8,324.8,288.4,306.6,455.4,475.0,431.3,293.5,424.8,579.2,527.9,617.6,24.8,601.1,60.1,636.3,293.8,731.9,314.6,275.2,600.1,37.1,501.8,268.1,321.9,462.0,463.8,435.9,632.4,274.0,472.0,207.7,630.6,662.7,147.9,303.7,574.8,665.0,256.0,417.2,670.1,611.2,551.9,684.0,306.6,503.5,104.9,479.6,786.2,527.4,672.2,568.6,610.5,356.1,790.6,284.8,475.0,620.7,346.9,462.7,671.6,506.5,175.6,465.9,585.3,748.6,469.5,245.3,463.9,514.3
32,929.6,457.4,718.5,668.7,902.3,373.8,954.1,460.4,345.8,369.0,869.3,562.7,145.5,1094.7,751.5,945.7,604.6,456.5,355.6,736.3,632.7,608.8,981.0,402.2,647.9,407.7,468.0,115.8,1073.2,1002.1,915.0,705.6,0.0,739.0,1005.6,525.0,948.2,729.0,406.1,424.2,472.1,990.3,612.7,725.7,113.9,699.8,55.9,438.0,455.1,294.1,443.3,446.9,326.6,803.3,840.9,744.0,395.3,465.5,462.8,653.7,243.8,994.4,126.4,963.1,438.8,631.8,274.3,851.5,306.7,74.8,626.5,1151.8,360.4,488.6,544.3,594.9,712.6,958.1,379.6,1044.5,953.3,344.3,507.7,600.2,974.6,936.8,449.7,1105.2,359.0,1004.6,874.4,772.9,126.4,177.7,792.0,699.8,1214.4,731.3,181.9,482.0,65.5,964.4,891.5,717.7,742.7,472.6,440.8,391.0,1081.9,347.8,269.7,750.0,438.9,362.3,856.1,105.8,398.5,674.4,598.1,497.2,587.4,904.4,349.5,159.1,728.8,306.5,749.7,449.7,621.1,633.5,1129.4,405.6,935.6,737.9,137.0,95.1,419.7,265.8,556.0,497.8,404.6,996.7,340.7,407.4,396.8,647.9,343.9,795.3,223.8,437.4,950.9,254.7,866.3
33,1019.5,354.5,37.1,125.6,189.3,439.2,296.9,592.9,501.2,434.5,255.0,354.9,689.9,467.4,147.9,206.7,201.5,589.0,391.2,23.3,481.7,457.8,447.8,467.6,91.1,533.1,503.8,623.2,488.3,344.9,527.4,33.4,739.0,0.0,348.4,265.0,507.4,91.2,549.2,489.6,497.8,266.7,461.7,663.0,767.7,58.2,746.5,503.4,356.8,457.9,740.9,292.1,515.6,188.5,226.1,114.8,692.9,409.3,498.6,137.1,802.0,424.0,612.6,305.9,549.8,107.2,556.9,138.5,495.7,774.6,175.7,412.8,471.4,524.4,382.5,705.9,629.9,528.8,367.3,389.4,271.5,493.7,345.9,192.2,317.4,255.0,340.0,448.0,508.4,423.9,260.1,391.4,612.6,561.3,584.2,58.2,567.7,93.5,669.7,327.2,765.3,307.2,241.8,566.7,3.7,535.2,301.5,355.3,454.6,497.2,469.3,599.0,307.4,505.4,174.3,664.0,696.1,181.3,337.1,608.2,698.4,222.6,450.6,703.5,577.8,585.3,650.6,340.0,470.1,138.3,472.2,819.6,520.0,638.8,602.0,643.9,389.5,824.0,251.4,441.6,654.1,339.5,496.1,705.0,539.9,142.2,499.3,577.9,782.0,473.2,211.9,497.3,506.9
34,1341.7,622.2,385.5,448.0,306.4,754.2,221.8,925.9,697.6,756.9,528.2,703.3,886.3,385.4,496.3,362.5,549.9,922.0,713.6,325.1,830.1,806.2,359.4,782.6,413.5,848.1,852.2,942.2,399.9,256.5,439.0,355.8,1005.6,348.4,0.0,547.3,419.0,413.6,871.6,765.6,765.5,214.8,810.1,574.6,964.1,380.6,1022.3,779.4,624.5,776.9,1059.9,614.5,834.6,461.7,499.3,437.2,1011.9,757.7,847.0,459.5,1065.1,335.6,931.6,223.9,746.2,429.6,753.3,259.9,814.7,992.2,524.1,229.0,667.8,872.8,730.9,689.9,978.3,440.4,689.7,301.0,479.7,808.7,694.3,514.6,193.2,463.2,608.3,366.0,823.4,335.5,533.3,664.6,931.6,880.3,891.0,380.6,383.9,415.9,866.1,523.6,982.9,183.0,515.0,915.1,352.1,802.9,623.9,677.7,372.6,812.2,788.3,947.4,629.8,827.8,447.5,983.0,1015.1,503.7,436.9,787.6,712.9,440.1,773.0,899.9,926.2,781.7,999.0,608.3,818.5,460.7,390.2,1138.6,431.6,987.2,921.0,962.9,585.9,1087.1,599.8,790.0,975.2,97.7,692.5,1024.0,862.3,490.6,695.7,489.5,1045.1,821.6,312.1,816.3,418.5
35,967.2,89.5,262.0,143.7,428.3,221.5,495.8,417.0,354.1,308.7,480.3,496.7,542.8,666.3,295.0,471.7,301.4,413.1,187.6,262.3,580.2,556.3,646.7,249.9,191.4,315.4,407.7,409.2,687.2,543.8,726.3,231.6,525.0,265.0,547.3,0.0,706.3,204.0,362.7,232.9,232.8,531.7,560.2,689.6,599.7,206.8,532.5,246.7,91.8,243.9,526.9,155.5,301.6,346.8,384.4,219.0,478.9,405.2,402.5,145.9,588.0,622.9,398.6,504.8,402.7,175.3,409.8,377.5,281.7,560.6,289.2,677.8,324.3,428.3,484.0,558.8,728.4,727.7,211.6,588.3,496.8,276.0,447.4,92.4,516.3,480.3,75.6,646.9,290.7,622.8,485.4,616.7,398.6,347.3,726.0,206.8,832.7,206.3,522.6,180.1,551.3,506.1,467.1,665.2,268.7,270.2,100.2,211.4,653.5,279.5,255.3,697.5,181.6,318.9,399.6,450.0,482.1,149.4,190.0,461.1,551.3,447.9,306.1,556.4,676.3,438.2,749.1,75.6,568.6,144.2,671.1,605.6,718.9,737.3,388.0,429.9,242.4,610.0,351.0,437.5,442.2,538.4,349.0,491.0,353.4,274.1,352.2,759.2,568.0,377.1,476.9,283.3,705.8
36,1514.4,781.2,544.5,607.0,465.4,890.9,301.6,1084.9,640.2,915.9,700.9,862.3,828.9,154.2,655.3,648.5,708.9,1081.0,872.6,484.1,989.1,965.2,117.6,936.7,572.5,1002.2,1011.2,1024.8,132.7,181.7,50.3,514.8,948.2,507.4,419.0,706.3,0.0,572.6,1030.6,882.3,806.0,500.9,969.1,238.0,906.7,539.6,964.9,896.1,783.5,935.9,1218.9,773.5,993.6,634.4,672.0,596.2,1170.9,916.7,1006.0,618.5,1007.7,126.2,1035.4,262.1,526.8,588.6,695.9,418.9,973.7,934.8,683.1,495.7,587.8,1031.8,889.9,353.3,1137.3,46.2,848.7,118.0,717.4,962.8,853.3,673.6,313.6,700.9,767.3,167.8,977.5,148.2,706.0,837.3,1035.4,1039.3,1063.7,539.6,401.8,574.9,808.7,682.6,925.5,303.4,687.7,1074.1,511.1,861.1,782.9,836.7,141.4,966.3,947.3,1106.4,788.8,986.8,620.2,1014.8,1174.1,662.7,595.9,451.0,376.3,668.5,932.0,842.5,1085.2,724.3,1158.0,767.3,977.5,619.7,192.0,1169.5,12.4,1146.2,1046.0,1004.1,669.7,1029.7,758.8,949.0,1134.2,410.1,635.1,1183.0,1021.3,649.6,638.3,152.9,987.7,980.6,651.0,975.3,81.9
37,1095.5,293.5,125.2,64.6,254.5,425.5,362.1,597.3,440.2,428.3,346.2,443.0,628.9,532.6,236.0,297.9,276.5,593.4,385.0,88.5,557.7,533.8,513.0,453.9,84.9,519.4,527.3,613.2,553.5,410.1,592.6,57.8,729.0,91.2,413.6,204.0,572.6,0.0,543.0,436.9,436.8,357.9,537.7,728.2,706.7,33.0,736.5,450.7,295.8,447.9,730.9,285.9,505.6,279.7,317.3,23.6,682.9,485.3,522.1,76.1,792.0,489.2,602.6,371.1,488.8,101.0,495.9,203.7,485.7,734.8,250.7,504.0,410.4,547.9,458.5,644.9,705.9,594.0,361.1,454.6,362.7,480.0,421.9,131.2,382.6,346.2,279.6,513.2,494.7,489.1,351.3,482.6,602.6,551.3,672.3,33.0,658.9,2.3,608.7,266.2,725.5,372.4,333.0,642.7,94.9,474.2,295.3,349.1,519.8,483.5,459.3,675.0,301.2,499.2,265.5,654.0,686.1,93.2,276.1,547.2,637.4,313.8,444.4,642.5,653.8,524.3,726.6,279.6,546.1,132.1,537.4,809.6,585.2,714.8,592.0,633.9,328.5,814.0,326.4,517.6,646.2,404.7,435.1,695.0,533.7,217.2,438.3,643.1,772.0,496.7,303.1,487.3,572.1
38,629.9,331.8,528.7,506.4,712.5,314.3,820.1,54.3,647.2,161.3,655.6,349.0,512.4,990.6,561.7,755.9,398.3,50.4,193.3,546.5,226.6,202.7,971.0,342.7,458.1,348.2,85.6,290.3,1011.5,868.1,1050.6,515.8,406.1,549.2,871.6,362.7,1030.6,543.0,0.0,364.7,412.6,815.9,206.6,982.7,480.8,510.0,413.6,378.5,329.5,234.6,232.7,267.9,267.1,613.5,651.1,566.6,258.9,194.2,164.4,491.4,469.1,947.2,279.7,829.1,695.8,442.0,641.2,661.7,247.2,441.7,423.0,962.0,617.4,139.4,265.0,851.9,374.8,1052.0,212.7,912.6,763.5,284.8,252.4,437.9,840.6,747.0,287.4,971.2,299.5,947.1,660.7,559.2,279.7,228.4,429.9,510.0,1116.9,545.3,548.8,528.5,432.4,830.4,677.8,311.6,552.9,413.1,278.5,213.1,977.8,288.3,184.0,343.9,241.8,43.8,666.3,331.1,262.1,512.1,538.4,754.2,844.4,714.6,141.8,526.0,322.7,673.4,395.5,287.4,215.0,443.7,995.4,311.4,1043.2,383.7,269.1,311.0,590.8,451.2,349.5,161.9,104.9,862.7,642.1,271.0,9.3,447.2,645.3,1052.3,449.1,116.2,761.1,195.2,1030.1
39,890.8,169.2,469.1,376.6,652.9,50.4,714.1,419.0,324.3,327.6,687.4,521.3,513.0,884.6,502.1,696.3,389.3,415.1,229.8,486.9,591.3,567.4,865.0,96.2,398.5,161.7,426.6,308.4,905.5,762.1,849.1,456.2,424.2,489.6,765.6,232.9,882.3,436.9,364.7,0.0,89.7,750.3,571.3,659.8,498.9,439.7,431.7,13.8,171.5,155.3,426.1,243.4,187.8,553.9,591.5,451.9,378.1,424.1,421.4,361.6,487.2,841.2,297.8,723.1,372.9,382.4,380.0,602.1,167.9,459.8,377.1,902.4,294.5,447.2,502.9,529.0,673.8,892.2,253.8,806.6,703.9,122.3,466.3,308.1,734.6,687.4,196.4,865.2,137.0,841.1,692.5,731.5,297.8,246.5,750.6,439.7,1057.3,439.2,492.8,398.4,450.5,724.4,674.2,676.3,493.3,90.2,188.1,265.2,871.8,125.8,203.9,708.6,269.5,320.9,606.7,349.2,381.3,382.3,408.3,431.3,521.5,655.0,308.1,526.6,687.4,408.4,710.9,196.4,579.7,359.9,889.4,504.8,869.7,699.1,287.2,329.1,348.2,509.2,430.2,456.4,365.8,756.7,319.2,390.2,355.4,398.5,322.4,729.4,467.2,396.0,701.5,169.5,800.4
40,938.7,169.1,477.6,376.5,661.1,98.3,714.0,466.9,248.0,375.5,695.9,569.2,436.7,884.5,510.6,704.5,437.2,463.0,277.7,495.1,639.2,615.3,838.8,144.1,407.0,209.6,474.5,356.3,905.4,762.0,772.8,464.4,472.1,497.8,765.5,232.8,806.0,436.8,412.6,89.7,0.0,750.2,619.2,583.5,514.5,439.6,479.6,103.5,171.4,203.2,474.0,291.3,235.7,562.4,600.0,451.8,426.0,472.0,469.3,361.5,535.1,841.1,345.7,723.0,296.6,390.9,303.7,610.3,215.8,507.7,425.0,910.6,218.2,495.1,550.8,452.7,721.7,815.9,301.7,806.5,712.4,170.2,514.2,308.0,734.5,695.9,214.8,865.1,184.9,841.0,701.0,779.4,345.7,294.4,798.5,439.6,1065.5,439.1,416.5,334.2,498.4,724.3,682.7,724.2,501.5,55.1,236.0,313.1,871.7,173.7,251.8,756.5,317.4,368.8,615.2,397.1,429.2,382.2,408.2,355.0,445.2,663.5,356.0,450.3,735.3,332.1,758.8,214.8,627.6,359.8,889.3,552.7,793.4,747.0,335.1,377.0,271.9,557.1,478.1,504.3,413.7,756.6,242.9,438.1,403.3,446.4,246.1,653.1,515.1,443.9,709.7,217.4,724.1
41,1171.6,606.9,290.4,392.3,125.4,705.9,290.4,846.2,682.3,701.2,358.1,608.2,871.0,460.9,343.4,192.4,454.8,842.3,657.9,290.0,735.0,711.1,441.3,734.3,357.8,799.8,757.1,889.9,481.8,338.4,520.9,300.1,990.3,266.7,214.8,531.7,500.9,357.9,815.9,750.3,750.2,0.0,715.0,656.5,948.8,324.9,1007.0,764.1,609.2,724.6,1007.6,558.8,782.3,291.6,329.2,381.5,959.6,662.6,751.9,403.8,1049.8,417.5,879.3,299.4,730.9,373.9,738.0,176.2,762.4,976.9,429.0,190.8,652.5,777.7,635.8,771.8,883.2,522.3,634.0,382.9,317.7,760.4,599.2,458.9,310.9,301.2,593.0,441.5,775.1,417.4,363.2,494.5,879.3,828.0,720.9,324.9,345.7,360.2,850.8,508.3,967.6,300.7,344.9,820.0,263.0,787.6,568.2,622.0,448.1,763.9,736.0,806.9,574.1,772.1,277.4,930.7,962.8,448.0,421.6,789.3,794.8,270.0,717.3,884.6,828.1,766.4,903.9,593.0,723.4,405.0,465.7,1086.3,513.5,892.1,868.7,910.6,570.6,1071.8,504.7,694.9,920.8,267.9,677.2,971.7,806.6,395.5,680.4,571.4,1029.8,726.5,150.1,764.0,500.4
