,0,1,2,3,4,5,6,7,8,9,10,11,12,13,14,15,16,17,18,19,20,21,22,23,24,25,26,27,28,29,30,31,32,33,34,35,36,37,38,39,40,41,42,43,44,45,46,47,48,49,50,51,52,53,54,55,56,57,58,59,60,61,62,63,64,65,66,67,68,69,70,71,72,73,74,75,76,77,78,79,80,81,82,83,84,85,86,87,88,89,90,91,92,93,94,95,96,97,98,99,100,101,102,103,104,105,106,107,108,109,110,111,112,113,114,115,116,117,118,119,120,121,122,123,124,125,126,127,128,129,130,131,132,133,134,135,136,137,138,139,140,141,142,143,144,145,146,147,148,149,150,151,152
0,0.0,642.9,682.5,1471.3,659.4,821.5,1020.3,817.7,1244.1,1410.2,1334.6,821.8,699.3,864.8,1385.6,682.1,1309.8,1108.5,1171.7,666.0,1122.1,557.8,1131.9,1107.7,1497.8,963.8,1091.8,821.4,650.2,659.7,1145.3,1284.9,1385.6,689.7,663.6,419.2,828.8,824.5,962.7,1102.7,878.1,682.1,805.1,1420.1,1354.9,1333.5,842.6,629.1,1183.6,913.0,1036.9,1496.6,1456.1,1484.4,864.7,691.9,817.5,794.0,785.9,1447.7,1055.1,1514.0,675.0,1321.1,504.4,969.1,1430.6,810.2,834.3,862.9,602.8,602.8,870.6,559.9,678.3,1083.2,1112.4,1094.8,675.8,710.6,712.8,1071.5,661.8,937.3,859.0,781.6,997.5,1031.1,837.9,675.3,1119.1,1229.4,495.9,1358.9,532.1,1240.1,1413.8,1125.4,895.5,763.3,1108.7,869.3,750.6,1145.5,692.3,678.3,773.7,925.5,1145.5,738.0,959.4,1117.4,1535.8,710.6,1431.0,576.8,1514.1,741.8,1103.8,1138.2,688.1,698.4,887.4,711.5,1450.3,1521.3,660.0,1188.5,1142.5,719.9,943.9,1133.7,1031.4,860.3,650.5,1134.9,670.8,915.6,792.6,1091.8,1368.0,673.1,937.4,1102.7,837.2,681.5,989.2,816.6,625.6,651.1,852.5,721.3,1513.9
1,642.9,0.0,274.3,974.5,251.2,362.3,612.5,358.5,665.0,913.4,816.9,199.7,103.0,653.1,888.8,275.7,913.9,491.0,554.2,450.0,604.4,219.6,614.2,542.2,1079.1,499.4,652.4,282.3,242.1,63.4,613.9,788.1,888.8,202.6,67.3,411.4,289.7,285.4,345.2,784.5,388.6,275.7,187.6,923.3,858.1,836.7,303.5,148.3,566.1,288.5,497.8,999.8,1087.4,987.6,325.6,95.6,278.4,336.5,197.8,950.9,437.6,1017.2,266.8,803.4,496.6,351.6,933.8,348.1,401.9,651.2,140.2,140.2,294.9,259.3,271.9,573.9,494.9,684.6,464.1,114.3,207.2,672.7,65.5,400.8,306.5,569.9,473.0,662.4,298.8,267.1,553.6,711.7,296.3,875.8,316.1,622.6,896.1,559.9,356.4,167.0,543.2,296.2,156.7,542.3,466.0,271.9,177.4,377.0,542.3,309.8,588.1,551.9,1039.0,114.3,934.2,240.4,1017.3,145.5,493.4,520.7,91.8,192.8,348.3,446.8,953.5,1024.5,154.4,745.6,732.3,214.3,407.4,624.4,465.9,648.6,242.3,625.6,264.4,343.7,256.1,474.3,850.3,76.8,529.6,784.5,194.3,275.1,750.5,277.5,219.2,241.2,209.6,182.2,1017.1
2,682.5,274.3,0.0,843.1,23.1,180.8,760.0,177.0,615.9,782.0,964.4,269.6,206.1,440.6,757.4,498.3,770.3,551.3,698.1,677.7,751.9,124.7,761.7,467.0,947.7,646.9,521.0,429.8,389.6,260.9,757.8,656.7,757.4,350.1,264.8,316.5,437.2,432.9,475.8,613.7,237.4,498.3,319.1,791.9,726.7,705.3,451.0,126.0,710.0,358.4,645.3,868.4,916.6,856.2,473.1,198.7,425.9,153.3,342.9,819.5,577.1,885.8,34.3,950.9,305.1,482.2,802.4,495.6,193.6,438.7,367.9,367.9,440.0,487.0,494.5,442.5,638.8,553.2,251.6,217.4,137.9,532.0,263.0,548.3,451.6,357.4,620.5,491.6,446.3,7.2,478.4,859.2,201.4,744.4,543.8,708.9,1043.6,484.7,503.9,228.0,468.0,441.3,304.2,504.8,613.5,494.5,238.4,522.1,504.8,97.3,384.2,476.7,907.6,217.4,802.8,468.1,885.9,257.3,463.1,521.6,239.7,152.3,495.8,594.3,822.1,893.1,156.9,614.2,600.9,130.8,554.9,493.0,390.7,436.1,59.0,494.2,487.0,274.9,403.6,618.2,997.8,224.7,677.1,613.7,264.2,497.7,546.6,425.0,414.2,388.7,279.5,329.7,885.7
3,1471.3,974.5,843.1,0.0,824.4,688.8,929.1,692.6,361.8,169.5,647.2,805.6,1007.4,621.7,161.1,1131.6,437.6,627.7,678.2,1264.6,764.2,926.0,754.4,541.7,390.5,1002.2,379.5,978.7,1022.9,1037.9,737.9,201.5,161.1,983.4,1041.8,1052.1,942.5,938.2,762.9,635.1,661.4,1131.6,814.4,179.4,191.8,328.8,850.5,927.3,690.1,709.8,866.9,25.3,432.2,96.1,865.8,1000.0,931.2,715.7,867.6,56.8,625.4,258.4,808.8,565.2,966.9,769.3,97.3,1128.9,681.1,660.4,1113.4,1113.4,822.5,1189.4,1127.8,455.6,618.9,411.7,795.5,1018.7,873.6,399.8,1040.0,1138.4,834.1,689.7,1035.9,440.2,995.2,835.9,553.1,672.4,1002.7,399.5,1246.2,454.8,488.0,559.4,876.8,952.5,542.7,823.8,889.9,579.5,1190.9,1127.8,962.9,805.0,579.5,746.3,603.7,551.4,205.5,1018.7,209.3,1170.5,125.8,981.8,563.9,598.0,1032.1,888.0,868.7,1171.7,190.0,133.0,926.4,375.7,421.7,866.5,1145.0,416.1,508.6,657.8,860.3,382.9,1120.3,700.3,1036.9,598.3,627.0,1017.1,945.8,635.1,885.4,1131.0,674.3,930.3,1047.5,1022.0,764.9,932.2,258.3
4,659.4,251.2,23.1,824.4,0.0,162.1,741.3,158.3,597.2,763.3,945.7,250.9,183.0,421.9,738.7,479.6,751.6,532.6,679.4,654.6,733.2,101.6,743.0,448.3,929.0,628.2,502.3,411.1,370.9,237.8,739.1,638.0,738.7,331.4,241.7,293.4,418.5,414.2,457.1,595.0,218.7,479.6,300.4,773.2,708.0,686.6,432.3,102.9,691.3,339.7,626.6,849.7,897.9,837.5,454.4,175.6,407.2,134.6,324.2,800.8,558.4,867.1,15.6,932.2,286.4,463.5,783.7,476.9,174.9,420.0,344.8,344.8,421.3,463.9,475.8,423.8,620.1,534.5,232.9,194.3,119.2,513.3,239.9,529.6,432.9,338.7,601.8,472.9,427.6,15.9,459.7,840.5,178.3,725.7,520.7,690.2,1024.9,466.0,485.2,209.3,449.3,422.6,285.5,486.1,594.8,475.8,219.7,503.4,486.1,78.6,365.5,458.0,888.9,194.3,784.1,445.0,867.2,238.6,444.4,502.9,216.6,133.6,477.1,575.6,803.4,874.4,133.8,595.5,582.2,112.1,536.2,474.3,372.0,417.4,35.9,475.5,468.3,256.2,384.9,599.5,979.1,201.6,658.4,595.0,245.5,479.0,527.9,406.3,395.5,370.0,260.8,311.0,867.0
5,821.5,362.3,180.8,688.8,162.1,0.0,783.0,3.8,461.6,627.7,850.1,202.2,335.0,339.8,603.1,539.3,616.0,396.0,541.3,728.2,637.6,263.7,647.4,311.7,793.4,687.9,366.7,386.4,430.6,376.2,601.0,502.4,603.1,391.1,380.1,437.0,393.8,389.5,319.0,459.4,56.6,539.3,239.9,637.6,572.4,551.0,341.4,265.0,553.2,193.3,531.0,714.1,762.3,701.9,385.3,327.6,382.5,27.5,275.3,665.2,420.3,731.5,146.5,836.6,351.8,325.4,648.1,536.6,62.9,378.5,483.2,483.2,313.4,597.1,535.5,288.2,482.0,398.9,298.3,346.3,211.3,377.7,378.3,589.3,325.0,404.1,661.5,337.3,402.9,173.6,323.1,744.9,340.4,590.1,653.9,554.6,929.3,329.4,416.1,275.4,312.7,314.7,297.6,349.5,654.5,535.5,285.8,394.4,349.5,83.5,230.0,321.4,753.3,346.3,648.5,578.2,731.6,304.7,307.8,366.3,355.0,225.7,408.0,635.3,667.8,738.8,264.1,459.9,446.6,204.2,595.9,338.7,235.4,375.9,198.0,339.9,528.0,105.2,444.6,461.4,883.5,340.0,718.1,459.4,282.0,538.7,392.4,381.6,455.2,429.7,200.1,339.9,731.4
6,1020.3,612.5,760.0,929.1,741.3,783.0,0.0,786.8,595.5,832.9,380.5,599.0,715.5,835.7,843.4,618.5,868.5,493.1,250.9,401.7,168.0,832.1,177.8,568.0,935.8,139.3,719.6,574.2,509.8,675.9,191.2,742.7,843.4,470.3,679.8,1023.9,538.3,534.0,569.4,865.1,727.3,618.5,582.3,823.0,812.7,791.3,468.1,760.8,239.0,589.7,256.8,954.4,977.5,869.9,424.2,708.1,527.0,775.4,538.7,905.5,431.9,673.8,725.7,367.0,957.7,575.8,888.4,313.5,819.3,874.4,613.4,613.4,496.1,621.2,614.7,654.5,310.2,751.8,904.2,726.8,684.9,739.9,678.0,275.5,484.5,903.7,173.0,743.0,590.7,752.8,570.8,275.3,908.8,830.4,488.2,553.1,459.7,564.5,406.8,671.8,569.0,494.8,503.4,544.4,328.0,614.7,682.2,388.6,544.4,749.9,801.0,572.5,765.7,726.8,802.0,638.1,899.6,701.1,519.3,522.8,704.3,699.3,414.9,308.8,799.3,851.2,737.7,715.8,761.8,677.8,282.1,705.0,589.7,871.8,777.2,706.2,607.2,677.8,356.4,330.8,413.9,689.3,82.9,865.1,634.4,617.9,888.3,526.1,534.4,508.9,639.1,474.1,673.9
7,817.7,358.5,177.0,692.6,158.3,3.8,786.8,0.0,465.4,631.5,853.9,198.4,331.2,343.6,606.9,535.5,619.8,399.8,545.1,724.4,641.4,259.9,651.2,315.5,797.2,684.1,370.5,382.6,426.8,372.4,604.8,506.2,606.9,387.3,376.3,433.2,390.0,385.7,322.8,463.2,60.4,535.5,236.1,641.4,576.2,554.8,345.2,261.2,557.0,197.1,534.8,717.9,766.1,705.7,389.1,323.8,378.7,23.7,271.5,669.0,424.1,735.3,142.7,840.4,348.0,329.2,651.9,532.8,65.4,382.3,479.4,479.4,317.2,593.3,531.7,292.0,485.8,402.7,294.5,342.5,207.5,381.5,374.5,585.5,328.8,400.3,657.7,341.1,399.1,169.8,326.9,748.7,336.6,593.9,650.1,558.4,933.1,333.2,419.9,271.6,316.5,318.5,293.8,353.3,650.7,531.7,282.0,398.2,353.3,79.7,233.8,325.2,757.1,342.5,652.3,574.4,735.4,300.9,311.6,370.1,351.2,221.9,411.8,631.5,671.6,742.6,260.3,463.7,450.4,200.4,592.1,342.5,239.2,379.7,194.2,343.7,524.2,109.0,440.8,465.2,887.3,336.2,714.3,463.2,278.2,534.9,396.2,377.8,451.4,425.9,196.3,336.1,735.2
8,1244.1,665.0,615.9,361.8,597.2,461.6,595.5,465.4,0.0,300.7,662.6,540.2,768.0,394.5,276.1,798.0,301.2,353.0,344.6,931.0,450.1,698.8,459.9,314.5,466.4,668.6,152.3,645.1,689.3,728.4,404.3,175.4,276.1,649.8,732.3,824.9,608.9,604.6,429.3,407.9,434.2,798.0,490.7,310.6,245.4,224.0,516.9,700.1,356.5,458.8,533.3,387.1,508.1,374.9,532.2,760.6,597.6,488.5,534.0,338.2,291.8,404.5,581.6,649.1,739.7,435.7,321.1,795.3,453.9,433.2,779.8,779.8,488.9,855.8,794.2,228.4,285.3,184.5,568.3,779.3,646.4,172.6,730.5,804.8,500.5,462.5,702.3,213.0,661.6,608.7,325.9,557.4,775.5,263.1,912.6,121.2,634.1,332.2,543.2,720.7,315.5,490.2,556.3,352.3,857.3,794.2,731.1,471.4,352.3,519.1,376.5,324.2,426.3,779.3,321.5,836.9,404.6,750.0,336.7,370.8,756.8,660.8,535.1,838.1,340.8,411.8,699.2,148.5,194.5,639.3,811.4,188.9,281.4,430.6,633.1,155.7,786.7,473.1,703.3,264.7,696.0,741.8,612.2,407.9,649.9,797.4,447.1,596.7,713.9,688.4,529.4,598.6,404.4
9,1410.2,913.4,782.0,169.5,763.3,627.7,832.9,631.5,300.7,0.0,547.9,744.5,946.3,560.6,24.6,1070.5,370.1,566.6,617.1,1168.4,664.9,864.9,655.1,480.6,221.0,906.0,318.4,917.6,961.8,976.8,676.8,125.3,24.6,922.3,980.7,991.0,881.4,877.1,701.8,574.0,600.3,1070.5,753.3,9.9,55.3,261.3,789.4,866.2,629.0,648.7,776.3,194.8,262.7,107.2,804.7,938.9,870.1,654.6,806.5,145.9,564.3,159.1,747.7,465.9,905.8,708.2,186.4,1067.8,620.0,599.3,1052.3,1052.3,761.4,1128.3,1066.7,394.5,557.8,350.6,734.4,957.6,812.5,338.7,978.9,1042.2,773.0,628.6,939.7,379.1,934.1,774.8,492.0,573.1,941.6,332.0,1185.1,393.7,388.7,498.3,815.7,891.4,481.6,762.7,828.8,518.4,1094.7,1066.7,901.8,743.9,518.4,685.2,542.6,490.3,158.6,957.6,42.7,1109.4,136.9,920.7,502.8,536.9,971.0,826.9,807.6,1075.5,62.0,144.1,865.3,314.6,360.6,805.4,1048.8,355.0,447.5,596.7,799.2,321.8,1059.2,639.2,975.8,537.2,527.7,956.0,849.6,574.0,824.3,1069.9,613.2,869.2,986.4,960.9,703.8,871.1,159.0
10,1334.6,816.9,964.4,647.2,945.7,850.1,380.5,853.9,662.6,547.9,0.0,708.2,919.9,902.8,572.5,847.1,862.7,560.2,318.0,716.0,212.5,1036.5,202.7,635.1,650.8,453.6,786.7,681.2,738.4,880.3,258.3,617.9,572.5,698.9,884.2,1228.3,605.4,601.1,636.5,932.2,794.4,847.1,688.7,538.0,573.1,753.9,535.2,965.2,306.1,656.8,323.9,672.5,692.5,584.9,491.3,912.5,594.1,877.6,645.7,623.6,499.0,388.8,930.1,273.9,1162.1,642.9,664.1,627.8,886.4,941.5,842.0,842.0,563.2,904.9,843.3,721.6,377.3,818.9,1076.6,931.2,889.3,807.0,882.4,589.8,551.6,970.8,487.3,810.1,697.7,957.2,637.9,105.2,1113.2,824.6,802.5,620.2,159.2,631.6,473.9,876.2,636.1,561.9,683.4,611.5,642.3,843.3,886.6,455.7,611.5,889.2,868.1,639.6,480.7,931.2,517.0,886.0,614.6,905.5,586.4,589.9,908.7,903.7,482.0,623.1,514.3,566.2,942.1,782.9,828.9,882.2,596.4,772.1,656.8,938.9,981.6,773.3,835.8,744.9,670.7,397.9,113.4,893.7,397.2,932.2,818.8,846.5,955.4,593.2,763.0,737.5,727.4,634.7,388.9
11,821.8,199.7,269.6,805.6,250.9,202.2,599.0,198.4,540.2,744.5,708.2,0.0,241.0,529.0,719.9,337.3,745.0,352.9,429.4,526.2,495.7,349.5,505.5,373.3,910.2,485.9,483.5,184.4,228.6,263.1,489.1,619.2,719.9,189.1,267.0,541.3,191.8,187.5,207.1,615.6,228.5,337.3,49.5,754.4,689.2,667.8,198.4,278.2,441.3,119.6,389.1,830.9,918.5,818.7,227.7,233.6,180.5,176.4,73.3,782.0,308.4,848.3,235.3,694.7,464.3,213.5,764.9,334.6,241.8,567.7,319.1,319.1,170.4,395.1,333.5,405.0,370.1,515.7,410.8,252.3,194.5,503.8,265.2,387.3,182.0,516.6,459.5,493.5,200.9,262.4,384.7,603.0,426.2,706.9,451.9,497.8,787.4,391.0,258.5,181.4,374.3,171.7,95.6,404.2,452.5,333.5,191.8,252.5,404.2,181.0,419.2,383.0,870.1,252.3,765.3,376.2,848.4,210.7,355.3,382.6,261.0,208.9,250.4,433.3,784.6,855.6,247.3,576.7,563.4,187.4,393.9,455.5,297.0,565.1,286.8,456.7,326.0,179.1,242.6,349.5,741.6,246.0,516.1,615.6,110.6,336.7,581.6,179.6,253.2,227.7,40.7,137.9,848.2
12,699.3,103.0,206.1,1007.4,183.0,335.0,715.5,331.2,768.0,946.3,919.9,241.0,0.0,604.9,921.7,332.1,934.6,593.0,657.2,506.4,707.4,151.4,717.2,583.5,1112.0,602.4,685.3,385.3,300.2,89.6,716.9,821.0,921.7,305.6,93.5,343.2,392.7,388.4,447.2,778.0,361.3,332.1,290.5,956.2,891.0,869.6,406.5,80.1,669.1,329.8,600.8,1032.7,1080.9,1020.5,428.6,7.4,381.4,309.2,300.8,983.8,540.6,1050.1,198.6,906.4,428.4,453.6,966.7,451.1,357.9,603.0,196.6,196.6,397.9,315.7,328.3,606.8,597.9,717.5,415.9,11.3,139.0,696.3,91.7,503.8,409.5,521.7,576.0,655.9,401.8,198.9,594.9,814.7,228.1,908.7,372.5,725.6,999.1,601.2,459.4,112.4,584.5,399.2,259.7,621.3,532.7,328.3,122.8,480.0,621.3,261.6,548.5,593.2,1071.9,11.3,967.1,296.8,1050.2,90.9,567.6,622.7,68.4,124.6,451.3,549.8,986.4,1057.4,86.2,778.5,765.2,146.1,510.4,657.3,507.2,600.4,174.1,658.5,320.8,316.4,359.1,577.3,953.3,53.4,632.6,778.0,235.6,331.5,710.9,380.5,275.6,301.1,250.9,285.2,1050.0
13,864.8,653.1,440.6,621.7,421.9,339.8,835.7,343.6,394.5,560.6,902.8,529.0,604.9,0.0,536.0,831.5,460.2,408.3,584.8,1020.4,690.3,523.5,700.1,322.3,648.2,908.8,242.2,705.5,722.8,659.7,644.5,435.3,536.0,683.3,663.6,445.6,673.3,669.0,521.0,253.1,312.4,831.5,537.8,570.5,505.3,483.9,581.3,524.8,596.7,433.2,720.0,647.0,606.5,634.8,625.2,597.5,662.0,366.7,594.4,598.1,447.5,664.4,406.3,889.3,360.4,527.4,581.0,828.8,332.0,53.9,766.7,766.7,553.3,885.8,827.7,282.6,525.5,245.2,189.0,616.2,471.1,221.9,661.8,881.5,564.9,83.2,942.5,181.5,722.0,433.4,333.7,797.6,575.5,509.3,942.6,487.5,894.0,340.0,655.2,561.2,323.3,554.6,616.7,360.1,946.7,827.7,571.6,583.4,360.1,397.2,109.8,332.0,686.2,616.2,581.4,866.9,664.5,590.5,344.5,378.6,638.5,485.5,647.1,927.5,600.7,671.7,523.9,338.9,292.9,464.0,888.1,333.1,289.2,51.3,457.8,303.0,820.2,361.9,736.8,504.9,936.2,623.5,852.4,253.1,597.4,830.9,163.4,661.1,747.4,721.9,488.3,659.0,664.3
14,1385.6,888.8,757.4,161.1,738.7,603.1,843.4,606.9,276.1,24.6,572.5,719.9,921.7,536.0,0.0,1045.9,345.5,542.0,592.5,1178.9,689.5,840.3,679.7,456.0,245.6,916.5,293.8,893.0,937.2,952.2,652.2,100.7,0.0,897.7,956.1,966.4,856.8,852.5,677.2,549.4,575.7,1045.9,728.7,34.5,30.7,236.7,764.8,841.6,604.4,624.1,781.2,186.4,287.3,98.8,780.1,914.3,845.5,630.0,781.9,137.5,539.7,183.7,723.1,490.5,881.2,683.6,178.0,1043.2,595.4,574.7,1027.7,1027.7,736.8,1103.7,1042.1,369.9,533.2,326.0,709.8,933.0,787.9,314.1,954.3,1052.7,748.4,604.0,950.2,354.5,909.5,750.2,467.4,597.7,917.0,307.4,1160.5,369.1,413.3,473.7,791.1,866.8,457.0,738.1,804.2,493.8,1105.2,1042.1,877.2,719.3,493.8,660.6,518.0,465.7,150.2,933.0,67.3,1084.8,128.5,896.1,478.2,512.3,946.4,802.3,783.0,1086.0,78.5,135.7,840.7,290.0,336.0,780.8,1059.3,330.4,422.9,572.1,774.6,297.2,1034.6,614.6,951.2,512.6,552.3,931.4,860.1,549.4,799.7,1045.3,588.6,844.6,961.8,936.3,679.2,846.5,183.6
15,682.1,275.7,498.3,1131.6,479.6,539.3,618.5,535.5,798.0,1070.5,847.1,337.3,332.1,831.5,1045.9,0.0,1071.0,624.0,687.2,389.1,634.6,448.7,644.4,698.9,1236.2,505.4,812.9,312.5,108.7,292.5,652.2,945.2,1045.9,148.2,296.4,640.5,319.9,315.6,478.2,945.0,562.8,0.0,320.6,1080.4,1015.2,993.8,333.7,377.4,699.1,428.5,528.0,1156.9,1247.9,1144.7,355.8,324.7,308.6,513.7,277.0,1108.0,570.6,1140.4,464.0,833.6,696.0,484.6,1090.9,354.1,578.9,829.6,135.5,135.5,361.7,198.4,54.8,734.4,627.9,845.1,642.5,343.4,423.2,833.2,294.6,406.8,350.1,748.3,479.0,822.9,329.0,491.1,701.7,741.9,525.4,1032.9,255.2,755.6,926.3,695.4,386.6,396.1,699.9,360.4,241.7,675.3,415.4,54.8,406.5,416.6,675.3,488.2,748.6,703.4,1196.1,343.4,1091.3,179.5,1174.4,374.6,626.4,653.7,320.9,421.9,378.5,434.6,1110.6,1181.6,383.5,906.1,892.8,416.1,413.4,784.9,626.4,827.0,471.4,786.1,11.3,513.3,262.1,607.3,880.5,305.9,535.6,945.0,372.7,58.0,911.0,307.7,84.1,109.6,377.4,212.4,1140.5
16,1309.8,913.9,770.3,437.6,751.6,616.0,868.5,619.8,301.2,370.1,862.7,745.0,934.6,460.2,345.5,1071.0,0.0,567.1,617.6,1204.0,723.1,853.2,732.9,481.1,377.2,941.6,318.9,918.1,962.3,977.3,677.3,244.8,345.5,922.8,981.2,890.6,881.9,877.6,702.3,307.4,588.6,1071.0,753.8,380.0,314.8,184.2,789.9,854.5,629.5,649.2,806.3,462.9,335.5,444.3,805.2,927.2,870.6,642.9,807.0,414.0,564.8,473.9,736.0,780.7,805.4,708.7,396.9,1068.3,608.3,498.9,1052.8,1052.8,761.9,1128.8,1067.2,395.0,558.3,323.2,634.0,945.9,800.8,339.1,979.4,1077.8,773.5,528.2,975.3,336.7,934.6,763.1,492.5,830.4,929.9,117.1,1185.6,394.2,703.5,498.8,816.2,879.7,482.1,763.2,829.3,518.9,1130.3,1067.2,890.1,744.4,518.9,673.5,442.2,490.8,495.7,945.9,390.9,1109.9,474.0,909.0,503.3,537.4,959.3,815.2,808.1,1111.1,410.2,481.2,853.6,265.0,279.8,793.7,1084.4,355.5,448.0,496.3,787.5,322.3,1059.7,627.5,976.3,537.7,842.5,944.3,885.2,307.4,824.8,1070.4,447.8,869.7,986.9,961.4,704.3,871.6,473.8
17,1108.5,491.0,551.3,627.7,532.6,396.0,493.1,399.8,353.0,566.6,560.2,352.9,593.0,408.3,542.0,624.0,567.1,0.0,242.2,812.9,347.7,634.2,357.5,89.1,732.3,566.2,305.6,471.1,515.3,554.4,301.9,441.3,542.0,475.8,558.3,800.3,435.2,430.9,242.0,437.7,368.6,624.0,303.4,576.5,511.3,489.9,343.2,630.2,254.1,271.5,430.9,653.0,740.6,640.8,358.5,585.6,423.9,422.9,360.0,604.1,104.9,670.4,517.0,546.7,715.1,248.4,587.0,621.3,401.6,447.0,605.8,605.8,315.2,681.8,620.2,227.1,182.9,337.8,582.1,604.3,546.5,325.9,556.5,674.0,326.8,476.3,599.9,315.6,487.6,544.1,77.7,455.0,710.9,529.0,738.6,310.6,639.4,71.4,369.5,533.4,88.1,316.5,382.3,51.3,739.2,620.2,543.8,297.7,51.3,454.0,373.6,79.4,692.2,604.3,587.4,662.9,670.5,562.7,97.2,29.7,582.8,560.9,361.4,720.0,606.7,677.7,599.3,398.8,385.5,539.4,680.6,277.6,162.3,444.4,568.5,278.8,612.7,359.6,529.3,162.3,593.6,567.8,509.8,437.7,462.6,623.4,460.9,423.0,539.9,514.4,342.1,424.6,670.3
18,1171.7,554.2,698.1,678.2,679.4,541.3,250.9,545.1,344.6,617.1,318.0,429.4,657.2,584.8,592.5,687.2,617.6,242.2,0.0,586.4,105.5,773.8,115.3,317.1,782.8,324.0,468.7,534.3,578.5,617.6,59.7,491.8,592.5,539.0,621.5,965.6,470.2,465.9,318.5,614.2,485.6,687.2,379.9,627.0,561.8,540.4,400.0,702.5,11.9,348.0,188.7,703.5,824.5,691.3,356.1,649.8,458.9,568.8,423.2,654.6,181.0,611.3,663.8,304.5,890.1,324.9,637.5,498.2,577.6,623.5,669.0,669.0,378.1,745.0,683.4,403.6,59.3,500.9,758.6,668.5,623.0,489.0,619.7,460.2,389.7,652.8,357.7,492.1,550.8,690.9,319.9,212.8,850.5,579.5,672.9,302.2,397.2,313.6,338.7,609.9,318.1,379.4,445.5,293.5,512.7,683.4,620.3,320.5,293.5,609.4,550.1,321.6,703.2,668.5,637.9,726.1,721.0,639.2,268.4,271.9,646.0,637.4,346.8,493.5,657.2,728.2,675.8,464.9,510.9,615.9,466.8,454.1,338.8,620.9,715.3,455.3,675.9,436.1,541.1,79.9,351.4,631.0,267.6,614.2,539.1,686.6,637.4,458.0,603.1,577.6,418.6,487.8,611.4
19,666.0,450.0,677.7,1264.6,654.6,728.2,401.7,724.4,931.0,1168.4,716.0,526.2,506.4,1020.4,1178.9,389.1,1204.0,812.9,586.4,0.0,503.5,623.0,513.3,887.8,1271.3,345.2,1001.8,501.4,357.2,466.8,526.7,1078.2,1178.9,396.7,470.7,715.9,508.8,504.5,667.1,1133.9,751.7,389.1,509.5,1158.5,1148.2,1126.8,522.6,551.7,574.5,617.4,592.3,1289.9,1313.0,1205.4,544.7,499.0,497.5,702.6,465.9,1241.0,759.5,1009.3,652.9,702.5,801.1,673.5,1223.9,191.6,767.8,1018.5,309.8,309.8,550.6,266.9,385.3,923.3,645.7,1034.0,831.4,517.7,610.6,1022.1,468.9,335.1,539.0,937.2,378.9,1011.8,517.9,670.5,890.6,610.8,586.0,1165.9,133.9,888.6,795.2,884.3,575.5,570.4,888.8,549.3,430.6,864.2,73.7,385.3,580.8,605.5,864.2,677.1,937.5,892.3,1101.2,517.7,1137.5,283.8,1235.1,548.9,815.3,842.6,495.2,596.2,567.4,92.9,1134.8,1186.7,557.8,1051.3,1081.7,605.0,341.7,973.8,815.3,1015.9,645.7,975.0,377.8,702.2,283.6,666.3,749.4,480.2,318.8,1133.9,561.6,388.5,1099.9,496.6,332.6,358.1,566.3,401.3,1009.4
20,1122.1,604.4,751.9,764.2,733.2,637.6,168.0,641.4,450.1,664.9,212.5,495.7,707.4,690.3,689.5,634.6,723.1,347.7,105.5,503.5,0.0,824.0,9.8,422.6,767.8,241.1,574.2,468.7,525.9,667.8,45.8,597.3,689.5,486.4,671.7,1015.8,392.9,388.6,424.0,719.7,581.9,634.6,476.2,655.0,667.3,645.9,322.7,752.7,93.6,444.3,111.4,789.5,809.5,701.9,278.8,700.0,381.6,665.1,433.2,740.6,286.5,505.8,717.6,199.0,949.6,430.4,743.0,415.3,673.9,729.0,629.5,629.5,350.7,692.4,630.8,509.1,164.8,606.4,864.1,718.7,676.8,594.5,669.9,377.3,339.1,758.3,274.8,597.6,485.2,744.7,425.4,107.3,900.7,685.0,590.0,407.7,291.7,419.1,261.4,663.7,423.6,349.4,470.9,399.0,429.8,630.8,674.1,243.2,399.0,676.7,655.6,427.1,597.7,718.7,634.0,673.5,731.6,693.0,373.9,377.4,696.2,691.2,269.5,410.6,631.3,683.2,729.6,570.4,616.4,669.7,383.9,559.6,444.3,726.4,769.1,560.8,623.3,532.4,458.2,185.4,245.9,681.2,184.7,719.7,606.3,634.0,742.9,380.7,550.5,525.0,514.9,422.2,505.9
21,557.8,219.6,124.7,926.0,101.6,263.7,832.1,259.9,698.8,864.9,1036.5,349.5,151.4,523.5,840.3,448.7,853.2,634.2,773.8,623.0,824.0,0.0,833.8,549.9,1030.6,719.0,603.9,501.9,416.8,206.2,833.5,739.6,840.3,422.2,210.1,191.8,509.3,505.0,555.7,696.6,320.3,448.7,399.0,874.8,809.6,788.2,523.1,71.3,785.7,438.3,717.4,951.3,999.5,939.1,545.2,144.0,498.0,236.2,417.4,902.4,657.0,968.7,117.2,1023.0,277.0,562.1,885.3,567.7,276.5,521.6,313.2,313.2,514.5,432.3,444.9,525.4,714.5,636.1,334.5,162.7,155.0,614.9,208.3,620.4,526.1,440.3,692.6,574.5,518.4,117.5,561.3,931.3,76.7,827.3,489.1,791.8,1115.7,567.6,576.0,229.0,550.9,515.8,376.3,587.7,649.3,444.9,239.4,596.6,587.7,180.2,467.1,559.6,990.5,162.7,885.7,413.4,968.8,207.5,546.0,604.5,185.0,140.6,567.9,666.4,905.0,976.0,102.2,697.1,683.8,162.1,627.0,575.9,473.6,519.0,92.7,577.1,437.4,357.8,475.7,693.9,1069.9,170.0,749.2,696.6,344.1,448.1,629.5,497.1,392.2,417.7,359.4,401.8,968.6
22,1131.9,614.2,761.7,754.4,743.0,647.4,177.8,651.2,459.9,655.1,202.7,505.5,717.2,700.1,679.7,644.4,732.9,357.5,115.3,513.3,9.8,833.8,0.0,432.4,758.0,250.9,584.0,478.5,535.7,677.6,55.6,607.1,679.7,496.2,681.5,1025.6,402.7,398.4,433.8,729.5,591.7,644.4,486.0,645.2,677.1,655.7,332.5,762.5,103.4,454.1,121.2,779.7,799.7,692.1,288.6,709.8,391.4,674.9,443.0,730.8,296.3,496.0,727.4,189.2,959.4,440.2,752.8,425.1,683.7,738.8,639.3,639.3,360.5,702.2,640.6,518.9,174.6,616.2,873.9,728.5,686.6,604.3,679.7,387.1,348.9,768.1,284.6,607.4,495.0,754.5,435.2,97.5,910.5,694.8,599.8,417.5,281.9,428.9,271.2,673.5,433.4,359.2,480.7,408.8,439.6,640.6,683.9,253.0,408.8,686.5,665.4,436.9,587.9,728.5,624.2,683.3,721.8,702.8,383.7,387.2,706.0,701.0,279.3,420.4,621.5,673.4,739.4,580.2,626.2,679.5,393.7,569.4,454.1,736.2,778.9,570.6,633.1,542.2,468.0,195.2,236.1,691.0,194.5,729.5,616.1,643.8,752.7,390.5,560.3,534.8,524.7,432.0,496.1
23,1107.7,542.2,467.0,541.7,448.3,311.7,568.0,315.5,314.5,480.6,635.1,373.3,583.5,322.3,456.0,698.9,481.1,89.1,317.1,887.8,422.6,549.9,432.4,0.0,646.3,641.1,219.6,546.0,590.2,605.6,376.8,355.3,456.0,550.7,609.5,716.0,510.1,505.8,316.9,351.7,284.3,698.9,378.3,490.5,425.3,403.9,418.1,551.2,329.0,277.5,505.8,567.0,654.6,554.8,433.4,576.1,498.8,338.6,434.9,518.1,179.8,584.4,432.7,621.6,630.8,323.3,501.0,696.2,317.1,361.0,680.7,680.7,390.1,756.7,695.1,141.1,257.8,251.8,496.1,594.8,497.5,239.9,607.7,748.9,401.7,390.3,674.8,229.6,562.5,459.8,11.4,529.9,626.6,443.0,813.5,385.5,714.3,17.7,444.4,523.9,1.0,391.4,457.2,37.8,814.1,695.1,534.3,372.6,37.8,369.7,287.6,9.7,606.2,594.8,501.4,737.8,584.5,553.2,76.8,59.4,603.5,511.9,436.3,794.9,520.7,591.7,550.3,312.8,299.5,490.4,755.5,191.6,76.3,358.4,484.2,192.8,687.6,311.8,604.2,237.2,668.5,588.5,584.7,351.7,453.1,698.3,374.9,497.9,614.8,589.3,332.6,499.5,584.3
24,1497.8,1079.1,947.7,390.5,929.0,793.4,935.8,797.2,466.4,221.0,650.8,910.2,1112.0,648.2,245.6,1236.2,377.2,732.3,782.8,1271.3,767.8,1030.6,758.0,646.3,0.0,1008.9,484.1,1083.3,1127.5,1142.5,813.6,291.0,245.6,1088.0,1146.4,1078.6,1047.1,1042.8,867.5,495.4,766.0,1236.2,919.0,211.1,246.2,427.0,955.1,1031.9,794.7,814.4,879.2,415.8,41.7,328.2,970.4,1104.6,1035.8,820.3,972.2,366.9,730.0,262.0,913.4,568.8,993.4,873.9,407.4,1183.1,785.7,686.9,1218.0,1218.0,927.1,1294.0,1232.4,560.2,723.5,511.2,822.0,1123.3,978.2,504.4,1144.6,1145.1,938.7,716.2,1042.6,524.7,1099.8,940.5,657.7,676.0,1107.3,426.3,1350.8,559.4,491.6,664.0,981.4,1057.1,647.3,928.4,994.5,684.1,1197.6,1232.4,1067.5,909.6,684.1,850.9,630.2,656.0,325.5,1123.3,190.1,1275.1,357.9,1086.4,668.5,702.6,1136.7,992.6,973.3,1178.4,209.4,365.1,1031.0,453.0,467.8,971.1,1151.7,520.7,613.2,684.3,964.9,487.5,1224.9,804.9,1141.5,702.9,630.6,1121.7,952.5,495.4,990.0,1235.6,635.8,1034.9,1152.1,1126.6,869.5,1036.8,261.9
25,963.8,499.4,646.9,1002.2,628.2,687.9,139.3,684.1,668.6,906.0,453.6,485.9,602.4,908.8,916.5,505.4,941.6,566.2,324.0,345.2,241.1,719.0,250.9,641.1,1008.9,0.0,792.7,461.1,396.7,562.8,264.3,815.8,916.5,357.2,566.7,910.8,468.5,464.2,626.8,938.2,711.4,505.4,469.2,896.1,885.8,864.4,482.3,647.7,312.1,577.1,329.9,1027.5,1050.6,943.0,497.3,595.0,457.2,662.3,425.6,978.6,505.0,746.9,612.6,440.1,844.6,633.2,961.5,242.1,727.5,947.5,500.3,500.3,510.3,563.2,501.6,727.6,383.3,824.9,791.1,613.7,571.8,813.0,564.9,162.4,498.7,896.9,59.9,816.1,477.6,639.7,643.9,348.4,795.7,903.5,431.7,626.2,532.8,637.6,479.9,558.7,642.1,509.0,390.3,617.5,271.5,501.6,569.1,461.7,617.5,636.8,874.1,645.6,838.8,613.7,875.1,544.3,972.7,588.0,592.4,595.9,591.2,586.2,488.0,252.3,872.4,924.3,624.6,788.9,834.9,564.7,169.0,778.1,662.8,944.9,664.1,779.3,494.1,661.9,243.3,403.9,487.0,576.2,56.4,938.2,521.3,504.8,961.4,456.3,421.3,395.8,526.0,361.0,747.0
26,1091.8,652.4,521.0,379.5,502.3,366.7,719.6,370.5,152.3,318.4,786.7,483.5,685.3,242.2,293.8,812.9,318.9,305.6,468.7,1001.8,574.2,603.9,584.0,219.6,484.1,792.7,0.0,660.0,704.2,715.8,528.4,193.1,293.8,664.7,719.7,672.6,627.8,623.5,475.5,271.6,339.3,812.9,492.3,328.3,263.1,241.7,535.8,605.2,480.6,387.7,657.4,404.8,501.7,392.6,579.7,677.9,616.5,393.6,548.9,355.9,344.8,422.2,486.7,729.0,587.4,481.9,338.8,810.2,359.0,280.9,792.6,792.6,507.8,870.7,809.1,133.5,409.4,32.2,416.0,696.6,551.5,20.3,717.9,862.9,519.4,310.2,826.4,60.7,676.5,513.8,231.0,681.5,680.6,280.8,927.5,245.3,651.8,237.3,609.4,630.4,220.6,509.1,571.2,257.4,928.1,809.1,640.8,537.6,257.4,424.2,224.2,229.3,444.0,696.6,339.2,851.8,422.3,659.7,241.8,275.9,710.0,565.9,601.3,908.9,358.5,429.5,604.3,125.9,79.9,544.4,869.5,94.0,186.5,278.3,538.2,60.8,801.6,378.2,718.2,388.8,790.8,695.0,736.3,271.6,563.3,812.3,294.8,615.6,728.8,703.3,442.8,613.5,422.1
27,821.4,282.3,429.8,978.7,411.1,386.4,574.2,382.6,645.1,917.6,681.2,184.4,385.3,705.5,893.0,312.5,918.1,471.1,534.3,501.4,468.7,501.9,478.5,546.0,1083.3,461.1,660.0,0.0,203.8,345.7,486.3,792.3,893.0,164.3,349.6,693.7,154.0,149.7,325.3,792.1,409.9,312.5,167.7,927.5,862.3,840.9,167.8,430.6,534.1,275.6,362.1,1004.0,1095.0,991.8,189.9,377.9,142.7,360.8,111.1,955.1,417.7,974.5,395.5,667.7,627.5,331.7,938.0,309.8,426.0,744.2,307.4,307.4,195.8,370.3,308.7,581.5,475.0,692.2,574.0,396.6,354.7,680.3,347.8,362.5,184.2,679.8,434.7,670.0,16.5,422.6,548.8,576.0,578.6,880.0,427.1,602.7,760.4,542.5,220.7,341.6,547.0,194.5,148.8,522.4,427.7,308.7,352.0,250.7,522.4,365.4,595.7,550.5,1043.2,396.6,938.4,351.4,1021.5,370.9,473.5,500.8,374.1,369.1,212.6,408.5,957.7,1028.7,407.5,753.2,739.9,347.6,369.1,632.0,473.5,741.6,447.0,633.2,301.2,360.4,217.8,454.4,714.6,359.1,491.3,792.1,295.0,311.9,758.1,141.8,228.4,202.9,224.5,100.1,974.6
28,650.2,242.1,389.6,1022.9,370.9,430.6,509.8,426.8,689.3,961.8,738.4,228.6,300.2,722.8,937.2,108.7,962.3,515.3,578.5,357.2,525.9,416.8,535.7,590.2,1127.5,396.7,704.2,203.8,0.0,260.6,543.5,836.5,937.2,39.5,264.5,608.6,211.2,206.9,369.5,836.3,454.1,108.7,211.9,971.7,906.5,885.1,225.0,345.5,590.4,319.8,419.3,1048.2,1139.2,1036.0,247.1,292.8,199.9,405.0,168.3,999.3,461.9,1031.7,355.3,724.9,587.3,375.9,982.2,245.4,470.2,720.9,103.6,103.6,253.0,166.5,104.9,625.7,519.2,736.4,533.8,311.5,314.5,724.5,262.7,298.1,241.4,639.6,370.3,714.2,220.3,382.4,593.0,633.2,493.5,924.2,223.3,646.9,817.6,586.7,277.9,301.4,591.2,251.7,133.0,566.6,363.3,104.9,311.8,307.9,566.6,379.5,639.9,594.7,1087.4,311.5,982.6,147.6,1065.7,330.7,517.7,545.0,289.0,328.9,269.8,344.1,1001.9,1072.9,351.6,797.4,784.1,307.4,304.7,676.2,517.7,718.3,406.8,677.4,97.4,404.6,153.4,498.6,771.8,274.0,426.9,836.3,264.0,108.1,802.3,199.0,24.6,0.9,268.7,103.7,1031.8
29,659.7,63.4,260.9,1037.9,237.8,376.2,675.9,372.4,728.4,976.8,880.3,263.1,89.6,659.7,952.2,292.5,977.3,554.4,617.6,466.8,667.8,206.2,677.6,605.6,1142.5,562.8,715.8,345.7,260.6,0.0,677.3,851.5,952.2,266.0,3.9,398.0,353.1,348.8,408.6,823.9,402.5,292.5,251.0,986.7,921.5,900.1,366.9,134.9,629.5,351.9,561.2,1063.2,1126.8,1051.0,389.0,82.2,341.8,350.4,261.2,1014.3,501.0,1080.6,253.4,866.8,483.2,415.0,997.2,411.5,412.7,657.8,157.0,157.0,358.3,276.1,288.7,637.3,558.3,748.0,470.7,100.9,193.8,736.1,2.1,464.2,369.9,576.5,536.4,701.8,362.2,253.7,617.0,775.1,282.9,939.2,332.9,686.0,959.5,623.3,419.8,153.6,606.6,359.6,220.1,605.7,493.1,288.7,164.0,440.4,605.7,316.4,603.3,615.3,1102.4,100.9,997.6,257.2,1080.7,132.1,556.8,584.1,78.4,179.4,411.7,510.2,1016.9,1087.9,141.0,809.0,795.7,200.9,470.8,687.8,529.3,655.2,228.9,689.0,281.2,357.6,319.5,537.7,913.7,63.4,593.0,823.9,257.7,291.9,765.7,340.9,236.0,261.5,273.0,245.6,1080.5
30,1145.3,613.9,757.8,737.9,739.1,601.0,191.2,604.8,404.3,676.8,258.3,489.1,716.9,644.5,652.2,652.2,677.3,301.9,59.7,526.7,45.8,833.5,55.6,376.8,813.6,264.3,528.4,486.3,543.5,677.3,0.0,551.5,652.2,504.0,681.2,1025.3,410.5,406.2,378.2,673.9,545.3,652.2,439.6,686.7,621.5,600.1,340.3,762.2,47.8,407.7,129.0,763.2,855.3,747.7,296.4,709.5,399.2,628.5,450.8,714.3,240.7,551.6,723.5,244.8,949.8,384.6,697.2,438.5,637.3,683.2,647.1,647.1,368.3,710.0,648.4,463.3,119.0,560.6,818.3,728.2,682.7,548.7,679.4,400.5,356.7,712.5,298.0,551.8,502.8,750.6,379.6,153.1,910.2,639.2,613.2,361.9,337.5,373.3,279.0,669.6,377.8,367.0,488.5,353.2,453.0,648.4,680.0,260.8,353.2,669.1,609.8,381.3,643.5,728.2,679.8,691.1,777.4,698.9,328.1,331.6,705.7,697.1,287.1,433.8,677.1,729.0,735.5,524.6,570.6,675.6,407.1,513.8,398.5,680.6,775.0,515.0,640.9,495.8,481.4,139.6,291.7,690.7,207.9,673.9,598.8,651.6,697.1,398.3,568.1,542.6,478.3,439.8,551.7
31,1284.9,788.1,656.7,201.5,638.0,502.4,742.7,506.2,175.4,125.3,617.9,619.2,821.0,435.3,100.7,945.2,244.8,441.3,491.8,1078.2,597.3,739.6,607.1,355.3,291.0,815.8,193.1,792.3,836.5,851.5,551.5,0.0,100.7,797.0,855.4,865.7,756.1,751.8,576.5,448.7,475.0,945.2,628.0,135.2,70.0,136.0,664.1,740.9,503.7,523.4,680.5,226.8,332.7,199.5,679.4,813.6,744.8,529.3,681.2,177.9,439.0,229.1,622.4,535.9,780.5,582.9,160.8,942.5,494.7,474.0,927.0,927.0,636.1,1003.0,941.4,269.2,432.5,225.3,609.1,832.3,687.2,213.4,853.6,952.0,647.7,503.3,849.5,253.8,808.8,649.5,366.7,643.1,816.3,206.7,1059.8,268.4,458.7,373.0,690.4,766.1,356.3,637.4,703.5,393.1,1004.5,941.4,776.5,618.6,393.1,559.9,417.3,365.0,250.9,832.3,146.1,984.1,229.2,795.4,377.5,411.6,845.7,701.6,682.3,985.3,165.4,236.4,740.0,189.3,235.3,680.1,958.6,229.7,322.2,471.4,673.9,196.5,933.9,513.9,850.5,411.9,597.7,830.7,759.4,448.7,699.0,944.6,487.9,743.9,861.1,835.6,578.5,745.8,229.0
32,1385.6,888.8,757.4,161.1,738.7,603.1,843.4,606.9,276.1,24.6,572.5,719.9,921.7,536.0,0.0,1045.9,345.5,542.0,592.5,1178.9,689.5,840.3,679.7,456.0,245.6,916.5,293.8,893.0,937.2,952.2,652.2,100.7,0.0,897.7,956.1,966.4,856.8,852.5,677.2,549.4,575.7,1045.9,728.7,34.5,30.7,236.7,764.8,841.6,604.4,624.1,781.2,186.4,287.3,98.8,780.1,914.3,845.5,630.0,781.9,137.5,539.7,183.7,723.1,490.5,881.2,683.6,178.0,1043.2,595.4,574.7,1027.7,1027.7,736.8,1103.7,1042.1,369.9,533.2,326.0,709.8,933.0,787.9,314.1,954.3,1052.7,748.4,604.0,950.2,354.5,909.5,750.2,467.4,597.7,917.0,307.4,1160.5,369.1,413.3,473.7,791.1,866.8,457.0,738.1,804.2,493.8,1105.2,1042.1,877.2,719.3,493.8,660.6,518.0,465.7,150.2,933.0,67.3,1084.8,128.5,896.1,478.2,512.3,946.4,802.3,783.0,1086.0,78.5,135.7,840.7,290.0,336.0,780.8,1059.3,330.4,422.9,572.1,774.6,297.2,1034.6,614.6,951.2,512.6,552.3,931.4,860.1,549.4,799.7,1045.3,588.6,844.6,961.8,936.3,679.2,846.5,183.6
33,689.7,202.6,350.1,983.4,331.4,391.1,470.3,387.3,649.8,922.3,698.9,189.1,305.6,683.3,897.7,148.2,922.8,475.8,539.0,396.7,486.4,422.2,496.2,550.7,1088.0,357.2,664.7,164.3,39.5,266.0,504.0,797.0,897.7,0.0,269.9,614.0,171.7,167.4,330.0,796.8,414.6,148.2,172.4,932.2,867.0,845.6,185.5,350.9,550.9,280.3,379.8,1008.7,1099.7,996.5,207.6,298.2,160.4,365.5,128.8,959.8,422.4,992.2,315.8,685.4,547.8,336.4,942.7,205.9,430.7,681.4,143.1,143.1,213.5,206.0,144.4,586.2,479.7,696.9,494.3,316.9,275.0,685.0,268.1,258.6,201.9,600.1,330.8,674.7,180.8,342.9,553.5,593.7,498.9,884.7,262.8,607.4,778.1,547.2,238.4,261.9,551.7,212.2,93.5,527.1,323.8,144.4,272.3,268.4,527.1,340.0,600.4,555.2,1047.9,316.9,943.1,187.1,1026.2,291.2,478.2,505.5,294.4,289.4,230.3,304.6,962.4,1033.4,327.8,757.9,744.6,267.9,265.2,636.7,478.2,678.8,367.3,637.9,136.9,365.1,113.9,459.1,732.3,279.4,387.4,796.8,224.5,147.6,762.8,159.5,64.1,38.6,229.2,64.2,992.3
34,663.6,67.3,264.8,1041.8,241.7,380.1,679.8,376.3,732.3,980.7,884.2,267.0,93.5,663.6,956.1,296.4,981.2,558.3,621.5,470.7,671.7,210.1,681.5,609.5,1146.4,566.7,719.7,349.6,264.5,3.9,681.2,855.4,956.1,269.9,0.0,401.9,357.0,352.7,412.5,827.8,406.4,296.4,254.9,990.6,925.4,904.0,370.8,138.8,633.4,355.8,565.1,1067.1,1130.7,1054.9,392.9,86.1,345.7,354.3,265.1,1018.2,504.9,1084.5,257.3,870.7,487.1,418.9,1001.1,415.4,416.6,661.7,160.9,160.9,362.2,280.0,292.6,641.2,562.2,751.9,474.6,104.8,197.7,740.0,1.8,468.1,373.8,580.4,540.3,705.7,366.1,257.6,620.9,779.0,286.8,943.1,336.8,689.9,963.4,627.2,423.7,157.5,610.5,363.5,224.0,609.6,497.0,292.6,167.9,444.3,609.6,320.3,607.2,619.2,1106.3,104.8,1001.5,261.1,1084.6,136.0,560.7,588.0,82.3,183.3,415.6,514.1,1020.8,1091.8,144.9,812.9,799.6,204.8,474.7,691.7,533.2,659.1,232.8,692.9,285.1,361.5,323.4,541.6,917.6,67.3,596.9,827.8,261.6,295.8,769.6,344.8,239.9,265.4,276.9,249.5,1084.4
35,419.2,411.4,316.5,1052.1,293.4,437.0,1023.9,433.2,824.9,991.0,1228.3,541.3,343.2,445.6,966.4,640.5,890.6,800.3,965.6,715.9,1015.8,191.8,1025.6,716.0,1078.6,910.8,672.6,693.7,608.6,398.0,1025.3,865.7,966.4,614.0,401.9,0.0,701.1,696.8,747.5,683.5,490.6,640.5,590.8,1000.9,935.7,914.3,714.9,263.1,977.5,627.3,909.2,1077.4,1036.9,1065.2,737.0,335.8,689.8,409.5,609.2,1028.5,839.5,1094.8,309.0,1214.8,85.2,753.9,1011.4,759.5,430.5,443.7,505.0,505.0,706.3,609.8,636.7,679.4,906.3,675.6,256.6,354.5,346.8,652.3,400.1,812.2,717.9,362.4,884.4,611.9,710.2,309.3,727.4,1123.1,129.9,939.7,582.0,917.9,1307.5,733.7,767.8,420.8,717.0,707.6,568.1,753.8,742.2,636.7,431.2,788.4,753.8,372.0,540.2,725.7,1116.6,354.5,1011.8,605.2,1094.9,399.3,712.1,770.6,376.8,332.4,759.7,761.4,1031.1,1102.1,294.0,769.3,723.3,353.9,818.8,729.9,639.7,441.1,284.5,731.1,629.2,539.2,667.5,885.7,1261.7,361.8,941.0,683.5,535.9,639.9,570.0,688.9,584.0,609.5,551.2,593.6,1094.7
36,828.8,289.7,437.2,942.5,418.5,393.8,538.3,390.0,608.9,881.4,605.4,191.8,392.7,673.3,856.8,319.9,881.9,435.2,470.2,508.8,392.9,509.3,402.7,510.1,1047.1,468.5,627.8,154.0,211.2,353.1,410.5,756.1,856.8,171.7,357.0,701.1,0.0,4.3,289.8,759.9,377.7,319.9,175.1,891.3,826.1,804.7,92.0,438.0,458.3,240.1,286.3,967.8,1062.8,955.6,114.1,385.3,11.3,368.2,118.5,918.9,381.5,898.7,402.9,591.9,634.9,296.2,901.8,317.2,433.4,712.0,314.8,314.8,120.0,377.7,316.1,549.3,438.8,660.0,581.4,404.0,362.1,648.1,355.2,369.9,108.4,687.2,442.1,637.8,170.5,430.0,512.9,500.2,586.0,843.8,434.5,566.5,684.6,506.6,144.9,349.0,511.1,118.7,156.2,486.5,435.1,316.1,359.4,174.9,486.5,372.8,563.5,514.6,990.6,404.0,902.2,358.8,985.3,378.3,437.6,464.9,381.5,376.5,136.8,415.9,921.5,992.5,414.9,721.0,707.7,355.0,376.5,599.8,441.3,709.4,454.4,601.0,308.6,328.2,225.2,418.2,638.8,366.5,498.7,759.9,302.4,319.3,725.9,12.2,235.8,210.3,231.9,107.5,898.8
37,824.5,285.4,432.9,938.2,414.2,389.5,534.0,385.7,604.6,877.1,601.1,187.5,388.4,669.0,852.5,315.6,877.6,430.9,465.9,504.5,388.6,505.0,398.4,505.8,1042.8,464.2,623.5,149.7,206.9,348.8,406.2,751.8,852.5,167.4,352.7,696.8,4.3,0.0,285.5,755.6,373.4,315.6,170.8,887.0,821.8,800.4,87.7,433.7,454.0,235.8,282.0,963.5,1058.5,951.3,109.8,381.0,7.0,363.9,114.2,914.6,377.2,894.4,398.6,587.6,630.6,291.9,897.5,312.9,429.1,707.7,310.5,310.5,115.7,373.4,311.8,545.0,434.5,655.7,577.1,399.7,357.8,643.8,350.9,365.6,104.1,682.9,437.8,633.5,166.2,425.7,508.6,495.9,581.7,839.5,430.2,562.2,680.3,502.3,140.6,344.7,506.8,114.4,151.9,482.2,430.8,311.8,355.1,170.6,482.2,368.5,559.2,510.3,986.3,399.7,897.9,354.5,981.0,374.0,433.3,460.6,377.2,372.2,132.5,411.6,917.2,988.2,410.6,716.7,703.4,350.7,372.2,595.5,437.0,705.1,450.1,596.7,304.3,323.9,220.9,413.9,634.5,362.2,494.4,755.6,298.1,315.0,721.6,7.9,231.5,206.0,227.6,103.2,894.5
38,962.7,345.2,475.8,762.9,457.1,319.0,569.4,322.8,429.3,701.8,636.5,207.1,447.2,521.0,677.2,478.2,702.3,242.0,318.5,667.1,424.0,555.7,433.8,316.9,867.5,626.8,475.5,325.3,369.5,408.6,378.2,576.5,677.2,330.0,412.5,747.5,289.8,285.5,0.0,607.6,263.3,478.2,157.6,711.7,646.5,625.1,197.8,484.4,330.4,125.7,376.5,788.2,909.2,776.0,241.7,439.8,278.5,346.5,214.2,739.3,197.5,805.6,441.5,623.0,667.8,26.1,722.2,475.5,355.3,559.7,460.0,460.0,169.8,536.0,474.4,397.0,259.2,507.7,614.3,458.5,400.7,495.8,410.7,528.2,181.4,589.0,600.4,485.5,341.8,468.6,319.7,531.3,632.4,664.2,592.8,386.9,715.7,313.4,272.5,387.6,317.9,171.1,236.5,293.3,593.4,474.4,398.0,239.9,293.3,387.1,411.2,321.4,827.4,458.5,722.6,517.1,805.7,416.9,244.4,271.7,437.0,415.1,264.4,574.2,741.9,812.9,453.5,549.6,555.4,393.6,534.8,447.5,289.0,557.1,493.0,448.7,466.9,213.8,383.5,238.6,669.9,422.0,586.1,607.6,316.8,477.6,573.6,277.6,394.1,368.6,196.3,278.8,805.5
39,1102.7,784.5,613.7,635.1,595.0,459.4,865.1,463.2,407.9,574.0,932.2,615.6,778.0,253.1,549.4,945.0,307.4,437.7,614.2,1133.9,719.7,696.6,729.5,351.7,495.4,938.2,271.6,792.1,836.3,823.9,673.9,448.7,549.4,796.8,827.8,683.5,759.9,755.6,607.6,0.0,432.0,945.0,624.4,583.9,518.7,423.6,667.9,697.9,626.1,519.8,802.9,660.4,453.7,648.2,711.8,770.6,748.6,486.3,681.0,611.5,476.9,677.8,579.4,918.7,598.3,614.0,594.4,942.3,451.7,291.8,924.7,924.7,639.9,1002.8,941.2,312.0,554.9,268.2,426.9,789.3,644.2,251.3,826.0,995.0,651.5,321.1,971.9,210.9,808.6,606.5,363.1,827.0,773.3,356.5,1059.6,500.9,907.4,369.4,741.5,723.1,352.7,641.2,703.3,389.5,1060.2,941.2,733.5,669.7,389.5,516.9,252.1,361.4,699.6,789.3,594.8,983.9,677.9,752.4,373.9,408.0,802.7,658.6,733.4,1041.0,614.1,685.1,697.0,259.4,241.1,637.1,1001.6,362.5,318.6,289.2,630.9,332.4,933.7,470.9,850.3,534.3,965.6,787.7,881.8,0.0,695.4,944.4,222.3,747.7,860.9,835.4,574.9,745.6,677.7
40,878.1,388.6,237.4,661.4,218.7,56.6,727.3,60.4,434.2,600.3,794.4,228.5,361.3,312.4,575.7,562.8,588.6,368.6,485.6,751.7,581.9,320.3,591.7,284.3,766.0,711.4,339.3,409.9,454.1,402.5,545.3,475.0,575.7,414.6,406.4,490.6,377.7,373.4,263.3,432.0,0.0,562.8,242.2,610.2,545.0,523.6,285.7,321.6,497.5,137.6,475.3,686.7,734.9,674.5,329.6,353.9,366.4,84.1,298.8,637.8,364.6,704.1,203.1,780.9,405.4,269.7,620.7,560.1,92.9,351.1,509.5,509.5,257.7,620.6,559.0,260.8,426.3,371.5,351.9,372.6,267.9,350.3,404.6,612.8,269.3,380.4,685.0,309.9,426.4,230.2,295.7,689.2,397.0,562.7,677.4,527.2,873.6,302.0,360.4,301.7,285.3,259.0,321.1,322.1,678.0,559.0,312.1,338.7,322.1,140.1,202.6,294.0,725.9,372.6,621.1,601.7,704.2,331.0,280.4,338.9,381.3,282.3,352.3,658.8,640.4,711.4,320.7,432.5,419.2,260.8,619.4,311.3,208.0,348.5,254.6,312.5,551.5,49.5,468.1,405.7,827.8,366.3,741.6,432.0,308.3,562.2,365.0,365.5,478.7,453.2,187.9,363.4,704.0
41,682.1,275.7,498.3,1131.6,479.6,539.3,618.5,535.5,798.0,1070.5,847.1,337.3,332.1,831.5,1045.9,0.0,1071.0,624.0,687.2,389.1,634.6,448.7,644.4,698.9,1236.2,505.4,812.9,312.5,108.7,292.5,652.2,945.2,1045.9,148.2,296.4,640.5,319.9,315.6,478.2,945.0,562.8,0.0,320.6,1080.4,1015.2,993.8,333.7,377.4,699.1,428.5,528.0,1156.9,1247.9,1144.7,355.8,324.7,308.6,513.7,277.0,1108.0,570.6,1140.4,464.0,833.6,696.0,484.6,1090.9,354.1,578.9,829.6,135.5,135.5,361.7,198.4,54.8,734.4,627.9,845.1,642.5,343.4,423.2,833.2,294.6,406.8,350.1,748.3,479.0,822.9,329.0,491.1,701.7,741.9,525.4,1032.9,255.2,755.6,926.3,695.4,386.6,396.1,699.9,360.4,241.7,675.3,415.4,54.8,406.5,416.6,675.3,488.2,748.6,703.4,1196.1,343.4,1091.3,179.5,1174.4,374.6,626.4,653.7,320.9,421.9,378.5,434.6,1110.6,1181.6,383.5,906.1,892.8,416.1,413.4,784.9,626.4,827.0,471.4,786.1,11.3,513.3,262.1,607.3,880.5,305.9,535.6,945.0,372.7,58.0,911.0,307.7,84.1,109.6,377.4,212.4,1140.5
