,0,1,2,3,4,5,6,7,8,9,10,11,12,13,14,15,16,17,18,19,20,21,22,23,24,25,26,27,28,29,30,31,32,33,34,35,36,37,38,39,40,41,42,43,44,45,46,47,48,49,50,51,52,53,54,55,56,57,58,59,60,61,62,63,64,65,66,67,68,69,70,71,72,73,74,75,76,77,78,79,80,81,82,83,84,85,86,87,88,89,90,91,92,93,94,95,96,97,98,99,100,101,102,103,104,105,106,107,108,109,110,111,112,113,114,115,116,117,118,119,120,121,122,123,124,125,126,127,128,129,130,131,132,133,134,135,136,137,138,139,140,141,142,143,144,145,146,147,148,149,150,151,152
0,0.0,1241.6,1998.7,1237.3,1141.7,1562.7,1348.1,1521.9,726.5,1352.1,1529.5,1530.1,1056.8,901.8,1938.1,1317.2,1318.5,1012.9,1112.6,1533.9,880.3,1330.0,1214.2,1022.6,936.2,947.3,618.2,1358.4,1473.5,1853.4,1478.1,936.3,1180.9,2111.5,2044.7,1078.2,1338.2,1119.9,2037.7,957.4,1339.9,938.5,1957.9,1637.4,1252.4,1739.0,1370.4,1587.1,774.8,1588.4,1063.9,2172.2,953.2,1406.4,1258.7,1471.3,955.9,1353.5,1116.9,1408.4,1472.6,1115.1,1476.5,833.2,841.5,1576.5,1174.8,1661.9,1111.7,1000.3,2050.7,2009.1,1534.5,1969.7,1039.6,1368.9,970.5,774.8,1073.6,1234.4,1228.0,1219.0,2133.3,1133.2,1229.2,1616.9,1109.2,1480.7,1491.9,1870.5,1749.3,1188.0,1584.1,1148.3,2028.6,499.1,1870.5,1474.2,1408.4,1437.4,1246.9,1908.1,1579.9,1704.7,918.5,1157.5,1648.5,692.6,1133.9,1876.3,1617.0,807.4,1828.4,1448.3,944.5,1216.9,1381.9,1376.4,1801.7,948.2,1158.7,2013.1,1362.6,1732.5,1155.9,983.7,1674.3,1918.5,2016.5,1438.1,1288.6,1478.1,1115.4,1227.3,625.9,589.3,1544.9,2039.8,1115.1,1844.8,1864.8,1446.3,1974.6,1170.3,969.6,1532.8,1850.2,2003.9,1537.0,1405.4,1407.9,999.1,2085.4
1,1241.6,0.0,1257.6,463.7,449.4,800.4,360.5,671.3,940.2,762.7,767.2,561.2,502.5,765.0,907.3,258.5,759.0,600.6,166.0,581.0,502.9,283.3,375.2,610.2,688.6,632.8,951.4,771.4,633.3,1112.3,680.4,648.2,408.5,1382.9,1303.6,247.1,854.2,343.6,1296.6,622.7,636.8,728.2,927.2,684.0,448.6,785.6,783.4,824.8,617.6,652.0,232.7,1177.7,620.5,453.5,620.5,876.5,548.8,828.4,533.8,855.5,632.4,654.3,714.2,506.7,515.0,545.7,66.9,708.5,153.2,558.9,1443.7,1268.0,565.6,1228.6,208.4,665.8,609.5,617.6,1035.8,171.2,849.6,897.7,1369.8,583.6,345.0,578.5,162.6,718.5,551.9,1129.4,795.9,968.7,545.7,201.7,1475.7,1103.3,1129.4,520.8,855.5,635.7,183.7,1355.3,541.4,751.3,368.3,107.4,695.0,1015.5,563.7,1154.1,578.6,762.2,1087.3,651.9,537.4,501.1,751.8,1003.5,1167.9,541.1,327.5,1272.1,732.5,1179.6,628.7,651.0,643.5,887.7,1275.4,885.2,340.4,680.4,168.9,905.9,943.7,912.2,592.0,1298.7,654.3,814.0,1123.8,960.8,1233.5,71.3,681.1,469.7,1109.1,1262.9,686.4,697.8,692.3,242.6,1225.0
2,1998.7,1257.6,0.0,913.5,1455.7,493.2,925.7,710.9,1272.2,1382.9,574.3,1099.5,1222.5,1146.9,669.6,1035.4,807.6,1320.6,1245.2,843.9,1335.9,1010.6,1002.0,1330.3,1134.3,1225.2,1412.0,847.4,662.5,490.8,1218.7,1093.9,1035.3,466.5,105.5,1271.4,698.7,1106.9,39.0,1215.1,690.3,1110.1,649.7,635.5,928.7,553.1,859.5,517.7,1623.9,777.4,1202.1,417.4,1405.5,883.6,771.5,527.4,1555.1,842.6,1540.1,590.4,661.6,1021.4,579.7,1446.1,1484.5,1009.9,1190.8,660.0,1244.3,1279.0,527.3,10.4,1103.9,106.6,1226.4,665.9,1201.9,1623.9,975.3,1196.5,770.7,818.8,274.7,934.1,986.7,965.2,1241.8,583.9,1090.2,149.0,531.6,889.9,998.0,1280.9,634.1,1532.3,149.0,766.5,590.4,1174.0,1195.9,713.0,1002.2,591.6,1374.5,1290.1,646.5,1487.0,990.3,532.6,965.1,1222.8,292.7,616.1,1543.6,890.7,1412.8,924.7,546.3,1547.4,1351.9,70.1,1393.5,618.6,918.1,1386.5,933.4,689.2,73.5,724.1,927.6,1218.7,1248.1,827.1,1404.3,1522.7,832.8,382.3,1021.4,741.5,238.3,799.9,111.5,1186.3,1612.5,1074.0,148.5,5.2,726.0,627.8,622.3,1266.9,330.6
3,1237.3,463.7,913.5,0.0,656.4,446.0,363.5,403.8,567.3,969.6,412.8,809.9,315.6,392.0,1156.0,384.6,318.8,413.7,451.3,530.8,518.9,359.8,190.7,423.4,341.4,432.2,619.0,331.1,355.4,768.2,929.1,300.9,224.0,1038.7,959.5,472.1,445.1,295.6,952.5,422.1,223.2,355.2,1175.9,652.8,15.2,704.3,343.2,470.4,824.5,470.3,402.8,1087.0,498.6,403.4,156.8,509.3,755.7,388.2,740.7,446.4,354.6,248.9,359.8,602.3,645.8,794.4,396.9,677.3,450.4,372.1,1088.7,923.9,814.3,884.5,427.1,252.2,408.9,824.5,613.9,456.5,409.3,457.4,1048.1,119.8,182.5,688.3,447.9,364.0,800.6,785.3,682.8,528.5,721.1,487.0,1066.6,770.9,785.3,489.6,446.4,884.4,469.0,946.2,725.3,720.1,575.2,496.2,663.8,694.0,103.4,810.0,688.1,429.9,743.2,331.6,744.3,37.4,958.7,563.3,823.8,748.1,552.5,927.9,939.4,770.5,164.9,485.6,892.2,1136.4,931.3,476.1,123.4,929.1,454.1,465.7,611.4,729.7,523.4,954.6,248.9,1062.7,779.6,551.7,889.4,392.4,888.0,718.3,765.0,918.7,419.0,288.7,291.2,467.6,1000.2
4,1141.7,449.4,1455.7,656.4,0.0,993.0,588.8,868.8,843.9,313.3,959.8,570.0,406.1,668.6,977.9,525.0,951.7,504.3,320.4,778.5,406.6,537.8,468.8,513.9,592.3,536.5,857.7,964.0,825.9,1310.4,517.9,551.8,435.5,1580.9,1501.7,286.1,1046.8,364.5,1494.7,526.4,829.4,631.9,997.7,882.1,641.2,983.6,976.0,1017.5,487.6,849.6,271.7,1248.3,526.8,651.1,813.2,1069.1,418.8,1021.0,84.4,1048.1,825.1,675.2,906.8,406.7,415.1,616.3,382.6,906.6,319.5,462.6,1641.8,1466.1,574.3,1426.7,247.4,858.4,513.2,487.6,939.5,442.2,1042.2,1090.3,1440.3,655.9,473.9,656.7,317.0,911.1,531.7,1327.5,994.0,1053.9,623.9,356.2,1668.4,1009.5,1327.5,718.8,1048.1,477.2,454.7,1547.9,619.7,949.3,238.3,365.4,893.1,915.5,591.1,1352.2,656.8,668.5,1285.4,844.5,407.4,693.8,302.4,1196.1,1365.9,411.1,366.5,1470.1,283.0,1372.2,716.1,557.2,714.1,958.3,1473.5,1077.8,533.0,517.9,323.3,1098.6,850.0,812.2,789.6,1496.8,675.2,884.6,1321.8,1153.4,1431.6,378.1,231.7,614.0,1307.2,1460.9,884.0,890.5,885.0,206.9,1295.6
5,1562.7,800.4,493.2,446.0,993.0,0.0,534.3,243.3,854.6,1090.5,106.8,807.1,754.9,679.3,918.9,644.0,382.0,853.1,787.9,376.4,868.3,619.2,534.5,862.7,666.8,757.7,944.5,422.0,195.0,347.9,926.3,626.4,567.7,618.4,539.2,808.8,273.1,639.4,532.2,747.5,222.8,642.6,899.0,366.4,461.1,284.1,434.0,24.4,1161.2,309.9,739.5,666.7,938.0,416.1,304.0,101.8,1092.4,417.0,1077.4,164.7,194.1,553.8,112.1,978.6,1022.0,791.6,733.5,390.9,787.1,811.4,679.3,503.6,811.4,464.2,763.7,198.4,734.4,1161.2,549.7,793.1,345.1,393.2,627.8,466.6,519.2,672.8,784.5,116.4,797.8,365.0,262.6,464.2,705.6,823.7,786.1,1096.3,365.0,474.1,164.7,881.5,804.5,672.9,709.8,322.5,911.9,832.9,377.4,1019.5,522.7,389.7,672.7,755.3,322.9,148.5,1081.0,423.2,1120.4,499.0,403.5,1084.7,889.2,507.6,1101.0,475.7,450.6,918.9,889.4,938.5,511.0,298.5,460.0,926.3,790.8,401.5,936.8,1055.2,365.3,534.3,553.8,990.9,359.4,379.7,469.1,729.1,1224.7,781.6,344.7,498.4,258.5,160.3,154.8,804.3,579.9
6,1348.1,360.5,925.7,363.5,588.8,534.3,0.0,339.4,930.8,805.2,501.1,521.8,500.9,755.5,867.9,138.3,493.3,599.0,348.0,249.0,503.5,113.4,275.0,608.7,687.0,631.2,952.0,505.6,339.4,780.4,641.0,646.6,308.3,1050.9,971.7,386.4,588.1,306.9,964.7,621.1,371.1,718.7,887.8,352.1,348.3,453.6,517.7,558.7,757.0,320.1,317.1,1099.2,621.1,121.6,387.6,610.4,688.2,562.7,673.2,589.4,340.2,612.4,448.1,613.2,621.5,506.3,293.6,376.6,347.2,557.4,1111.8,936.1,526.2,896.7,341.4,400.1,607.9,757.0,788.4,299.3,583.8,631.9,1060.4,483.4,244.8,387.6,344.6,452.4,512.6,797.5,464.0,703.0,420.3,383.8,1209.7,1103.9,797.5,188.9,589.4,596.3,298.8,1089.2,424.6,419.4,507.6,393.0,363.1,1027.0,463.5,822.2,387.4,762.8,755.4,385.8,676.7,400.7,835.1,737.8,836.0,680.5,466.8,940.1,815.8,908.2,528.4,651.6,604.2,848.3,943.5,619.1,240.1,641.0,350.9,640.2,944.3,1018.7,260.1,966.8,612.4,774.6,791.9,694.7,901.6,289.2,820.4,478.2,777.2,930.9,354.5,431.7,426.2,381.9,1012.4
7,1521.9,671.3,710.9,403.8,868.8,243.3,339.4,0.0,830.7,895.6,210.1,612.1,641.6,655.4,958.3,449.0,385.8,739.7,658.8,137.6,749.6,424.2,415.7,749.4,626.0,716.9,903.7,398.1,48.4,565.5,731.3,585.6,449.0,836.1,756.8,684.5,297.1,520.7,749.8,706.7,198.9,618.7,978.1,442.4,419.0,501.7,410.1,267.8,1037.0,66.5,615.2,884.3,824.6,221.1,280.1,319.4,968.2,441.0,953.2,298.4,49.2,512.3,157.1,859.8,897.6,596.6,604.4,466.9,658.0,698.1,896.9,721.3,616.5,681.9,639.5,174.5,693.6,1037.0,573.7,610.1,369.1,417.2,845.5,424.4,400.4,477.9,655.4,161.4,602.9,582.7,480.2,488.3,510.7,694.6,918.7,1055.5,582.7,279.2,298.4,686.6,609.6,798.2,514.9,509.7,787.7,703.8,453.5,978.7,480.6,607.3,477.7,714.5,540.5,94.8,956.8,381.1,925.4,523.1,621.1,960.5,765.0,725.3,906.1,622.6,426.7,811.6,694.5,938.6,728.6,328.1,341.3,731.3,661.7,425.5,896.0,1014.4,126.5,751.9,512.3,865.0,577.0,403.7,686.8,599.9,1100.5,586.7,562.3,716.1,15.2,140.8,135.3,680.0,797.5
8,726.5,940.2,1272.2,567.3,843.9,854.6,930.8,830.7,0.0,1157.2,821.4,1323.0,487.0,175.3,1669.1,923.5,592.1,585.2,811.2,961.3,697.2,927.1,659.5,594.8,383.2,474.0,260.2,631.9,782.3,1126.9,1361.8,342.7,626.2,1385.1,1318.2,776.9,611.7,629.1,1311.2,463.9,631.8,212.0,1678.1,1145.5,582.4,1063.1,643.9,879.0,993.9,897.2,740.0,1445.7,667.1,838.0,550.7,744.9,943.3,627.1,928.3,681.9,781.5,423.9,768.4,770.8,814.2,1307.5,873.4,1169.9,810.4,543.5,1324.2,1282.7,1327.4,1243.2,738.2,660.9,450.7,993.9,347.1,933.0,501.5,492.6,1406.9,451.9,689.7,1255.5,807.8,772.7,1313.7,1144.1,1041.6,461.5,1288.3,847.0,1302.2,260.1,1144.1,1056.8,681.9,1321.1,945.5,1181.7,1292.5,1101.6,762.8,856.2,1156.5,449.7,473.2,1149.8,1255.4,449.4,1101.9,740.3,931.9,531.2,1146.3,649.9,1075.3,935.6,857.3,1286.7,1127.0,1006.0,447.9,635.3,1405.3,1649.5,1290.0,711.6,690.6,1361.8,814.1,500.8,267.9,485.4,950.2,1313.3,423.9,1575.8,1138.4,719.9,1248.1,868.9,1075.6,1231.4,1123.7,1277.5,845.9,697.4,699.8,697.7,1358.9
9,1352.1,762.7,1382.9,969.6,313.3,1090.5,805.2,895.6,1157.2,0.0,1057.3,331.0,719.4,981.9,738.9,714.9,1232.9,817.5,633.7,805.3,719.9,739.8,782.1,827.2,905.5,849.7,1171.0,1245.3,895.6,1237.6,278.9,865.1,748.8,1372.1,1328.7,599.3,1144.3,677.8,1421.9,839.6,1046.0,945.1,758.7,809.3,954.5,910.9,1257.3,1114.9,800.9,876.3,584.9,1009.3,840.1,837.5,1126.4,1148.0,732.1,1288.2,355.1,1145.6,896.4,988.4,1004.3,720.0,728.3,377.3,695.8,833.8,632.8,775.9,1433.0,1393.4,335.3,1353.9,560.7,1021.7,826.4,800.9,1252.7,731.3,1216.3,1264.4,1201.3,969.2,787.1,417.7,630.3,1008.6,292.7,1254.7,921.2,1335.4,384.9,669.4,1539.8,1322.8,1254.7,616.4,1145.6,238.2,679.5,1588.3,380.7,876.6,551.5,678.6,820.3,1189.0,904.4,1279.4,417.8,981.8,1212.6,942.0,720.6,1007.0,104.1,1370.2,1293.2,724.4,679.8,1355.8,84.8,1365.4,1029.4,870.5,475.1,719.3,1400.7,1175.3,846.3,278.9,636.5,1272.6,1163.3,1085.7,816.3,1288.0,988.4,645.6,1249.1,1250.9,1358.8,691.4,382.4,375.0,1234.4,1388.2,910.7,987.9,982.4,520.1,1056.6
10,1529.5,767.2,574.3,412.8,959.8,106.8,501.1,210.1,821.4,1057.3,0.0,773.9,721.8,646.1,1000.0,610.8,376.5,819.9,754.7,343.2,835.1,586.0,501.3,829.5,633.6,724.5,911.3,388.8,161.8,429.0,893.1,593.2,534.5,699.5,620.3,775.6,283.5,606.2,613.3,714.3,189.6,609.4,980.1,447.5,428.0,365.1,400.8,131.2,1128.0,276.7,706.3,747.8,904.8,382.9,270.8,182.9,1059.2,427.4,1044.2,245.8,160.9,520.6,78.9,945.4,988.8,758.4,700.3,472.0,753.9,778.2,760.4,584.7,778.3,545.3,730.5,165.2,701.2,1128.0,560.1,760.0,355.4,403.6,708.9,433.4,486.0,639.6,751.4,83.2,764.6,446.1,343.6,474.6,672.4,790.5,867.2,1063.1,446.1,440.9,245.8,848.3,771.3,754.0,676.6,403.6,878.7,799.7,458.5,986.3,489.5,470.8,639.5,722.1,404.0,115.3,1047.8,390.0,1087.2,509.4,484.6,1051.5,856.0,588.7,1067.9,556.8,417.4,885.8,856.2,1019.6,592.1,314.5,426.8,893.1,757.6,411.8,903.6,1022.0,332.1,615.4,520.6,1026.7,440.4,390.1,550.2,695.9,1191.5,748.4,425.8,579.5,225.3,127.1,121.6,771.1,661.0
11,1530.1,561.2,1099.5,809.9,570.0,807.1,521.8,612.1,1323.0,331.0,773.9,0.0,885.2,1147.7,455.5,431.5,949.5,983.4,548.8,521.8,885.7,456.4,721.4,993.0,1071.4,1015.6,1334.2,961.9,612.1,954.2,166.7,1030.9,754.7,1088.7,1045.3,629.8,860.9,711.7,1138.5,1005.4,762.6,1111.0,475.3,525.9,794.7,627.4,973.9,831.5,978.2,592.9,615.4,725.9,1003.3,554.1,843.8,864.6,931.6,1004.8,551.1,862.2,613.0,1022.3,720.9,889.5,897.8,93.9,494.4,550.4,547.9,941.7,1149.6,1109.9,4.4,1070.5,591.2,738.3,992.3,978.2,1137.5,447.9,932.9,981.0,917.9,929.7,691.2,134.3,545.4,725.2,38.3,971.3,637.8,1052.0,101.5,584.5,1256.4,1486.1,971.3,333.0,862.2,122.0,396.1,1304.9,97.3,593.2,751.1,593.7,536.9,1367.1,909.9,996.0,134.4,1145.0,929.2,658.6,920.2,847.3,360.8,1086.8,1009.8,923.9,710.3,1072.4,341.5,1082.0,974.8,1033.8,191.7,435.9,1117.3,891.9,686.5,166.7,551.6,989.2,1326.5,1263.8,532.9,1004.6,1022.3,362.2,965.7,967.5,1075.4,489.9,560.5,91.6,951.0,1104.7,627.3,704.5,699.0,625.3,773.2
12,1056.8,502.5,1222.5,315.5,406.1,754.9,500.9,641.6,487.0,719.4,721.8,885.2,0.0,311.8,1231.3,489.7,627.7,98.1,373.4,668.2,221.1,497.2,225.9,107.8,235.4,179.6,470.5,640.1,593.2,1077.2,924.0,195.0,192.6,1347.7,1268.4,339.1,754.0,195.2,1261.4,169.5,532.2,275.0,1251.2,790.2,300.3,891.7,652.1,779.4,526.3,708.1,306.2,1395.9,183.0,540.7,465.8,818.3,505.5,697.1,490.5,755.4,592.3,323.1,668.8,286.7,330.2,869.7,435.6,814.7,372.6,56.5,1397.7,1232.9,889.6,1193.5,300.4,561.2,156.3,526.3,582.6,495.2,718.3,728.0,1357.1,304.9,256.1,825.6,370.0,673.0,876.0,1094.3,902.1,697.0,858.4,409.2,1375.6,622.3,1094.3,626.9,755.4,883.3,507.7,1255.1,862.6,857.4,325.0,418.4,801.2,545.5,240.1,1118.9,825.5,281.3,1052.1,611.8,494.1,346.4,708.5,872.2,1132.7,497.8,419.5,1236.9,689.2,1079.5,363.9,170.0,967.5,1211.7,1240.2,785.1,300.3,924.0,376.3,736.3,462.8,581.2,679.2,1263.5,323.1,1138.0,1088.6,860.6,1198.4,431.1,637.8,793.7,1073.9,1227.7,656.7,597.7,600.1,259.9,1309.1
13,901.8,765.0,1146.9,392.0,668.6,679.3,755.5,655.4,175.3,981.9,646.1,1147.7,311.8,0.0,1493.8,748.2,515.8,409.9,635.9,786.0,521.9,751.8,484.2,419.6,207.9,298.7,435.5,549.7,607.0,1001.5,1186.5,167.4,450.9,1272.1,1192.8,601.6,535.4,453.8,1185.8,288.6,456.6,36.7,1513.7,1020.1,407.1,937.7,561.7,703.8,835.0,721.9,564.7,1320.3,491.8,662.7,375.4,668.6,768.0,550.8,753.0,605.6,606.2,248.6,593.1,595.5,638.9,1132.2,698.1,1044.5,635.1,368.3,1247.9,1157.3,1152.1,1117.8,562.9,485.6,275.4,835.0,270.8,757.7,425.2,416.3,1281.5,276.6,514.5,1080.2,632.5,597.4,1138.5,1018.7,916.2,385.2,1113.0,671.7,1225.9,435.4,1018.7,881.6,605.6,1145.8,770.2,1105.4,1117.3,976.2,587.5,680.9,1031.1,560.5,297.9,1043.3,1080.1,296.4,976.5,565.0,756.6,355.9,971.0,573.6,999.0,760.3,682.0,1161.3,951.7,929.7,272.6,460.0,1230.1,1474.2,1164.6,635.3,515.3,1186.5,638.8,424.5,443.1,596.2,775.0,1187.9,248.6,1400.5,1013.0,643.6,1122.7,693.6,900.3,1056.2,998.3,1152.1,670.6,522.1,524.5,522.4,1233.5
14,1938.1,907.3,669.6,1156.0,977.9,918.9,867.9,958.3,1669.1,738.9,1000.0,455.5,1231.3,1493.8,0.0,777.7,1233.3,1329.5,894.9,868.0,1231.8,802.5,1067.5,1339.1,1417.5,1361.7,1680.3,1273.1,958.3,907.7,574.7,1377.1,1100.8,654.6,611.1,975.9,1124.4,1057.8,708.5,1351.6,1108.7,1457.1,19.8,872.0,1140.9,973.6,1285.2,943.3,1346.5,939.0,961.6,291.7,1349.4,900.2,1189.9,953.1,1277.7,1268.3,959.0,1016.0,959.1,1368.5,1005.3,1235.6,1243.9,361.6,840.5,896.5,894.0,1287.8,715.4,680.0,459.8,720.5,937.3,1084.4,1338.4,1346.5,1401.0,794.0,1196.4,1244.5,483.8,1275.9,1037.3,480.4,891.5,1009.6,446.2,718.5,957.3,1315.5,447.6,930.6,822.2,1832.2,718.5,679.1,1016.0,529.9,742.2,901.1,443.4,939.3,1097.2,939.9,883.0,1744.4,1256.0,949.5,480.5,1491.1,697.6,1004.7,1266.3,1193.5,768.8,1350.3,963.2,1270.0,1056.4,638.2,749.4,1035.5,1321.0,1379.9,263.8,19.6,687.3,1149.7,1032.7,574.7,897.8,1252.7,1672.6,1641.1,879.0,570.4,1368.5,453.7,594.5,1225.5,725.3,836.0,968.4,437.7,762.4,674.8,973.4,1050.6,1045.2,971.5,339.0
15,1317.2,258.5,1035.4,384.6,525.0,644.0,138.3,449.0,923.5,714.9,610.8,431.5,489.7,748.2,777.7,0.0,603.0,587.8,246.0,358.7,490.7,24.8,296.1,597.5,675.8,620.0,939.2,615.3,449.0,890.1,550.7,635.4,329.4,1160.6,1081.4,322.6,697.8,294.5,1074.4,609.9,480.7,711.5,797.5,461.8,369.5,563.3,627.4,668.4,693.2,429.8,253.3,1048.0,608.3,231.3,497.3,720.1,624.4,672.3,609.4,699.1,449.9,605.1,557.8,582.3,590.6,416.0,191.6,486.3,245.2,546.2,1221.5,1045.8,435.9,1006.4,277.6,509.8,596.7,693.2,898.1,161.1,693.5,741.6,1170.0,504.5,265.9,448.8,242.6,562.1,422.3,907.2,573.7,812.7,416.0,281.8,1319.3,1091.0,907.2,298.5,699.1,506.0,160.5,1198.9,411.7,529.1,443.8,291.0,472.8,1014.2,484.6,931.9,448.9,750.0,865.1,495.5,612.9,422.0,744.8,847.5,945.7,616.7,403.0,1049.8,725.5,1017.9,549.6,638.7,513.9,758.0,1053.2,728.8,261.3,550.7,248.9,749.9,931.5,987.7,369.8,1076.5,605.1,684.4,901.5,804.4,1011.3,187.1,756.7,340.0,886.9,1040.6,464.2,541.4,535.9,318.1,1095.3
16,1318.5,759.0,807.6,318.8,951.7,382.0,493.3,385.8,592.1,1232.9,376.5,949.5,627.7,515.8,1233.3,603.0,0.0,725.9,746.6,518.8,826.9,578.1,493.1,735.5,524.8,615.7,802.5,39.8,337.4,662.3,1068.7,484.4,526.4,920.5,853.6,767.4,147.1,598.0,846.6,605.5,186.9,500.6,1213.5,680.8,333.9,598.5,51.8,406.5,1119.8,452.3,698.1,981.1,808.7,396.0,162.0,280.2,1051.0,69.4,1036.0,217.3,336.5,411.8,323.5,912.4,955.9,934.0,692.2,705.3,745.7,684.2,859.6,818.1,953.9,778.6,722.3,215.9,592.4,1119.8,295.2,751.8,90.5,138.7,942.3,324.7,477.8,815.2,743.2,327.7,940.2,679.4,577.0,209.7,848.0,782.3,837.6,852.2,679.4,616.5,217.3,1024.0,763.5,717.1,852.2,637.0,870.5,791.5,691.9,877.5,388.5,685.2,815.1,613.3,637.3,295.3,1039.6,281.4,1254.0,244.5,610.7,1043.3,847.8,822.1,1234.7,541.4,308.6,776.9,1031.8,1252.9,825.4,247.0,418.7,1068.7,749.4,146.9,794.8,913.2,507.7,848.7,411.8,1202.3,673.8,278.8,783.5,687.7,1183.3,924.0,659.1,812.9,400.9,252.4,254.8,762.9,894.3
17,1012.9,600.6,1320.6,413.6,504.3,853.1,599.0,739.7,585.2,817.5,819.9,983.4,98.1,409.9,1329.5,587.8,725.9,0.0,471.5,766.3,177.3,595.3,324.0,9.7,333.5,216.2,426.6,738.2,691.3,1175.3,1022.1,293.1,290.7,1445.8,1366.6,437.2,852.2,293.3,1359.6,226.3,630.3,373.1,1349.3,888.3,398.5,989.8,750.3,877.5,482.5,806.2,404.3,1494.1,139.2,638.9,563.9,916.4,516.7,795.3,588.6,853.5,690.5,421.2,766.9,242.9,286.4,967.8,533.7,912.8,470.7,41.6,1495.8,1331.0,987.7,1291.6,398.6,659.3,239.5,482.5,680.7,593.3,816.4,826.2,1455.2,403.0,354.2,923.8,468.2,771.1,974.1,1192.4,1000.2,795.1,956.5,507.3,1473.7,578.5,1192.4,725.1,853.5,981.4,605.8,1353.3,960.8,955.6,423.1,516.5,899.3,501.6,338.2,1217.1,923.6,237.5,1150.3,709.9,505.2,444.5,806.6,970.4,1230.9,509.0,517.7,1335.0,787.3,1177.6,462.1,126.2,1065.7,1309.8,1338.4,883.2,398.4,1022.1,474.4,834.4,419.0,537.3,777.4,1361.7,421.2,1236.2,1186.7,958.8,1296.5,529.3,735.9,891.8,1172.1,1325.8,754.9,695.8,698.3,358.0,1407.3
18,1112.6,166.0,1245.2,451.3,320.4,787.9,348.0,658.8,811.2,633.7,754.7,548.8,373.4,635.9,894.9,246.0,746.6,471.5,0.0,568.5,373.9,270.8,318.9,481.2,559.5,503.8,822.4,758.9,620.8,1099.8,668.0,519.1,285.6,1370.4,1291.1,118.0,841.7,214.6,1284.1,493.6,624.3,599.2,914.7,671.6,436.1,773.1,770.9,812.4,488.6,639.6,103.6,1165.3,491.5,441.1,608.1,864.0,419.8,815.9,404.8,843.0,620.0,525.2,701.7,377.7,386.0,533.3,99.1,696.0,36.1,429.9,1431.2,1255.6,553.1,1216.2,79.4,653.3,480.5,488.6,906.7,158.8,837.1,885.2,1357.3,506.0,323.9,566.0,3.4,706.0,539.5,1117.0,783.4,956.2,533.2,35.8,1463.3,974.2,1117.0,508.3,843.0,623.2,171.2,1342.8,529.0,738.8,239.2,81.9,682.6,886.4,441.2,1141.6,566.1,633.2,1074.8,639.4,408.3,488.7,622.8,991.0,1155.4,412.1,198.4,1259.6,603.4,1167.1,566.2,521.9,631.1,875.3,1262.9,872.7,327.9,668.0,2.9,893.5,814.7,783.1,579.6,1286.2,525.2,801.6,1111.3,948.3,1221.1,94.7,552.1,457.2,1096.6,1250.4,674.0,685.4,679.9,113.5,1212.6
19,1533.9,581.0,843.9,530.8,778.5,376.4,249.0,137.6,961.3,805.3,343.2,521.8,668.2,786.0,868.0,358.7,518.8,766.3,568.5,0.0,689.3,333.9,442.3,776.0,756.6,798.5,1034.3,531.1,181.4,698.6,641.0,716.2,475.6,969.1,889.9,594.2,430.2,474.2,882.9,788.4,331.9,749.3,887.8,352.1,515.6,453.7,543.2,400.8,946.7,71.1,524.9,1017.4,806.9,130.8,413.1,452.5,877.9,574.1,862.9,431.5,182.3,642.9,290.2,798.9,807.3,506.3,514.1,376.6,567.6,724.7,1030.0,854.3,526.2,814.9,549.2,307.5,775.2,946.7,706.8,519.8,502.1,550.3,978.5,555.1,412.1,387.6,565.1,294.4,512.6,715.7,464.0,621.3,420.3,604.2,1051.7,1186.1,715.7,188.9,431.5,596.3,519.3,931.2,424.6,419.4,697.3,613.5,363.1,1109.3,611.2,740.4,387.4,845.1,673.6,227.8,866.4,511.7,835.1,656.1,754.2,870.2,674.7,858.3,815.8,755.6,557.7,838.2,604.2,848.3,861.7,461.2,407.4,641.0,571.4,558.5,1026.6,1145.0,11.1,885.0,642.9,774.7,710.0,536.7,819.8,509.6,1010.2,496.4,695.4,849.1,122.4,273.8,268.3,589.7,930.6
20,880.3,502.9,1335.9,518.8,406.6,868.3,503.5,749.6,697.2,719.9,835.1,885.7,221.1,521.9,1231.8,490.7,826.9,177.3,373.9,689.3,0.0,499.4,333.9,187.0,362.3,238.1,448.5,839.3,701.2,1190.5,924.5,362.4,300.6,1461.1,1381.8,339.6,922.1,275.3,1374.8,248.2,704.7,485.2,1251.7,792.8,503.6,894.4,851.3,892.8,349.8,760.3,307.2,1502.2,117.6,561.8,669.1,944.4,384.0,896.3,491.0,923.4,700.3,527.3,782.1,110.2,153.7,870.2,436.1,817.3,373.0,164.6,1521.9,1346.3,890.1,1306.8,300.9,733.7,261.4,349.8,792.7,495.7,917.5,938.2,1470.5,508.2,364.1,828.3,370.5,786.4,876.4,1207.7,904.7,907.1,861.1,409.6,1543.7,600.3,1207.7,629.6,923.4,883.8,508.2,1423.2,865.3,860.1,325.5,418.9,803.9,523.5,443.4,1232.3,828.1,259.3,1165.5,719.8,372.6,549.6,709.0,1071.4,1246.1,376.3,420.0,1350.3,689.7,1247.5,568.4,148.0,968.0,1212.2,1353.6,953.1,408.3,924.5,376.8,946.5,440.8,550.9,700.3,1376.9,527.3,1138.5,1202.0,1028.7,1311.7,431.6,638.3,794.1,1187.3,1341.1,764.8,765.7,760.3,260.4,1422.5
21,1330.0,283.3,1010.6,359.8,537.8,619.2,113.4,424.2,927.1,739.8,586.0,456.4,497.2,751.8,802.5,24.8,578.1,595.3,270.8,333.9,499.4,0.0,271.3,605.0,683.3,627.5,947.9,590.5,424.2,865.2,575.6,642.9,304.6,1135.8,1056.5,335.4,672.9,303.3,1049.5,617.4,455.9,715.0,822.3,437.0,344.6,538.5,602.5,643.6,706.0,405.0,266.1,1072.9,617.0,206.5,472.4,695.3,637.2,647.5,622.2,674.3,425.1,608.7,533.0,595.1,603.4,440.9,216.4,461.4,270.0,553.6,1196.6,1021.0,460.7,981.6,290.4,484.9,604.2,706.0,873.3,185.9,668.7,716.8,1145.2,479.6,241.1,472.4,267.5,537.2,447.1,882.4,548.8,787.8,440.8,306.6,1294.5,1099.7,882.4,273.7,674.3,530.8,185.4,1174.0,436.6,504.2,456.7,315.8,448.0,1022.8,459.8,907.0,472.3,758.7,840.2,470.6,625.7,397.2,769.6,822.6,920.8,629.5,415.9,1025.0,750.3,993.0,524.7,647.4,538.7,782.9,1028.3,704.0,236.4,575.6,273.7,725.0,940.2,1000.5,345.0,1051.6,608.7,709.2,876.7,779.5,986.5,212.0,769.5,364.8,862.0,1015.8,439.4,516.6,511.1,330.9,1097.2
22,1214.2,375.2,1002.0,190.7,468.8,534.5,275.0,415.7,659.5,782.1,501.3,721.4,225.9,484.2,1067.5,296.1,493.1,324.0,318.9,442.3,333.9,271.3,0.0,333.7,412.0,356.2,685.2,505.4,367.3,856.7,840.6,371.6,33.3,1127.2,1047.9,284.6,588.2,105.0,1041.0,346.1,370.9,447.5,1087.4,564.3,175.5,665.9,517.5,558.9,637.0,482.2,215.3,1175.4,408.9,314.9,347.5,610.5,568.2,562.5,553.2,589.5,366.5,341.1,448.3,444.1,487.6,705.9,308.4,588.8,318.0,282.3,1188.1,1012.4,725.8,973.0,239.5,399.9,332.9,637.0,755.1,368.0,583.6,631.7,1136.6,257.7,30.2,599.8,315.5,452.5,712.1,873.8,676.2,702.8,632.6,354.6,1209.8,837.1,873.8,401.1,589.5,795.9,380.5,1089.3,636.8,631.6,387.7,363.8,575.4,760.2,233.6,898.5,599.6,496.1,831.7,385.9,556.8,228.1,771.2,737.6,912.2,560.5,365.0,1016.4,751.9,913.7,302.8,395.9,803.7,1047.9,1019.8,619.3,74.4,840.6,321.8,640.0,677.6,795.9,453.4,1043.1,341.1,974.2,868.1,694.8,977.9,303.9,700.5,629.8,853.5,1007.2,430.9,431.9,426.4,280.1,1088.7
23,1022.6,610.2,1330.3,423.3,513.9,862.7,608.7,749.4,594.8,827.2,829.5,993.0,107.8,419.6,1339.1,597.5,735.5,9.7,481.2,776.0,187.0,605.0,333.7,0.0,343.2,225.9,436.3,747.9,701.0,1184.9,1031.8,302.8,300.4,1455.5,1376.2,446.9,861.8,303.0,1369.2,236.0,640.0,382.8,1359.0,898.0,408.1,999.5,759.9,887.2,492.1,815.9,414.0,1503.7,148.9,648.5,573.6,926.1,526.3,804.9,598.3,863.2,700.1,430.9,776.6,252.6,296.0,977.5,543.4,922.5,480.4,51.3,1505.5,1340.7,997.4,1301.3,408.2,669.0,249.2,492.1,690.4,603.0,826.1,835.8,1464.9,412.7,363.9,933.4,477.8,780.8,983.7,1202.1,1009.9,804.8,966.2,517.0,1483.4,588.2,1202.1,734.7,863.2,991.1,615.5,1362.9,970.4,965.2,432.8,526.2,909.0,511.3,347.9,1226.7,933.3,247.1,1159.9,719.6,514.9,454.2,816.3,980.0,1240.5,518.6,527.3,1344.7,797.0,1187.3,471.7,135.9,1075.3,1319.5,1348.0,892.9,408.1,1031.8,484.1,844.1,428.6,547.0,787.0,1371.3,430.9,1245.8,1196.4,968.4,1306.2,538.9,745.6,901.5,1181.7,1335.5,764.5,705.5,707.9,367.7,1416.9
24,936.2,688.6,1134.3,341.4,592.3,666.8,687.0,626.0,383.2,905.5,633.6,1071.4,235.4,207.9,1417.5,675.8,524.8,333.5,559.5,756.6,362.3,683.3,412.0,343.2,0.0,222.4,318.0,537.1,577.6,989.0,1110.1,40.4,378.7,1259.5,1180.3,525.2,665.9,381.3,1173.3,212.2,444.0,171.1,1437.3,976.3,356.5,925.2,549.2,691.2,667.5,692.5,492.3,1307.8,324.2,633.3,362.8,730.1,691.6,594.2,676.6,667.2,576.7,219.2,580.6,427.9,471.4,1055.9,621.7,1000.8,558.7,291.9,1309.5,1144.7,1075.7,1105.3,486.6,473.0,199.1,667.5,478.7,681.3,615.3,624.1,1268.9,237.3,442.2,1011.8,556.2,584.8,1062.1,1006.1,903.6,593.1,1044.5,595.3,1287.5,469.8,1006.1,813.1,667.2,1069.4,693.8,1167.0,1048.8,963.6,511.1,604.5,987.3,393.0,238.0,1030.8,1011.6,128.8,964.0,552.4,680.2,321.0,894.6,769.3,1044.6,684.0,605.7,1148.7,875.3,991.3,260.0,292.4,1153.7,1397.9,1152.1,696.9,461.3,1110.1,562.4,632.4,310.3,428.7,745.6,1175.4,219.2,1324.2,1000.5,772.5,1110.2,617.3,823.9,979.8,985.8,1139.5,641.2,509.5,512.0,446.0,1221.0
25,947.3,632.8,1225.2,432.2,536.5,757.7,631.2,716.9,474.0,849.7,724.5,1015.6,179.6,298.7,1361.7,620.0,615.7,216.2,503.8,798.5,238.1,627.5,356.2,225.9,222.4,0.0,329.0,628.0,668.5,1079.9,1054.3,181.9,322.9,1350.4,1271.2,469.4,756.8,325.5,1264.2,10.1,534.9,262.0,1381.5,920.5,430.7,1016.0,640.1,782.1,543.2,783.4,436.5,1398.7,200.0,671.1,453.7,821.0,577.4,685.0,620.8,758.1,667.6,310.1,671.5,303.7,347.1,1000.1,565.9,945.0,502.9,203.5,1400.4,1235.6,1019.9,1196.2,430.8,563.9,23.3,543.2,569.6,625.6,706.2,715.0,1359.8,328.2,386.4,956.0,500.4,675.7,1006.3,1097.0,994.5,684.0,988.7,539.5,1378.3,480.9,1097.0,757.3,758.1,1013.6,638.0,1257.8,993.0,987.8,455.3,548.7,931.5,404.0,328.8,1121.7,955.8,139.9,1054.9,643.3,566.0,411.9,838.8,860.2,1135.4,569.8,549.9,1239.6,819.5,1082.2,350.9,168.2,1097.9,1342.1,1243.0,787.8,430.6,1054.3,506.6,723.3,321.4,439.7,809.6,1266.3,310.1,1268.4,1091.3,863.4,1201.1,561.5,768.1,924.0,1076.7,1230.4,732.0,600.4,602.9,390.2,1311.9
26,618.2,951.4,1412.0,619.0,855.1,944.5,952.0,903.7,260.2,1168.4,911.3,1334.2,470.5,435.5,1680.3,939.2,802.5,426.6,822.4,1034.3,448.5,947.9,685.2,436.3,318.0,329.0,0.0,814.8,855.3,1266.7,1373.0,318.1,652.0,1537.2,1458.0,788.1,871.9,654.6,1451.0,339.2,721.7,448.8,1700.2,1241.3,634.2,1202.8,826.9,968.9,733.7,970.2,755.7,1585.5,410.4,911.0,640.5,1007.8,787.9,871.9,939.5,944.9,854.4,496.9,858.3,514.1,557.6,1318.7,884.6,1265.8,821.5,414.0,1587.2,1422.4,1338.6,1383.0,749.4,750.7,352.3,733.7,607.3,944.2,761.7,752.8,1546.6,515.0,715.5,1276.8,819.0,862.5,1324.9,1283.8,1181.3,721.7,1309.6,858.1,1565.1,151.8,1283.8,1078.1,944.9,1332.3,956.7,1444.7,1313.8,1241.3,750.5,867.4,1252.4,189.6,515.7,1308.5,1276.6,189.2,1241.7,830.1,776.4,598.7,1157.5,910.1,1322.3,780.2,868.5,1426.4,1138.1,1269.0,537.7,378.6,1416.5,1660.7,1429.8,974.6,739.0,1373.0,825.3,761.0,7.7,225.3,1023.2,1453.1,496.9,1587.0,1278.1,980.1,1387.9,880.1,928.6,1242.6,1263.5,1417.2,918.8,787.2,789.7,708.9,1498.7
27,1358.4,771.4,847.4,331.1,964.0,422.0,505.6,398.1,631.9,1245.3,388.8,961.9,640.1,549.7,1273.1,615.3,39.8,738.2,758.9,531.1,839.3,590.5,505.4,747.9,537.1,628.0,814.8,0.0,349.7,702.1,1081.0,496.7,538.7,960.3,893.4,779.7,186.9,610.4,886.4,617.9,199.2,512.9,1253.3,720.7,346.3,638.3,12.0,446.4,1132.2,464.6,710.4,1020.9,821.1,408.3,174.3,320.1,1063.4,109.2,1048.4,257.1,348.9,424.2,335.8,924.7,968.2,946.3,704.5,745.1,758.1,696.6,899.4,857.9,966.2,818.4,734.7,228.2,604.7,1132.2,335.0,764.1,130.3,178.5,982.1,337.0,490.1,827.6,755.5,340.1,952.6,719.3,616.8,249.5,860.4,794.7,877.4,892.0,719.3,628.9,257.1,1036.3,775.9,756.9,864.6,676.8,882.9,803.9,731.7,889.8,400.9,725.0,827.5,625.6,677.1,307.7,1051.9,293.7,1266.4,284.3,650.5,1055.7,860.2,861.9,1247.0,581.2,320.9,789.3,1044.2,1288.4,865.2,286.8,431.0,1081.0,761.8,186.7,807.1,925.5,520.1,888.5,424.2,1214.7,713.6,318.6,823.3,700.0,1195.7,936.4,698.9,852.7,413.3,264.7,267.2,775.2,934.1
28,1473.5,633.3,662.5,355.4,825.9,195.0,339.4,48.4,782.3,895.6,161.8,612.1,593.2,607.0,958.3,449.0,337.4,691.3,620.8,181.4,701.2,424.2,367.3,701.0,577.6,668.5,855.3,349.7,0.0,517.2,731.3,537.2,400.6,787.7,708.4,641.6,248.7,472.3,701.5,658.3,150.5,570.3,978.1,442.4,370.6,453.3,361.8,219.4,994.1,114.9,572.3,835.9,776.2,221.1,231.7,271.1,925.3,392.6,910.3,250.0,0.9,463.9,108.8,811.4,854.9,596.6,566.4,466.9,620.0,649.7,848.6,672.9,616.5,633.5,596.6,126.1,645.2,994.1,525.3,610.1,320.7,368.8,797.1,376.0,352.0,477.9,617.4,113.0,602.9,534.3,431.8,439.9,510.6,656.6,870.3,1007.1,534.3,279.2,250.0,686.6,609.6,749.8,514.9,491.8,744.8,665.8,453.4,930.3,432.2,559.0,477.7,666.1,492.2,46.4,913.8,332.7,925.4,474.7,572.7,917.6,722.1,676.9,906.1,574.2,378.3,763.2,694.5,938.6,680.3,279.8,292.9,731.3,623.7,377.1,847.6,966.0,170.4,703.6,463.9,865.0,528.6,355.3,638.4,561.9,1057.6,586.7,514.0,667.7,63.6,92.4,86.9,637.1,749.2
29,1853.4,1112.3,490.8,768.2,1310.4,347.9,780.4,565.5,1126.9,1237.6,429.0,954.2,1077.2,1001.5,907.7,890.1,662.3,1175.3,1099.8,698.6,1190.5,865.2,856.7,1184.9,989.0,1079.9,1266.7,702.1,517.2,0.0,1073.4,948.6,889.9,607.2,528.0,1126.1,553.4,961.6,529.7,1069.7,545.0,964.8,887.8,490.2,783.4,407.8,714.2,372.3,1478.5,632.1,1056.8,655.5,1260.2,738.3,626.2,382.1,1409.7,697.3,1394.7,445.0,516.3,876.0,434.3,1300.8,1339.1,938.7,1045.4,514.7,1099.0,1133.6,629.3,501.2,958.5,461.8,1081.1,520.6,1056.6,1478.5,830.0,1051.2,625.4,673.5,616.6,788.8,841.4,819.9,1096.5,438.6,944.9,353.8,386.3,744.5,852.7,1135.6,607.3,1387.0,353.8,621.2,445.0,1028.6,1050.6,486.8,856.9,446.3,1229.2,1144.8,501.2,1341.7,844.9,165.3,819.8,1077.5,311.7,470.7,1398.3,745.4,1267.5,759.3,179.1,1402.1,1206.5,505.2,1248.1,251.3,772.8,1241.2,1036.5,927.3,508.5,503.2,782.2,1073.4,1102.7,681.7,1259.0,1377.4,687.5,523.1,876.0,979.6,348.1,528.1,466.7,1041.0,1467.1,928.7,342.2,496.0,580.7,482.5,477.0,1121.6,568.7
30,1478.1,680.4,1218.7,929.1,517.9,926.3,641.0,731.3,1361.8,278.9,893.1,166.7,924.0,1186.5,574.7,550.7,1068.7,1022.1,668.0,641.0,924.5,575.6,840.6,1031.8,1110.1,1054.3,1375.6,1081.0,731.3,1073.4,0.0,1069.7,873.9,1207.9,1164.5,749.0,980.1,830.9,1257.7,1044.2,881.8,1149.8,594.5,645.1,913.9,746.6,1093.1,950.7,926.1,712.1,734.6,845.1,1044.7,673.3,963.0,983.8,936.7,1124.0,499.0,981.4,732.2,1141.5,840.1,924.6,933.0,213.0,613.6,669.6,667.1,980.5,1268.8,1229.1,171.1,1189.7,710.4,857.5,1031.0,926.1,1256.7,567.1,1052.0,1100.2,1037.1,1048.9,810.4,253.5,664.6,844.3,128.5,1090.5,757.0,1171.2,220.7,703.7,1375.5,1485.4,1090.5,452.2,981.4,73.9,515.3,1424.1,216.5,712.3,756.1,712.9,656.1,1315.0,1029.1,1115.2,253.6,1186.4,1048.4,777.8,925.2,966.5,308.7,1206.0,1129.0,929.0,829.5,1191.6,289.4,1201.2,1094.0,1075.1,310.9,555.0,1236.5,1011.1,805.7,0.0,670.8,1108.4,1367.9,1211.7,652.1,1123.8,1141.5,481.4,1084.8,1086.7,1194.6,609.1,508.4,210.8,1070.2,1223.9,746.5,823.7,818.2,724.7,892.3
31,936.3,648.2,1093.9,300.9,551.8,626.4,646.6,585.6,342.7,865.1,593.2,1030.9,195.0,167.4,1377.1,635.4,484.4,293.1,519.1,716.2,362.4,642.9,371.6,302.8,40.4,181.9,318.1,496.7,537.2,948.6,1069.7,0.0,338.3,1219.1,1139.8,484.8,625.5,340.9,1132.9,171.8,403.6,130.7,1396.9,935.9,316.1,884.7,508.7,650.8,667.6,652.1,451.9,1267.4,324.4,592.9,322.4,689.7,651.2,553.7,636.2,626.8,536.3,178.8,540.2,428.0,471.5,1015.4,581.3,960.4,518.3,251.5,1269.1,1104.3,1035.3,1064.9,446.2,432.6,158.7,667.6,438.3,640.9,574.9,583.7,1228.5,196.9,401.8,971.3,515.7,544.4,1021.7,965.7,863.2,552.7,1004.1,554.9,1247.0,470.0,965.7,772.6,626.8,1029.0,653.4,1126.5,1008.3,923.2,470.7,564.1,946.9,393.1,197.5,990.4,971.2,128.9,923.6,512.0,639.8,280.6,854.2,728.9,1004.1,643.5,565.2,1108.3,834.9,950.9,219.6,292.6,1113.3,1357.4,1111.7,656.5,420.9,1069.7,522.0,592.0,310.4,428.8,705.1,1135.0,178.8,1283.8,960.0,732.1,1069.8,576.8,783.5,939.4,945.4,1099.1,600.7,469.1,471.5,405.6,1180.6
32,1180.9,408.5,1035.3,224.0,435.5,567.7,308.3,449.0,626.2,748.8,534.5,754.7,192.6,450.9,1100.8,329.4,526.4,290.7,285.6,475.6,300.6,304.6,33.3,300.4,378.7,322.9,652.0,538.7,400.6,889.9,873.9,338.3,0.0,1160.5,1081.2,251.3,621.5,71.7,1074.2,312.8,404.1,414.2,1120.7,597.6,208.8,699.2,550.7,592.2,603.7,515.5,182.0,1208.7,375.6,348.2,380.8,643.8,534.9,595.7,519.9,622.8,399.8,307.8,481.5,410.8,454.3,739.2,341.7,622.1,284.7,249.1,1221.3,1045.7,759.1,1006.3,206.2,433.1,299.6,603.7,721.8,401.3,616.9,665.0,1169.9,272.2,63.5,633.1,282.2,485.8,745.4,907.1,709.5,736.1,665.8,321.4,1243.1,803.8,907.1,434.4,622.8,829.2,413.8,1122.6,670.1,664.9,354.4,330.6,608.6,726.9,207.4,931.7,632.9,462.8,864.9,419.2,523.5,261.4,737.9,770.9,945.5,527.2,331.7,1049.7,718.6,946.9,332.4,362.6,837.0,1081.2,1053.0,652.5,107.7,873.9,288.5,673.3,644.3,762.6,486.7,1076.3,307.8,1007.5,901.4,728.1,1011.2,337.2,667.2,663.1,886.7,1040.5,464.2,465.2,459.7,246.8,1121.9
33,2111.5,1382.9,466.5,1038.7,1580.9,618.4,1050.9,836.1,1385.1,1372.1,699.5,1088.7,1347.7,1272.1,654.6,1160.6,920.5,1445.8,1370.4,969.1,1461.1,1135.8,1127.2,1455.5,1259.5,1350.4,1537.2,960.3,787.7,607.2,1207.9,1219.1,1160.5,0.0,408.0,1396.6,792.5,1232.2,505.4,1340.3,815.5,1235.3,634.7,760.7,1053.9,678.4,972.3,642.9,1749.1,902.6,1327.4,402.4,1530.7,1008.8,896.7,652.6,1680.3,955.4,1592.2,715.6,786.9,1146.6,704.9,1571.3,1609.7,994.9,1316.0,785.2,1369.5,1404.2,60.8,476.9,1093.1,517.3,1351.6,791.2,1327.1,1749.1,1088.1,1321.7,883.5,931.6,421.3,1059.3,1111.9,1090.5,1367.0,709.2,1079.4,418.1,656.9,1002.7,1080.9,1406.1,167.6,1645.1,418.1,891.8,715.6,1163.2,1321.2,246.6,1076.6,716.8,1499.8,1415.4,771.7,1612.2,1115.5,645.7,1090.3,1348.0,397.1,741.3,1668.9,1016.0,1402.0,950.1,571.2,1672.6,1477.1,435.1,1382.7,501.9,1043.3,1511.7,918.4,674.2,484.2,694.0,1052.8,1207.9,1373.3,939.9,1529.5,1647.9,958.1,84.2,1146.6,726.5,294.1,718.8,522.2,1311.5,1601.7,1070.9,509.5,471.7,851.3,753.1,747.6,1392.2,315.6
34,2044.7,1303.6,105.5,959.5,1501.7,539.2,971.7,756.8,1318.2,1328.7,620.3,1045.3,1268.4,1192.8,611.1,1081.4,853.6,1366.6,1291.1,889.9,1381.8,1056.5,1047.9,1376.2,1180.3,1271.2,1458.0,893.4,708.4,528.0,1164.5,1139.8,1081.2,408.0,0.0,1317.4,744.7,1152.9,144.5,1261.0,736.3,1156.1,591.3,681.5,974.6,599.1,905.4,563.6,1669.8,823.3,1248.1,358.9,1451.5,929.6,817.4,573.4,1601.0,888.6,1548.8,636.3,707.6,1067.3,625.6,1492.1,1530.4,951.4,1236.7,705.9,1290.3,1324.9,468.9,115.9,1049.6,156.4,1272.3,711.9,1247.9,1669.8,1021.3,1242.4,816.7,864.8,216.2,980.0,1032.6,1011.2,1287.7,629.9,1036.0,198.8,577.6,935.8,1037.4,1326.9,575.6,1578.3,198.8,812.5,636.3,1119.7,1241.9,654.6,1033.2,637.6,1420.5,1336.1,692.5,1532.9,1036.2,569.7,1011.1,1268.8,317.9,662.0,1589.6,936.7,1358.5,970.6,583.5,1593.3,1397.8,74.1,1339.2,655.7,964.0,1432.4,874.9,630.7,123.3,770.0,973.5,1164.5,1294.0,873.0,1450.3,1568.6,878.8,323.9,1067.3,683.1,179.8,845.8,161.3,1232.3,1558.2,1027.5,198.3,110.7,772.0,673.8,668.3,1312.9,272.1
35,1078.2,247.1,1271.4,472.1,286.1,808.8,386.4,684.5,776.9,599.3,775.6,629.8,339.1,601.6,975.9,322.6,767.4,437.2,118.0,594.2,339.6,335.4,284.6,446.9,525.2,469.4,788.1,779.7,641.6,1126.1,749.0,484.8,251.3,1396.6,1317.4,0.0,862.6,180.2,1310.4,459.3,645.2,564.8,995.8,697.8,456.9,799.3,791.8,833.2,454.3,665.3,69.3,1246.3,457.2,466.8,628.9,884.9,385.5,836.8,370.4,863.9,640.8,490.9,722.6,343.3,351.7,614.3,180.2,722.3,117.2,395.6,1457.5,1281.8,634.2,1242.4,45.0,674.2,446.1,454.3,872.4,239.8,857.9,906.0,1406.1,471.6,289.6,647.1,114.6,726.8,620.6,1143.2,809.7,977.1,614.3,153.8,1484.1,939.9,1143.2,534.6,863.9,704.3,252.3,1363.6,610.0,765.1,204.9,163.0,708.8,852.1,406.8,1167.9,647.2,598.9,1101.1,660.2,374.0,509.5,588.4,1011.9,1181.7,377.8,80.4,1285.9,569.1,1188.0,531.8,487.6,712.2,956.3,1289.2,893.6,348.7,749.0,120.9,914.3,780.4,748.8,605.3,1312.5,490.9,882.6,1137.6,969.1,1247.3,175.7,517.7,538.3,1122.9,1276.6,699.7,706.2,700.7,79.2,1293.6
36,1338.2,854.2,698.7,445.1,1046.8,273.1,588.1,297.1,611.7,1144.3,283.5,860.9,754.0,535.4,1124.4,697.8,147.1,852.2,841.7,430.2,922.1,672.9,588.2,861.8,665.9,756.8,871.9,186.9,248.7,553.4,980.1,625.5,621.5,792.5,744.7,862.6,0.0,693.2,737.7,746.6,221.9,572.2,1104.6,571.9,460.3,489.6,198.9,297.6,1215.0,363.6,793.3,872.2,937.1,469.9,303.1,171.3,1146.2,182.1,1131.2,108.4,247.9,552.9,230.5,1032.4,1075.8,845.4,787.3,596.4,840.9,810.5,731.6,709.1,865.2,669.7,817.5,197.5,733.5,1215.0,314.8,846.9,110.2,158.3,833.4,465.7,572.9,726.6,838.3,234.7,851.6,570.5,468.1,229.3,759.4,877.5,709.6,871.8,570.5,527.9,108.4,935.3,858.3,589.1,763.6,528.0,965.7,886.7,582.9,1018.6,521.8,557.2,726.5,754.4,528.4,202.3,1134.8,422.3,1174.2,264.1,482.7,1138.5,943.0,713.2,1154.8,413.4,449.7,918.1,943.2,1144.0,716.5,108.9,513.8,980.1,844.6,166.5,879.6,1054.3,419.1,739.8,552.9,1113.7,564.9,161.8,674.6,782.9,1278.5,835.4,550.2,704.0,312.3,156.4,161.9,858.1,785.4
37,1119.9,343.6,1106.9,295.6,364.5,639.4,306.9,520.7,629.1,677.8,606.2,711.7,195.2,453.8,1057.8,294.5,598.0,293.3,214.6,474.2,275.3,303.1,105.0,303.0,381.3,325.5,654.6,610.4,472.3,961.6,830.9,340.9,71.7,1232.2,1152.9,180.2,693.2,0.0,1145.9,315.4,475.8,417.0,1077.7,596.2,280.5,697.7,622.4,663.8,532.7,545.2,110.9,1280.4,378.2,346.7,452.5,715.5,463.9,667.4,448.9,694.5,471.4,310.6,553.2,384.9,393.3,696.2,276.8,620.7,213.7,251.7,1293.0,1117.4,716.0,1077.9,135.2,504.8,302.3,532.7,724.6,336.4,688.6,736.7,1241.6,291.5,135.2,631.6,211.2,557.5,702.4,978.7,708.1,807.7,664.4,250.3,1314.8,806.4,978.7,433.0,694.5,786.1,348.8,1194.3,668.7,663.5,283.4,259.5,607.2,729.6,226.7,1003.4,631.5,465.4,936.6,490.9,452.5,333.1,666.9,842.5,1017.2,456.2,260.7,1121.4,647.5,1018.6,351.7,365.2,794.0,1038.2,1124.7,724.2,179.4,830.9,217.4,744.9,646.9,765.3,485.2,1148.0,310.6,964.5,973.1,799.8,1082.8,272.3,596.2,620.1,958.4,1112.2,535.8,536.8,531.4,175.8,1193.6
38,2037.7,1296.6,39.0,952.5,1494.7,532.2,964.7,749.8,1311.2,1421.9,613.3,1138.5,1261.4,1185.8,708.5,1074.4,846.6,1359.6,1284.1,882.9,1374.8,1049.5,1041.0,1369.2,1173.3,1264.2,1451.0,886.4,701.5,529.7,1257.7,1132.9,1074.2,505.4,144.5,1310.4,737.7,1145.9,0.0,1254.0,729.3,1149.1,688.7,674.5,967.6,592.1,898.5,556.6,1662.8,816.4,1241.1,456.3,1444.5,922.6,810.5,566.4,1594.0,881.6,1579.0,629.3,700.6,1060.3,618.6,1485.1,1523.4,1048.8,1229.7,698.9,1283.3,1317.9,566.3,28.5,1142.8,145.6,1265.4,704.9,1240.9,1662.8,1014.3,1235.4,809.7,857.8,313.6,973.1,1025.7,1004.2,1280.8,622.9,1129.2,188.0,570.6,928.8,1037.0,1319.9,673.1,1571.3,188.0,805.5,629.3,1212.9,1234.9,752.0,1041.2,630.6,1413.5,1329.1,685.5,1526.0,1029.2,571.5,1004.1,1261.8,331.7,655.0,1582.6,929.7,1451.8,963.6,585.3,1586.4,1390.8,109.1,1432.4,657.5,957.1,1425.4,972.3,728.2,112.4,763.0,966.5,1257.7,1287.0,866.0,1443.3,1561.7,871.8,421.3,1060.3,780.5,277.2,838.8,150.5,1225.3,1651.4,1113.0,187.5,33.7,765.0,666.8,661.3,1305.9,369.5
39,957.4,622.7,1215.1,422.1,526.4,747.5,621.1,706.7,463.9,839.6,714.3,1005.4,169.5,288.6,1351.6,609.9,605.5,226.3,493.6,788.4,248.2,617.4,346.1,236.0,212.2,10.1,339.2,617.9,658.3,1069.7,1044.2,171.8,312.8,1340.3,1261.0,459.3,746.6,315.4,1254.0,0.0,524.8,251.9,1371.4,910.4,420.6,1005.9,629.9,772.0,553.3,773.3,426.4,1388.5,210.1,660.9,443.6,810.9,587.6,674.9,610.7,747.9,657.5,300.0,661.3,313.8,357.3,989.9,555.8,934.9,492.8,213.7,1390.3,1225.5,1009.8,1186.1,420.7,553.8,13.2,553.3,559.4,615.4,696.1,704.9,1349.7,318.0,376.3,945.8,490.2,665.6,996.2,1086.9,984.4,673.8,978.6,529.4,1368.2,491.0,1086.9,747.2,747.9,1003.5,627.9,1247.7,982.9,977.7,445.2,538.6,921.4,414.2,318.7,1111.5,945.7,150.0,1044.7,633.2,576.1,401.8,828.7,850.0,1125.3,579.9,539.7,1229.5,809.4,1072.1,340.8,178.3,1087.8,1331.9,1232.8,777.7,420.5,1044.2,496.5,713.2,331.5,449.8,799.4,1256.1,300.0,1258.3,1081.2,853.2,1191.0,551.4,758.0,913.9,1066.5,1220.3,721.9,590.3,592.7,380.1,1301.7
40,1339.9,636.8,690.3,223.2,829.4,222.8,371.1,198.9,631.8,1046.0,189.6,762.6,532.2,456.6,1108.7,480.7,186.9,630.3,624.3,331.9,704.7,455.9,370.9,640.0,444.0,534.9,721.7,199.2,150.5,545.0,881.8,403.6,404.1,815.5,736.3,645.2,221.9,475.8,729.3,524.8,0.0,419.8,1096.1,563.5,238.4,481.1,211.3,247.2,997.6,265.4,575.9,863.8,715.2,273.7,81.2,286.1,928.8,256.3,913.8,223.2,149.6,331.1,136.6,815.0,858.4,747.1,569.9,588.0,623.5,588.7,865.5,700.7,767.0,661.3,600.1,29.0,511.6,997.6,482.0,629.5,277.4,325.5,824.9,243.8,355.6,628.3,620.9,140.8,753.3,562.1,459.6,396.6,661.1,660.1,843.4,873.6,562.1,429.7,223.2,837.1,641.3,722.9,665.4,519.6,748.3,669.3,574.5,796.7,300.0,586.8,628.2,532.5,520.0,108.4,917.4,200.5,1075.9,431.4,600.5,921.1,725.6,704.7,1056.6,547.3,227.8,696.2,844.9,1089.1,708.1,252.9,296.4,881.8,627.2,333.8,714.0,832.4,320.8,731.4,331.1,1015.4,556.4,328.5,666.2,565.5,1061.1,737.1,541.8,695.5,214.0,65.5,68.0,640.7,777.0
