,0,1,2,3,4,5,6,7,8,9,10,11,12,13,14,15,16,17,18,19,20,21,22,23,24,25,26,27,28,29,30,31,32,33,34,35,36,37,38,39,40,41,42,43,44,45,46,47,48,49,50,51,52,53,54,55,56,57,58,59,60,61,62,63,64,65,66,67,68,69,70,71,72,73,74,75,76,77,78,79,80,81,82,83,84,85,86,87,88,89,90,91,92,93,94,95,96,97,98,99,100,101,102,103,104,105,106,107,108,109,110,111,112,113,114,115,116,117,118,119,120,121,122,123,124,125,126,127,128,129,130,131,132,133,134,135,136,137,138,139,140,141,142,143,144,145,146,147,148,149,150,151,152
0,0.0,977.4,1128.1,803.0,985.5,1401.2,1108.7,863.8,506.7,937.1,437.9,1430.2,792.6,1102.7,1127.0,815.8,1145.7,839.0,1389.9,783.9,1328.9,1331.3,868.8,783.9,973.8,1531.6,1138.1,826.1,1582.6,1531.2,601.9,1138.1,1015.8,726.1,410.1,906.1,641.6,1013.8,1393.9,1091.8,1117.4,1063.0,1381.2,1085.5,1463.4,1044.8,738.1,659.4,1181.4,813.8,648.9,1002.9,733.8,1008.2,880.1,507.7,985.5,563.6,1038.9,1048.5,1068.2,1025.7,763.3,644.1,847.3,1344.7,773.2,1156.0,1145.5,908.0,549.6,1484.2,1016.6,1234.3,868.8,625.6,1492.8,832.3,859.5,1140.2,475.1,424.1,1068.2,750.4,1399.5,1028.7,839.8,1052.9,821.8,691.0,924.8,947.1,864.2,1028.7,840.9,835.5,815.8,864.8,842.6,848.3,566.8,1042.4,650.2,680.2,603.6,1509.6,962.3,441.7,1531.6,798.5,1455.0,1347.1,1133.7,882.5,702.8,1156.7,1138.2,792.9,1120.7,569.6,899.7,1128.4,671.8,1430.9,883.4,1477.0,804.8,1048.7,646.9,742.9,710.8,660.6,959.4,671.0,934.5,1449.4,1179.4,1385.6,1112.4,1145.5,1557.0,773.2,947.0,1200.7,939.0,887.4,1431.0,1008.2,1260.0,1503.0,602.8,721.3,1513.9
1,977.4,0.0,648.5,456.3,848.3,533.8,655.7,746.4,820.1,175.8,852.5,974.7,256.9,951.8,649.6,469.1,495.4,556.0,1147.6,193.5,887.1,953.1,522.1,265.6,882.5,886.6,609.4,667.3,732.9,910.8,518.6,609.4,707.2,638.5,880.3,986.7,558.3,711.2,526.5,806.3,659.2,644.8,513.8,743.5,596.0,678.2,597.9,641.8,314.0,235.7,565.6,988.7,243.6,697.9,995.8,526.1,848.3,726.8,171.5,847.1,200.8,723.1,572.3,680.7,188.5,1102.4,276.3,802.8,631.1,543.8,740.8,616.8,620.3,366.9,522.1,434.9,914.4,485.6,692.3,272.8,815.3,866.3,200.8,403.7,532.1,827.3,493.1,670.1,499.5,527.9,847.2,127.6,551.3,827.3,747.7,741.7,469.1,922.4,495.9,946.5,547.9,577.3,410.3,517.1,520.3,642.2,567.4,848.7,886.6,451.8,999.5,479.7,909.9,945.3,619.5,289.3,609.5,700.3,655.9,490.9,489.3,927.0,508.7,898.9,519.2,949.2,711.7,674.3,654.3,306.6,623.2,399.9,887.7,627.2,879.5,582.0,579.1,930.1,770.4,631.1,689.6,276.3,892.0,600.4,618.8,501.6,888.7,711.7,392.6,904.2,513.9,374.6,760.6
2,1128.1,648.5,0.0,478.1,268.6,695.5,19.4,283.3,657.8,742.5,690.2,521.0,598.0,372.1,1.1,490.9,284.9,445.9,608.8,732.0,433.4,499.4,459.9,589.3,302.8,622.4,39.1,365.7,673.4,622.0,646.3,39.1,127.5,410.6,718.0,407.0,666.6,131.5,688.2,240.0,10.7,65.1,675.5,163.8,757.7,98.5,569.9,468.7,334.5,619.2,612.3,409.0,766.4,164.7,416.1,726.5,268.6,564.5,498.0,267.4,530.3,143.4,544.3,507.6,727.0,563.6,578.6,333.4,17.4,460.1,578.5,748.5,180.2,528.6,459.9,608.6,583.6,507.4,338.2,375.7,653.0,704.0,530.3,464.2,693.8,247.6,558.2,90.4,393.7,701.6,267.5,722.7,341.3,247.6,344.1,304.7,490.9,342.7,411.9,366.8,721.6,137.2,584.0,690.8,599.0,738.6,235.6,686.4,622.4,456.0,545.8,641.4,352.6,365.6,607.4,359.2,39.0,371.9,7.4,664.6,442.4,347.3,682.4,521.7,435.5,567.8,399.1,94.6,481.2,548.3,429.4,573.6,308.0,559.7,299.8,743.7,318.6,476.4,190.7,17.4,675.7,578.6,312.3,339.9,280.9,430.1,521.8,132.0,554.3,593.8,674.5,493.3,604.7
3,803.0,456.3,478.1,0.0,498.3,646.2,485.3,373.3,571.0,343.9,603.4,875.6,199.4,734.1,479.2,39.4,446.3,279.7,970.8,368.5,788.0,854.0,92.4,190.7,532.5,977.0,439.0,333.8,845.3,976.6,272.1,439.0,489.5,367.5,631.2,711.8,311.8,493.5,638.9,602.0,488.8,447.1,626.2,525.8,708.4,460.5,348.8,392.7,420.8,220.6,316.5,713.8,367.8,380.3,720.9,327.9,498.3,477.7,448.7,629.4,481.0,505.4,323.2,431.6,431.9,925.6,180.0,695.4,460.7,131.6,491.7,729.2,317.5,479.3,92.4,210.0,938.2,29.3,358.8,379.6,566.2,617.2,481.0,57.2,644.5,609.6,146.6,452.4,166.0,303.0,594.9,353.9,217.8,609.6,414.2,408.2,39.4,647.5,66.2,671.6,323.0,343.3,185.4,292.2,273.8,754.6,262.9,599.6,977.0,22.1,900.4,592.1,714.6,670.4,370.4,396.1,439.1,366.8,485.5,266.0,123.3,709.3,283.8,876.3,107.0,922.4,378.2,456.6,405.2,149.7,374.1,175.0,537.7,378.1,562.6,694.4,480.0,831.0,552.7,460.7,802.0,180.0,550.1,501.3,245.7,111.0,876.4,469.8,505.0,948.4,289.0,81.7,873.0
4,985.5,848.3,268.6,498.3,0.0,895.3,249.2,141.8,515.2,759.0,547.6,571.1,614.5,291.5,267.5,511.1,484.7,364.4,561.7,783.6,483.5,503.1,480.1,605.8,34.2,672.5,304.6,224.2,723.5,672.1,642.7,304.6,144.2,268.5,575.4,213.5,637.6,142.2,888.0,263.6,257.9,203.5,875.3,213.9,834.9,173.2,490.5,326.1,534.3,635.7,553.1,215.5,782.9,150.8,222.6,743.0,0.0,421.9,697.8,220.3,730.1,154.1,464.9,365.0,847.0,516.5,595.1,327.8,286.0,519.3,435.9,798.6,228.4,728.4,480.1,625.1,633.7,527.6,207.3,575.5,510.4,561.4,730.1,480.7,893.6,200.5,574.7,181.3,379.8,718.1,96.6,769.0,327.4,200.5,189.4,150.0,511.1,149.2,432.1,173.3,738.1,271.4,600.5,707.3,570.0,788.7,303.4,543.8,672.5,476.2,595.9,841.2,305.5,172.1,512.6,559.0,304.5,217.2,261.2,681.1,510.2,300.2,698.9,571.8,494.7,617.9,257.0,177.1,338.6,564.8,274.7,590.1,39.4,417.1,64.3,848.9,497.1,526.5,240.8,286.0,725.8,595.1,51.8,518.4,267.0,497.9,571.9,136.6,754.1,643.9,670.9,509.8,654.8
5,1401.2,533.8,695.5,646.2,895.3,0.0,702.7,882.4,1190.6,656.2,1223.0,517.1,737.3,920.0,696.6,659.0,542.4,888.5,651.3,617.3,648.0,714.0,628.0,746.0,903.0,368.3,656.4,912.4,214.6,392.5,891.7,656.4,752.9,976.3,1250.8,970.9,931.4,756.9,263.2,664.4,706.2,691.8,275.9,683.2,62.2,725.2,968.4,1012.3,361.0,716.1,936.1,972.9,667.4,744.9,980.0,947.5,895.3,1097.3,383.3,760.5,415.6,768.8,942.8,1051.2,612.3,657.3,756.7,660.9,678.1,590.8,1111.3,172.9,667.3,166.9,628.0,829.6,396.1,675.5,870.5,319.8,1185.8,1236.8,415.6,676.8,1.7,727.5,766.2,717.1,774.8,922.6,831.4,608.0,782.3,727.5,959.6,923.2,659.0,906.6,601.8,930.7,942.6,624.3,805.0,911.8,893.4,108.4,614.4,1219.2,368.3,624.1,484.3,159.1,768.0,929.5,990.0,336.3,656.5,975.6,702.9,885.6,536.3,794.0,903.4,380.6,566.2,430.9,987.0,721.3,1024.8,769.3,993.7,794.6,888.6,997.7,863.7,48.2,626.1,425.9,656.3,678.1,171.3,756.7,876.2,647.4,754.8,548.6,370.4,758.7,141.2,385.9,908.6,701.3,242.3
6,1108.7,655.7,19.4,485.3,249.2,702.7,0.0,263.9,638.4,749.7,670.8,501.6,605.2,352.7,18.3,498.1,292.1,426.5,589.4,739.2,414.0,480.0,467.1,596.5,283.4,603.0,58.5,346.3,654.0,602.6,653.5,58.5,108.1,391.2,698.6,387.6,650.1,112.1,695.4,220.6,8.7,45.7,682.7,144.4,764.9,79.1,550.5,449.3,341.7,626.4,595.8,389.6,773.6,145.3,396.7,733.7,249.2,545.1,505.2,248.0,537.5,124.0,524.9,488.2,734.2,544.2,585.8,314.0,36.8,467.3,559.1,729.1,168.6,535.8,467.1,615.8,564.2,514.6,318.8,382.9,633.6,684.6,537.5,471.4,701.0,228.2,565.4,71.0,374.3,708.8,248.1,729.9,321.9,228.2,324.7,285.3,498.1,323.3,419.1,347.4,728.8,144.4,591.2,698.0,582.5,719.2,242.8,667.0,603.0,463.2,526.4,648.6,333.2,346.2,588.0,366.4,58.4,352.5,12.0,671.8,449.6,327.9,689.6,502.3,442.7,548.4,379.7,75.2,461.8,555.5,410.0,580.8,288.6,540.3,280.4,750.9,325.8,457.0,171.3,36.8,656.3,585.8,292.9,347.1,261.5,437.3,502.4,112.6,561.5,574.4,681.7,500.5,585.3
7,863.8,746.4,283.3,373.3,141.8,882.4,263.9,0.0,393.5,634.0,425.9,598.9,489.5,410.6,282.2,386.1,481.0,222.6,647.3,658.6,511.3,577.3,355.1,480.8,176.0,700.3,317.6,83.0,751.3,699.9,502.7,317.6,172.0,146.3,453.7,355.3,497.6,170.0,875.1,317.9,272.6,218.2,862.4,241.7,862.7,201.0,348.7,204.4,530.6,510.7,413.1,357.3,657.9,163.4,364.4,618.0,141.8,300.2,684.9,305.9,717.2,181.9,323.1,243.3,722.0,602.1,470.1,411.3,300.7,394.3,314.2,826.4,241.0,715.5,355.1,500.1,661.5,402.6,65.5,571.8,388.7,439.7,717.2,355.7,880.7,286.1,449.7,209.1,249.9,593.1,238.4,644.0,197.6,286.1,80.2,40.8,386.1,291.0,307.1,315.1,613.1,284.0,475.5,582.3,430.0,816.5,297.6,422.1,700.3,351.2,623.7,828.3,391.1,313.9,386.2,555.3,317.5,108.0,275.9,556.1,386.0,385.8,573.9,599.6,369.7,645.7,134.8,204.9,216.9,439.8,165.1,465.1,181.2,295.4,206.1,876.7,514.7,554.3,268.6,300.7,753.6,470.1,193.6,536.0,127.6,373.7,599.7,164.4,741.2,671.7,530.9,384.8,682.6
8,506.7,820.1,657.8,571.0,515.2,1190.6,638.4,393.5,0.0,707.7,68.8,972.4,563.2,784.1,656.7,583.8,835.3,384.1,1020.8,693.1,884.8,950.8,636.8,554.5,549.4,1073.8,692.1,355.8,1124.8,1073.4,372.5,692.1,545.5,255.8,96.6,627.6,367.4,543.5,1183.3,691.4,647.1,592.7,1170.6,615.2,1236.2,574.5,291.3,189.1,884.9,584.4,282.9,724.4,643.0,537.9,601.6,416.9,515.2,93.3,938.2,679.4,967.5,555.4,316.5,173.8,756.5,975.6,543.8,784.8,675.2,676.0,79.3,1199.9,615.5,1023.7,636.8,479.7,1035.0,600.3,389.2,924.0,31.6,82.6,967.5,518.4,1188.9,659.6,607.8,582.6,437.0,545.1,611.8,717.7,458.6,659.6,370.6,365.2,583.8,586.3,610.6,569.8,476.0,658.5,504.3,534.3,299.8,1190.0,651.9,65.0,1073.8,566.5,997.2,1136.5,764.6,604.0,242.4,909.6,692.0,322.6,650.4,433.9,667.7,759.3,525.9,973.1,651.4,1019.2,334.5,578.4,176.6,513.5,240.5,514.7,554.6,200.7,579.5,1238.8,869.0,927.8,642.1,675.2,1127.1,543.8,567.0,890.3,499.6,655.4,973.2,537.9,1049.4,1045.2,400.7,489.3,1056.1
9,937.1,175.8,742.5,343.9,759.0,656.2,749.7,634.0,707.7,0.0,740.1,1097.1,144.5,994.8,743.6,356.7,617.8,443.6,1231.5,220.4,1009.5,1075.5,409.7,153.2,793.2,1009.0,703.4,554.9,855.3,1033.2,406.2,703.4,750.2,526.1,767.9,922.6,445.9,754.2,648.9,862.7,753.2,707.8,636.2,786.5,718.4,721.2,485.5,529.4,436.4,123.3,453.2,974.5,219.7,641.0,896.6,440.4,759.0,614.4,293.9,890.1,323.2,766.1,459.9,568.3,283.8,1186.3,163.9,925.2,725.1,448.9,628.4,739.2,581.9,489.3,409.7,322.5,1036.8,373.2,579.9,395.2,702.9,753.9,323.2,291.3,654.5,870.3,380.7,713.1,387.1,415.5,855.6,73.4,438.9,870.3,635.3,629.3,356.7,881.3,383.5,864.8,435.5,607.7,297.9,404.7,407.9,764.6,527.6,736.3,1009.0,339.4,1121.9,602.1,975.3,899.0,507.1,411.7,703.5,587.9,749.9,378.5,440.6,970.0,396.3,1021.3,424.3,1071.6,599.3,717.3,541.9,194.2,510.8,287.5,798.4,514.8,823.3,704.4,701.5,1052.5,813.4,725.1,812.0,163.9,810.8,722.8,506.4,428.3,1011.1,730.5,515.0,1026.6,401.5,262.2,883.0
10,437.9,852.5,690.2,603.4,547.6,1223.0,670.8,425.9,68.8,740.1,0.0,1004.8,595.6,755.4,689.1,616.2,867.7,416.5,1042.6,761.9,917.2,983.2,669.2,586.9,581.8,1106.2,724.5,388.2,1157.2,1105.8,404.9,724.5,577.9,288.2,27.8,558.8,399.8,575.9,1215.7,723.8,679.5,625.1,1203.0,647.6,1268.6,606.9,323.7,221.5,917.3,616.8,315.3,655.6,711.8,570.3,532.8,485.7,547.6,125.7,970.6,701.2,999.9,587.8,348.9,206.2,825.3,997.4,576.2,808.7,707.6,708.4,111.7,1232.3,647.9,1056.1,669.2,512.1,1067.4,632.7,421.6,956.4,37.2,13.8,999.9,550.8,1221.3,681.4,640.2,615.0,469.4,577.5,577.5,750.1,491.0,681.4,403.0,397.6,616.2,517.5,643.0,501.0,523.3,690.9,536.7,566.7,332.2,1222.4,684.3,3.8,1106.2,598.9,1029.6,1168.9,786.4,535.2,274.8,942.0,724.4,355.0,682.8,466.3,700.1,781.1,558.3,1005.5,683.8,1051.6,366.9,610.8,209.0,545.9,272.9,547.1,587.0,233.1,587.2,1271.2,901.4,960.2,674.5,707.6,1159.5,576.2,599.4,922.7,532.0,687.8,1005.6,570.3,1081.8,1077.6,433.1,521.7,1088.5
11,1430.2,974.7,521.0,875.6,571.1,517.1,501.6,598.9,972.4,1097.1,1004.8,0.0,995.8,594.0,519.9,888.4,508.7,810.9,554.1,1058.2,328.4,394.4,857.4,987.1,577.0,212.6,557.0,681.3,343.5,159.4,1044.1,557.0,426.9,725.7,1032.6,644.9,1040.3,430.9,508.9,338.4,510.3,455.9,521.6,357.2,454.9,422.5,937.0,783.3,660.7,1017.0,986.0,646.9,1108.3,535.5,654.0,1124.3,571.1,879.1,824.2,434.5,856.5,442.8,911.4,822.2,1053.2,552.6,976.4,334.9,538.4,857.6,893.1,418.6,613.1,684.0,857.4,1006.4,121.0,904.9,653.8,701.9,967.6,1018.6,856.5,862.0,518.8,401.5,956.0,430.6,764.5,1099.4,505.4,1048.9,712.1,401.5,646.6,607.2,888.4,580.6,809.4,604.7,1119.4,589.4,981.8,1088.6,972.7,408.7,633.1,1001.0,212.6,853.5,80.6,676.2,442.0,603.5,969.8,685.4,556.9,674.4,513.6,1062.4,839.9,468.0,1080.2,206.7,833.0,105.2,714.2,426.4,795.8,946.1,731.9,971.4,562.6,874.3,537.7,468.9,432.8,177.6,330.3,538.4,345.8,976.4,550.2,454.1,651.7,827.6,225.8,454.7,658.3,131.2,1072.3,891.1,274.8
12,792.6,256.9,598.0,199.4,614.5,737.3,605.2,489.5,563.2,144.5,595.6,995.8,0.0,850.3,599.1,212.2,566.5,299.1,1087.0,169.1,908.2,974.2,265.2,8.7,648.7,1090.1,558.9,410.4,936.4,1096.8,261.7,558.9,605.7,381.6,623.4,778.1,301.4,609.7,730.0,718.2,608.7,563.3,717.3,642.0,799.5,576.7,341.0,384.9,517.5,21.2,308.7,830.0,168.4,496.5,752.1,295.9,614.5,469.9,375.0,745.6,404.3,621.6,315.4,423.8,232.5,1041.8,19.4,811.6,580.6,304.4,483.9,820.3,437.4,570.4,265.2,178.0,1058.4,228.7,435.4,476.3,558.4,609.4,404.3,146.8,735.6,725.8,236.2,568.6,242.6,271.0,711.1,154.5,294.4,725.8,490.8,484.8,212.2,736.8,239.0,720.3,291.0,463.2,153.4,260.2,263.4,845.7,383.1,591.8,1090.1,194.9,1020.6,683.2,830.8,754.5,362.6,492.8,559.0,443.4,605.4,234.0,296.1,825.5,251.8,996.5,279.8,1042.6,454.8,572.8,397.4,49.7,366.3,143.0,653.9,370.3,678.8,785.5,600.2,951.2,668.9,580.6,893.1,19.4,666.3,621.5,361.9,283.8,996.6,586.0,596.1,1068.6,257.0,117.7,964.1
13,1102.7,951.8,372.1,734.1,291.5,920.0,352.7,410.6,784.1,994.8,755.4,594.0,850.3,0.0,371.0,746.9,588.2,622.6,387.5,1019.4,326.5,328.9,715.9,841.6,266.5,695.4,408.1,493.0,746.4,695.0,896.5,408.1,244.6,537.4,727.6,205.7,891.4,240.6,911.8,271.6,361.4,307.0,924.5,314.3,857.8,273.6,748.7,595.0,637.8,871.5,813.1,236.0,1018.7,386.6,231.7,978.8,291.5,690.8,801.3,228.3,833.6,228.7,723.1,633.9,1030.3,342.3,830.9,271.0,389.5,755.1,704.8,821.5,464.2,831.9,715.9,860.9,656.6,763.4,465.5,679.0,779.3,741.6,833.6,716.5,921.7,208.5,810.5,281.7,615.6,953.9,216.4,1004.8,563.2,208.5,458.3,418.9,746.9,253.1,667.9,277.2,973.9,440.5,836.3,943.1,823.8,811.6,538.9,759.2,695.4,712.0,618.8,944.7,196.1,276.0,781.5,662.5,408.0,486.1,364.7,916.9,745.7,175.8,934.7,594.7,730.5,640.8,525.9,277.5,607.5,800.6,543.6,825.9,252.1,686.0,227.2,871.8,520.0,549.4,320.9,389.5,748.7,830.9,239.7,541.3,502.8,733.4,594.8,266.4,857.6,666.8,924.7,745.6,677.7
14,1127.0,649.6,1.1,479.2,267.5,696.6,18.3,282.2,656.7,743.6,689.1,519.9,599.1,371.0,0.0,492.0,286.0,444.8,607.7,733.1,432.3,498.3,461.0,590.4,301.7,621.3,40.2,364.6,672.3,620.9,647.4,40.2,126.4,409.5,716.9,405.9,667.7,130.4,689.3,238.9,9.6,64.0,676.6,162.7,758.8,97.4,568.8,467.6,335.6,620.3,613.4,407.9,767.5,163.6,415.0,727.6,267.5,563.4,499.1,266.3,531.4,142.3,543.2,506.5,728.1,562.5,579.7,332.3,18.5,461.2,577.4,747.4,181.3,529.7,461.0,609.7,582.5,508.5,337.1,376.8,651.9,702.9,531.4,465.3,694.9,246.5,559.3,89.3,392.6,702.7,266.4,723.8,340.2,246.5,343.0,303.6,492.0,341.6,413.0,365.7,722.7,138.3,585.1,691.9,600.1,737.5,236.7,685.3,621.3,457.1,544.7,642.5,351.5,364.5,606.3,360.3,40.1,370.8,6.3,665.7,443.5,346.2,683.5,520.6,436.6,566.7,398.0,93.5,480.1,549.4,428.3,574.7,306.9,558.6,298.7,744.8,319.7,475.3,189.6,18.5,674.6,579.7,311.2,341.0,279.8,431.2,520.7,130.9,555.4,592.7,675.6,494.4,603.6
15,815.8,469.1,490.9,39.4,511.1,659.0,498.1,386.1,583.8,356.7,616.2,888.4,212.2,746.9,492.0,0.0,459.1,292.5,983.6,381.3,800.8,866.8,105.2,203.5,545.3,989.8,451.8,346.6,858.1,989.4,284.9,451.8,502.3,380.3,644.0,724.6,324.6,506.3,651.7,614.8,501.6,459.9,639.0,538.6,721.2,473.3,361.6,405.5,433.6,233.4,329.3,726.6,380.6,393.1,733.7,340.7,511.1,490.5,461.5,642.2,493.8,518.2,336.0,444.4,444.7,938.4,192.8,708.2,473.5,144.4,504.5,742.0,330.3,492.1,105.2,222.8,951.0,68.7,371.6,392.4,579.0,630.0,493.8,70.0,657.3,622.4,159.4,465.2,178.8,315.8,607.7,366.7,230.6,622.4,427.0,421.0,0.0,660.3,79.0,684.4,335.8,356.1,198.2,305.0,286.6,767.4,275.7,612.4,989.8,34.9,913.2,604.9,727.4,683.2,383.2,408.9,451.9,379.6,498.3,278.8,136.1,722.1,296.6,889.1,119.8,935.2,391.0,469.4,418.0,162.5,386.9,187.8,550.5,390.9,575.4,707.2,492.8,843.8,565.5,473.5,814.8,192.8,562.9,514.1,258.5,123.8,889.2,482.6,517.8,961.2,301.8,94.5,885.8
16,1145.7,495.4,284.9,446.3,484.7,542.4,292.1,481.0,835.3,617.8,867.7,508.7,566.5,588.2,286.0,459.1,0.0,516.1,681.6,578.9,421.1,487.1,428.1,557.8,518.9,610.1,245.8,511.0,661.1,609.7,614.8,245.8,343.6,603.9,895.5,623.1,635.1,347.6,535.1,340.3,295.6,281.2,522.4,359.1,604.6,314.6,609.5,653.4,181.4,587.7,580.8,625.1,629.0,334.3,632.2,695.0,484.7,742.0,344.9,436.4,377.2,359.5,583.9,692.3,573.9,636.4,547.1,336.8,267.5,428.3,756.0,625.4,256.7,375.5,428.1,577.1,571.3,475.6,469.1,222.6,830.5,881.5,377.2,432.7,540.7,403.4,526.7,306.5,403.4,670.1,483.6,569.6,380.9,403.4,558.2,519.3,459.1,558.8,380.1,582.9,690.1,213.7,552.5,659.3,567.5,650.8,203.8,863.9,610.1,424.2,533.5,488.3,443.9,581.7,634.7,206.1,245.9,586.0,292.3,633.1,410.6,469.9,650.9,509.4,403.7,555.5,612.0,310.7,665.9,516.8,634.8,542.1,524.1,638.8,515.9,590.6,113.1,464.1,332.2,267.5,663.4,547.1,528.4,134.4,353.4,398.3,509.5,348.1,401.2,581.5,643.0,461.8,592.4
17,839.0,556.0,445.9,279.7,364.4,888.5,426.5,222.6,384.1,443.6,416.5,810.9,299.1,622.6,444.8,292.5,516.1,0.0,859.3,468.2,723.3,789.3,345.5,290.4,398.6,912.3,468.2,140.7,963.3,911.9,308.1,468.2,384.0,174.2,444.3,577.9,303.0,382.0,881.2,529.9,435.2,380.8,868.5,453.7,950.7,394.2,154.1,198.0,565.7,320.3,218.5,579.9,467.5,314.0,565.2,427.6,364.4,290.8,674.1,517.9,703.4,393.9,128.5,236.9,531.6,814.1,279.7,623.3,463.3,384.7,304.8,971.5,373.7,721.6,345.5,309.7,873.5,309.0,165.7,606.9,379.3,430.3,703.4,222.5,886.8,498.1,316.5,386.1,113.7,402.7,461.0,453.6,135.2,498.1,221.1,215.1,292.5,513.6,312.1,533.4,422.7,399.5,285.1,391.9,235.4,996.9,332.7,412.7,912.3,275.2,835.7,834.4,603.1,536.5,191.6,590.4,468.1,173.5,438.5,365.7,376.4,597.8,383.5,811.6,360.1,857.7,184.9,390.3,210.5,249.4,179.4,274.7,403.8,183.4,428.7,936.7,549.8,766.3,480.6,463.3,965.6,279.7,416.2,571.1,170.4,364.1,811.7,376.4,747.3,883.7,336.3,225.2,894.6
18,1389.9,1147.6,608.8,970.8,561.7,651.3,589.4,647.3,1020.8,1231.5,1042.6,554.1,1087.0,387.5,607.7,983.6,681.6,859.3,0.0,1231.1,288.4,290.8,952.6,1078.3,536.7,480.6,644.8,729.7,477.7,504.8,1133.2,644.8,481.3,774.1,1014.8,490.8,1128.1,477.3,643.1,435.5,598.1,543.7,655.8,511.7,589.1,510.3,985.4,831.7,833.6,1108.2,1049.8,541.6,1255.4,623.3,516.8,1215.5,561.7,927.5,997.1,442.6,1029.4,465.4,959.8,870.6,1226.1,45.2,1067.6,377.6,626.2,991.8,941.5,552.8,700.9,818.2,952.6,1097.6,483.7,1000.1,702.2,874.8,1016.0,1028.8,1029.4,953.2,653.0,419.2,1047.2,518.4,852.3,1190.6,465.1,1221.8,799.9,419.2,695.0,655.6,983.6,540.3,904.6,564.4,1210.6,677.2,1073.0,1179.8,1060.5,542.9,775.6,1046.4,480.6,948.7,521.3,810.4,300.9,563.2,1018.2,858.3,644.7,722.8,601.4,1153.6,982.4,261.5,1171.4,347.4,967.2,467.9,762.6,514.2,844.2,1037.3,780.3,1062.6,522.3,922.7,497.4,603.1,605.7,392.7,484.8,626.2,480.0,1067.6,509.9,627.0,739.5,970.1,337.2,503.1,792.5,493.9,1161.4,982.3,409.0
19,783.9,193.5,732.0,368.5,783.6,617.3,739.2,658.6,693.1,220.4,761.9,1058.2,169.1,1019.4,733.1,381.3,578.9,468.2,1231.1,0.0,970.6,1036.6,434.3,177.8,817.8,970.1,692.9,579.5,816.4,994.3,430.8,692.9,774.8,550.7,789.7,947.2,470.5,778.8,610.0,887.3,742.7,728.3,597.3,811.1,679.5,745.8,510.1,554.0,397.5,147.9,477.8,999.1,50.1,665.6,921.2,332.6,783.6,639.0,255.0,914.7,284.3,790.7,484.5,592.9,63.4,1185.9,188.5,886.3,714.6,473.5,653.0,700.3,606.5,450.4,434.3,347.1,997.9,397.8,604.5,356.3,724.7,775.7,284.3,315.9,615.6,894.9,405.3,737.7,411.7,440.1,880.2,230.4,463.5,894.9,659.9,653.9,381.3,905.9,408.1,889.4,391.7,632.3,322.5,429.3,432.5,725.7,552.2,758.1,970.1,364.0,1083.0,563.2,993.4,923.6,531.7,372.8,693.0,612.5,739.4,394.5,465.2,994.6,420.9,982.4,448.9,1032.7,623.9,741.9,566.5,218.8,535.4,312.1,823.0,539.4,847.9,665.5,662.6,1013.6,838.0,714.6,773.1,188.5,835.4,683.9,531.0,452.9,972.2,755.1,476.1,987.7,426.1,286.8,844.1
20,1328.9,887.1,433.4,788.0,483.5,648.0,414.0,511.3,884.8,1009.5,917.2,328.4,908.2,326.5,432.3,800.8,421.1,723.3,288.4,970.6,0.0,85.0,769.8,899.5,475.7,423.4,469.4,593.7,474.4,423.0,956.5,469.4,339.3,638.1,945.0,429.8,952.7,343.3,639.8,250.8,422.7,368.3,652.5,269.6,585.8,334.9,849.4,695.7,573.1,929.4,898.4,480.6,1020.7,447.9,455.8,1036.7,483.5,791.5,736.6,346.9,768.9,355.2,823.8,734.6,965.6,243.2,888.8,247.3,450.8,770.0,805.5,549.5,525.5,767.2,769.8,918.8,384.6,817.3,566.2,614.3,880.0,931.0,768.9,774.4,649.7,313.9,868.4,343.0,676.9,1011.8,404.1,961.3,624.5,313.9,559.0,519.6,800.8,479.3,721.8,503.4,1031.8,501.8,894.2,1001.0,885.1,539.6,545.5,913.4,423.4,765.9,353.2,807.1,239.9,502.2,882.2,597.8,469.3,586.8,426.0,974.8,752.3,200.5,992.6,322.7,745.4,368.8,626.6,338.8,708.2,858.5,644.3,883.8,461.3,786.7,436.4,599.8,345.2,277.4,242.7,450.8,476.7,888.8,448.9,366.5,564.1,740.0,322.8,367.1,789.2,394.8,984.7,803.5,405.7
21,1331.3,953.1,499.4,854.0,503.1,714.0,480.0,577.3,950.8,1075.5,983.2,394.4,974.2,328.9,498.3,866.8,487.1,789.3,290.8,1036.6,85.0,0.0,835.8,965.5,478.1,489.4,535.4,659.7,540.4,489.0,1022.5,535.4,405.3,704.1,956.2,432.2,1018.7,409.3,705.8,316.8,488.7,434.3,718.5,335.6,651.8,400.9,915.4,761.7,639.1,995.4,964.4,483.0,1086.7,513.9,458.2,1102.7,503.1,857.5,802.6,384.0,834.9,406.8,889.8,800.6,1031.6,245.6,954.8,313.3,516.8,836.0,871.5,615.5,591.5,833.2,835.8,984.8,450.6,883.3,632.2,680.3,946.0,970.2,834.9,840.4,715.7,360.6,934.4,409.0,742.9,1077.8,406.5,1027.3,690.5,360.6,625.0,585.6,866.8,481.7,787.8,505.8,1097.8,567.8,960.2,1067.0,951.1,605.6,611.5,979.4,489.4,831.9,419.2,873.1,242.3,504.6,948.2,663.8,535.3,652.8,492.0,1040.8,818.3,202.9,1058.6,388.7,811.4,434.8,692.6,404.8,774.2,924.5,710.3,949.8,463.7,852.7,438.8,665.8,411.2,343.4,308.7,516.8,542.7,954.8,451.3,432.5,630.1,806.0,388.8,433.1,855.2,460.8,1050.7,869.5,471.7
22,868.8,522.1,459.9,92.4,480.1,628.0,467.1,355.1,636.8,409.7,669.2,857.4,265.2,715.9,461.0,105.2,428.1,345.5,952.6,434.3,769.8,835.8,0.0,256.5,514.3,958.8,420.8,385.1,827.1,958.4,337.9,420.8,471.3,433.3,697.0,693.6,377.6,475.3,620.7,583.8,470.6,428.9,608.0,507.6,690.2,442.3,414.6,458.5,402.6,286.4,382.3,695.6,433.6,362.1,702.7,393.7,480.1,543.5,430.5,611.2,462.8,487.2,389.0,497.4,497.7,907.4,245.8,677.2,442.5,113.4,557.5,711.0,299.3,461.1,0.0,275.8,920.0,121.7,343.2,361.4,632.0,683.0,462.8,123.0,626.3,591.4,212.4,434.2,231.8,368.8,576.7,419.7,255.0,591.4,432.3,395.9,105.2,629.3,48.0,653.4,388.8,325.1,251.2,358.0,339.6,736.4,244.7,665.4,958.8,70.3,882.2,573.9,696.4,652.2,436.2,377.9,420.9,432.6,467.3,331.8,105.1,691.1,349.6,858.1,88.8,904.2,444.0,438.4,471.0,215.5,439.9,240.8,519.5,443.9,544.4,676.2,461.8,812.8,534.5,442.5,783.8,245.8,531.9,483.1,227.5,92.8,858.2,451.6,486.8,930.2,354.8,147.5,854.8
23,783.9,265.6,589.3,190.7,605.8,746.0,596.5,480.8,554.5,153.2,586.9,987.1,8.7,841.6,590.4,203.5,557.8,290.4,1078.3,177.8,899.5,965.5,256.5,0.0,640.0,1088.5,550.2,401.7,945.1,1088.1,253.0,550.2,597.0,372.9,614.7,769.4,292.7,601.0,738.7,709.5,600.0,554.6,726.0,633.3,808.2,568.0,332.3,376.2,526.2,29.9,300.0,821.3,177.1,487.8,743.4,287.2,605.8,461.2,383.7,736.9,413.0,612.9,306.7,415.1,241.2,1033.1,10.7,802.9,571.9,295.7,475.2,829.0,428.7,579.1,256.5,169.3,1049.7,220.0,426.7,485.0,549.7,600.7,413.0,138.1,744.3,717.1,227.5,559.9,233.9,262.3,702.4,163.2,285.7,717.1,482.1,476.1,203.5,728.1,230.3,711.6,282.3,454.5,144.7,251.5,254.7,854.4,374.4,583.1,1088.5,186.2,1011.9,691.9,822.1,745.8,353.9,501.5,550.3,434.7,596.7,225.3,287.4,816.8,243.1,987.8,271.1,1033.9,446.1,564.1,388.7,41.0,357.6,134.3,645.2,361.6,670.1,794.2,591.5,942.5,660.2,571.9,901.8,10.7,657.6,612.8,353.2,275.1,987.9,577.3,604.8,1059.9,248.3,109.0,972.8
24,973.8,882.5,302.8,532.5,34.2,903.0,283.4,176.0,549.4,793.2,581.8,577.0,648.7,266.5,301.7,545.3,518.9,398.6,536.7,817.8,475.7,478.1,514.3,640.0,0.0,678.4,338.8,258.4,729.4,678.0,676.9,338.8,178.4,302.7,598.7,188.5,671.8,176.4,894.8,238.6,292.1,237.7,907.5,248.1,840.8,207.4,524.7,360.3,568.5,669.9,587.3,190.5,817.1,185.0,197.6,777.2,34.2,456.1,732.0,195.3,764.3,188.3,499.1,399.2,881.2,491.5,629.3,302.8,320.2,553.5,470.1,804.5,262.6,762.6,514.3,659.3,639.6,561.8,241.5,609.7,544.6,595.6,764.3,514.9,904.7,175.5,608.9,215.5,414.0,752.3,71.6,803.2,361.6,175.5,223.6,184.2,545.3,124.2,466.3,148.3,772.3,305.6,634.7,741.5,604.2,794.6,337.6,578.0,678.4,510.4,601.8,875.4,280.5,147.1,546.8,593.2,338.7,251.4,295.4,715.3,544.4,275.2,733.1,577.7,528.9,623.8,291.2,211.3,372.8,599.0,308.9,624.3,14.4,451.3,39.3,854.8,503.0,532.4,275.0,320.2,731.7,629.3,26.8,524.3,301.2,532.1,577.8,170.8,788.3,649.8,705.1,544.0,660.7
25,1531.6,886.6,622.4,977.0,672.5,368.3,603.0,700.3,1073.8,1009.0,1106.2,212.6,1090.1,695.4,621.3,989.8,610.1,912.3,480.6,970.1,423.4,489.4,958.8,1088.5,678.4,0.0,658.4,782.7,194.7,88.0,1145.5,658.4,528.3,827.1,1134.0,746.3,1141.7,532.3,360.1,439.8,611.7,557.3,372.8,458.6,306.1,523.9,1038.4,884.7,713.8,1068.9,1087.4,748.3,1020.2,636.9,755.4,1225.7,672.5,980.5,736.1,535.9,768.4,544.2,1012.8,923.6,965.1,486.6,1077.8,436.3,639.8,943.6,994.5,269.8,714.5,535.2,958.8,1107.8,91.6,1006.3,755.2,672.6,1069.0,1120.0,768.4,963.4,370.0,502.9,1057.4,532.0,865.9,1200.8,606.8,960.8,813.5,502.9,748.0,708.6,989.8,682.0,910.8,706.1,1220.8,690.8,1083.2,1190.0,1074.1,259.9,734.5,1102.4,0.0,954.9,179.8,527.4,543.4,704.9,1071.2,689.1,658.3,775.8,615.0,1163.8,889.1,569.4,1181.6,165.4,919.0,126.4,815.6,527.8,897.2,1047.5,833.3,1072.8,664.0,975.7,639.1,320.1,534.2,146.0,431.7,639.8,197.0,1077.8,651.6,555.5,753.1,901.4,143.4,556.1,509.5,81.4,1173.7,992.5,126.0
26,1138.1,609.4,39.1,439.0,304.6,656.4,58.5,317.6,692.1,703.4,724.5,557.0,558.9,408.1,40.2,451.8,245.8,468.2,644.8,692.9,469.4,535.4,420.8,550.2,338.8,658.4,0.0,400.0,709.4,658.0,607.2,0.0,163.5,444.9,752.3,443.0,627.5,167.5,649.1,276.0,49.8,101.1,636.4,199.8,718.6,134.5,588.6,503.0,295.4,580.1,573.2,445.0,727.3,154.2,452.1,687.4,304.6,598.8,458.9,303.4,491.2,179.4,563.0,541.9,687.9,599.6,539.5,369.4,21.7,421.0,612.8,739.4,141.1,489.5,420.8,569.5,619.6,468.3,372.5,336.6,687.3,738.3,491.2,425.1,654.7,283.6,519.1,126.4,382.5,662.5,303.5,683.6,360.0,283.6,378.6,339.2,451.8,378.7,372.8,402.8,682.5,98.1,544.9,651.7,559.9,764.8,196.5,720.7,658.4,416.9,581.8,602.3,388.6,401.6,626.1,320.1,0.1,406.4,46.5,625.5,403.3,383.3,643.3,557.7,396.4,603.8,433.4,130.6,515.5,509.2,463.7,534.5,344.0,594.0,335.8,704.6,279.5,512.4,226.7,21.7,711.7,539.5,348.3,300.8,303.2,391.0,557.8,168.0,515.2,629.8,635.4,454.2,640.7
27,826.1,667.3,365.7,333.8,224.2,912.4,346.3,83.0,355.8,554.9,388.2,681.3,410.4,493.0,364.6,346.6,511.0,140.7,729.7,579.5,593.7,659.7,385.1,401.7,258.4,782.7,400.0,0.0,833.7,782.3,420.8,400.0,254.4,108.6,416.0,437.7,415.7,252.4,905.1,400.3,355.0,300.6,892.4,324.1,945.1,283.4,266.8,166.7,560.6,431.6,331.2,439.7,578.8,245.8,446.8,538.9,224.2,262.5,714.9,388.3,747.2,264.3,241.2,205.6,642.9,684.5,391.0,493.7,383.1,424.3,276.5,908.8,323.4,745.5,385.1,421.0,743.9,363.1,47.2,601.8,351.0,402.0,747.2,276.6,910.7,368.5,370.6,291.5,168.0,514.0,320.8,564.9,177.6,368.5,80.4,74.4,346.6,373.4,337.1,397.5,534.0,366.4,396.4,503.2,348.1,898.9,327.6,384.4,782.7,329.3,706.1,858.3,473.5,396.3,304.3,585.3,399.9,79.2,358.3,477.0,416.0,468.2,494.8,682.0,399.7,728.1,104.3,287.3,179.2,360.7,134.6,386.0,263.6,257.7,288.5,959.1,544.7,636.7,351.0,383.1,836.0,391.0,276.0,566.0,157.6,403.7,682.1,246.8,771.2,754.1,449.0,305.7,765.0
28,1582.6,732.9,673.4,845.3,723.5,214.6,654.0,751.3,1124.8,855.3,1157.2,343.5,936.4,746.4,672.3,858.1,661.1,963.3,477.7,816.4,474.4,540.4,827.1,945.1,729.4,194.7,709.4,833.7,0.0,218.9,1090.8,709.4,579.3,878.1,1185.0,797.3,1130.5,583.3,206.4,490.8,662.7,608.3,219.1,509.6,152.4,574.9,1089.4,935.7,560.1,915.2,1135.2,799.3,866.5,687.9,806.4,1146.6,723.5,1031.5,582.4,586.9,614.7,595.2,1063.8,974.6,811.4,483.7,955.8,487.3,690.8,789.9,1045.5,116.1,765.5,381.5,827.1,1028.7,222.5,874.6,806.2,518.9,1120.0,1171.0,614.7,875.9,216.3,553.9,965.3,583.0,916.9,1121.7,657.8,807.1,864.5,553.9,799.0,759.6,858.1,733.0,800.9,757.1,1141.7,741.8,1004.1,1110.9,1092.5,106.2,785.5,1153.4,194.7,823.2,310.7,373.7,594.4,755.9,1122.2,535.4,709.3,826.8,666.0,1084.7,735.4,620.4,1102.5,207.0,765.3,257.3,866.6,578.8,948.2,968.4,884.3,993.7,715.0,1026.7,690.1,166.4,585.2,252.3,482.7,690.8,43.3,955.8,702.6,606.5,804.1,747.7,196.8,607.1,355.8,212.3,1107.7,900.4,68.7
29,1531.2,910.8,622.0,976.6,672.1,392.5,602.6,699.9,1073.4,1033.2,1105.8,159.4,1096.8,695.0,620.9,989.4,609.7,911.9,504.8,994.3,423.0,489.0,958.4,1088.1,678.0,88.0,658.0,782.3,218.9,0.0,1145.1,658.0,527.9,826.7,1133.6,745.9,1141.3,531.9,384.3,439.4,611.3,556.9,397.0,458.2,330.3,523.5,1038.0,884.3,738.0,1093.1,1087.0,747.9,1044.4,636.5,755.0,1225.3,672.1,980.1,760.3,535.5,792.6,543.8,1012.4,923.2,989.3,510.8,1077.4,435.9,639.4,958.6,994.1,294.0,714.1,559.4,958.4,1107.4,38.4,1005.9,754.8,696.8,1068.6,1119.6,792.6,963.0,394.2,502.5,1057.0,531.6,865.5,1200.4,606.4,985.0,813.1,502.5,747.6,708.2,989.4,681.6,910.4,705.7,1220.4,690.4,1082.8,1189.6,1073.7,284.1,734.1,1102.0,88.0,954.5,126.6,551.6,543.0,704.5,1070.8,713.3,657.9,775.4,614.6,1163.4,913.3,569.0,1181.2,174.7,934.0,73.2,815.2,527.4,896.8,1047.1,832.9,1072.4,663.6,975.3,638.7,344.3,533.8,145.6,431.3,639.4,221.2,1077.4,651.2,555.1,752.7,925.6,167.6,555.7,533.7,28.2,1173.3,992.1,150.2
30,601.9,518.6,646.3,272.1,642.7,891.7,653.5,502.7,372.5,406.2,404.9,1044.1,261.7,896.5,647.4,284.9,614.8,308.1,1133.2,430.8,956.5,1022.5,337.9,253.0,676.9,1145.5,607.2,420.8,1090.8,1145.1,0.0,607.2,651.9,383.3,432.7,779.8,110.7,655.9,884.4,764.4,657.0,609.5,871.7,688.2,953.9,622.9,207.2,316.6,664.4,282.9,118.0,858.2,405.8,542.7,753.8,123.3,642.7,279.2,636.7,791.8,666.0,667.8,232.4,301.3,494.2,1088.0,242.3,857.8,628.9,377.1,293.2,974.7,485.7,724.8,337.9,107.2,1106.7,301.4,445.8,625.1,367.7,418.7,666.0,219.5,890.0,772.0,308.9,614.8,290.9,172.6,739.3,416.2,333.3,772.0,498.1,492.7,284.9,738.5,311.7,722.0,118.4,511.5,131.8,161.8,72.7,1000.1,431.4,401.1,1145.5,267.6,1068.9,837.6,877.0,756.2,171.9,641.6,607.3,450.1,653.7,61.4,368.8,871.7,153.4,1044.8,352.5,1090.9,462.0,619.0,304.1,212.0,368.0,142.2,682.1,230.8,707.0,939.9,648.5,999.5,715.1,628.9,1047.5,242.3,694.5,669.8,408.1,356.5,1044.9,632.2,750.5,1116.9,28.2,190.4,1118.5
31,1138.1,609.4,39.1,439.0,304.6,656.4,58.5,317.6,692.1,703.4,724.5,557.0,558.9,408.1,40.2,451.8,245.8,468.2,644.8,692.9,469.4,535.4,420.8,550.2,338.8,658.4,0.0,400.0,709.4,658.0,607.2,0.0,163.5,444.9,752.3,443.0,627.5,167.5,649.1,276.0,49.8,101.1,636.4,199.8,718.6,134.5,588.6,503.0,295.4,580.1,573.2,445.0,727.3,154.2,452.1,687.4,304.6,598.8,458.9,303.4,491.2,179.4,563.0,541.9,687.9,599.6,539.5,369.4,21.7,421.0,612.8,739.4,141.1,489.5,420.8,569.5,619.6,468.3,372.5,336.6,687.3,738.3,491.2,425.1,654.7,283.6,519.1,126.4,382.5,662.5,303.5,683.6,360.0,283.6,378.6,339.2,451.8,378.7,372.8,402.8,682.5,98.1,544.9,651.7,559.9,764.8,196.5,720.7,658.4,416.9,581.8,602.3,388.6,401.6,626.1,320.1,0.1,406.4,46.5,625.5,403.3,383.3,643.3,557.7,396.4,603.8,433.4,130.6,515.5,509.2,463.7,534.5,344.0,594.0,335.8,704.6,279.5,512.4,226.7,21.7,711.7,539.5,348.3,300.8,303.2,391.0,557.8,168.0,515.2,629.8,635.4,454.2,640.7
32,1015.8,707.2,127.5,489.5,144.2,752.9,108.1,172.0,545.5,750.2,577.9,426.9,605.7,244.6,126.4,502.3,343.6,384.0,481.3,774.8,339.3,405.3,471.3,597.0,178.4,528.3,163.5,254.4,579.3,527.9,651.9,163.5,0.0,298.8,605.7,279.5,646.8,4.0,744.7,145.9,116.8,62.4,734.2,69.7,690.7,29.0,510.1,356.4,393.2,626.9,574.5,281.5,774.1,142.0,288.6,734.2,144.2,452.2,556.7,139.9,589.0,15.9,484.5,395.3,785.7,436.1,586.3,239.3,144.9,510.5,466.2,654.4,219.6,587.3,471.3,616.3,489.5,518.8,226.9,434.4,540.7,591.7,589.0,471.9,752.5,120.1,565.9,37.1,371.0,709.3,140.0,760.2,318.6,120.1,219.7,180.3,502.3,215.2,423.3,239.3,729.3,195.9,591.7,698.5,579.2,644.5,294.3,574.1,528.3,467.4,451.7,700.1,225.1,238.1,542.9,417.9,163.4,247.5,120.1,672.3,501.1,219.8,690.1,427.6,485.9,473.7,287.3,32.9,368.9,556.0,305.0,581.3,183.6,447.4,172.3,704.7,352.9,382.3,96.6,144.9,581.6,586.3,184.8,374.2,258.2,488.8,427.7,27.8,613.0,499.7,680.1,501.0,510.6
33,726.1,638.5,410.6,367.5,268.5,976.3,391.2,146.3,255.8,526.1,288.2,725.7,381.6,537.4,409.5,380.3,603.9,174.2,774.1,550.7,638.1,704.1,433.3,372.9,302.7,827.1,444.9,108.6,878.1,826.7,383.3,444.9,298.8,0.0,316.0,459.9,378.2,296.8,969.0,444.7,399.9,345.5,956.3,368.5,989.5,327.8,231.6,66.7,653.5,402.8,293.7,484.0,550.0,290.7,433.9,506.6,268.5,162.5,756.6,432.7,785.9,308.7,206.0,105.6,614.1,728.9,362.2,538.1,428.0,472.5,176.5,953.2,368.3,809.4,433.3,392.2,788.3,396.8,142.0,694.7,251.0,302.0,785.9,310.3,974.6,412.9,404.3,335.9,201.5,485.2,365.1,536.1,223.0,412.9,123.9,118.5,380.3,417.7,399.9,402.1,501.7,411.3,367.6,474.4,310.6,943.3,420.5,284.4,827.1,363.0,750.5,922.2,517.9,436.3,253.2,678.2,444.8,75.9,403.2,444.7,464.2,512.6,466.0,726.4,447.9,772.5,87.3,331.7,79.2,331.9,48.1,357.2,307.9,157.7,332.8,1003.5,637.6,681.1,395.4,428.0,880.4,362.2,320.3,658.9,252.4,451.9,726.5,291.2,835.1,798.5,411.5,307.7,809.4
34,410.1,880.3,718.0,631.2,575.4,1250.8,698.6,453.7,96.6,767.9,27.8,1032.6,623.4,727.6,716.9,644.0,895.5,444.3,1014.8,789.7,945.0,956.2,697.0,614.7,598.7,1134.0,752.3,416.0,1185.0,1133.6,432.7,752.3,605.7,316.0,0.0,531.0,427.6,603.7,1243.5,716.7,707.3,652.9,1230.8,675.4,1296.4,634.7,351.5,249.3,945.1,644.6,343.1,627.8,739.6,598.1,505.0,513.5,575.4,153.5,998.4,673.4,1027.7,615.6,376.7,234.0,853.1,969.6,604.0,780.9,735.4,736.2,139.5,1260.1,675.7,1083.9,697.0,539.9,1095.2,660.5,449.4,984.2,65.0,14.0,1027.7,578.6,1249.1,653.6,668.0,642.8,497.2,605.3,549.7,777.9,518.8,653.6,430.8,425.4,644.0,489.7,670.8,473.2,551.1,718.7,564.5,594.5,360.0,1250.2,712.1,31.6,1134.0,626.7,1057.4,1196.7,758.6,507.4,302.6,969.8,752.2,382.8,710.6,494.1,727.9,753.3,586.1,1033.3,711.6,1079.4,394.7,638.6,236.8,573.7,300.7,574.9,584.3,260.9,559.4,1299.0,929.2,988.0,702.3,735.4,1187.3,604.0,571.9,950.5,559.8,715.6,1033.4,598.1,1109.6,1105.4,460.9,549.5,1116.3
35,906.1,986.7,407.0,711.8,213.5,970.9,387.6,355.3,627.6,922.6,558.8,644.9,778.1,205.7,405.9,724.6,623.1,577.9,490.8,947.2,429.8,432.2,693.6,769.4,188.5,746.3,443.0,437.7,797.3,745.9,779.8,443.0,279.5,459.9,531.0,0.0,774.7,275.5,962.7,306.5,396.3,341.9,975.4,349.2,908.7,308.5,628.1,463.2,672.7,799.3,690.2,96.8,946.5,364.3,26.0,903.1,213.5,559.0,836.2,263.2,868.5,263.6,602.5,502.1,1010.6,445.6,758.7,367.6,424.4,732.8,573.0,872.4,441.9,866.8,693.6,788.7,707.5,741.1,420.8,713.9,596.0,545.0,868.5,694.2,972.6,243.4,788.2,316.6,593.3,881.7,139.5,932.6,540.9,243.4,402.9,363.5,724.6,114.6,645.6,118.1,898.2,475.4,764.1,870.9,707.1,862.5,516.9,562.6,746.3,689.7,669.7,979.6,292.7,132.3,649.7,697.4,442.9,430.7,399.6,841.2,723.7,279.1,862.5,645.6,708.2,691.7,470.5,312.4,475.7,728.4,411.8,753.7,174.1,554.2,149.2,922.7,570.9,600.3,355.8,424.4,799.6,758.7,161.7,592.2,480.5,711.4,645.7,301.3,892.5,717.7,808.0,704.2,728.6
36,641.6,558.3,666.6,311.8,637.6,931.4,650.1,497.6,367.4,445.9,399.8,1040.3,301.4,891.4,667.7,324.6,635.1,303.0,1128.1,470.5,952.7,1018.7,377.6,292.7,671.8,1141.7,627.5,415.7,1130.5,1141.3,110.7,627.5,646.8,378.2,427.6,774.7,0.0,650.8,924.1,759.3,658.8,604.4,911.4,683.1,993.6,617.8,202.1,311.5,684.7,322.6,112.9,853.1,469.8,537.6,748.7,234.0,637.6,274.1,676.4,786.7,705.7,662.7,227.3,296.2,533.9,1082.9,282.0,852.7,649.2,416.8,288.1,1014.4,506.0,764.5,377.6,217.9,1102.9,341.1,440.7,664.8,362.6,413.6,705.7,259.2,929.7,766.9,348.6,609.7,306.6,283.3,734.2,455.9,328.2,766.9,493.0,487.6,324.6,733.4,351.4,716.9,229.1,531.8,242.5,272.5,67.6,1039.8,451.7,396.0,1141.7,307.3,1065.1,877.3,871.9,751.1,166.8,681.3,627.6,445.0,662.1,172.1,408.5,866.6,264.1,1041.0,392.2,1087.1,456.9,613.9,299.0,251.7,362.9,252.9,677.0,225.7,701.9,979.6,668.8,995.7,710.0,649.2,1087.2,282.0,689.4,690.1,403.0,396.2,1041.1,627.1,790.2,1113.1,138.9,230.1,1124.0
37,1013.8,711.2,131.5,493.5,142.2,756.9,112.1,170.0,543.5,754.2,575.9,430.9,609.7,240.6,130.4,506.3,347.6,382.0,477.3,778.8,343.3,409.3,475.3,601.0,176.4,532.3,167.5,252.4,583.3,531.9,655.9,167.5,4.0,296.8,603.7,275.5,650.8,0.0,748.7,149.9,120.8,66.4,738.2,73.7,694.7,33.0,508.1,354.4,397.2,630.9,572.5,277.5,778.1,146.0,284.6,738.2,142.2,450.2,560.7,135.9,593.0,11.9,482.5,393.3,789.7,432.1,590.3,243.3,148.9,514.5,464.2,658.4,223.6,591.3,475.3,620.3,493.5,522.8,224.9,438.4,538.7,589.7,593.0,475.9,756.5,116.1,569.9,41.1,375.0,713.3,136.0,764.2,322.6,116.1,217.7,178.3,506.3,211.2,427.3,235.3,733.3,199.9,595.7,702.5,583.2,648.5,298.3,572.1,532.3,471.4,455.7,704.1,221.1,234.1,540.9,421.9,167.4,245.5,124.1,676.3,505.1,215.8,694.1,431.6,489.9,477.7,285.3,36.9,366.9,560.0,303.0,585.3,181.6,445.4,168.3,708.7,356.9,386.3,100.6,148.9,585.6,590.3,180.8,378.2,262.2,492.8,431.7,25.8,617.0,503.7,684.1,505.0,514.6
38,1393.9,526.5,688.2,638.9,888.0,263.2,695.4,875.1,1183.3,648.9,1215.7,508.9,730.0,911.8,689.3,651.7,535.1,881.2,643.1,610.0,639.8,705.8,620.7,738.7,894.8,360.1,649.1,905.1,206.4,384.3,884.4,649.1,744.7,969.0,1243.5,962.7,924.1,748.7,0.0,656.2,698.9,684.5,12.7,675.0,201.0,717.9,961.1,1005.0,353.7,708.8,928.8,964.7,660.1,737.6,971.8,940.2,888.0,1090.0,376.0,752.3,408.3,760.6,935.5,1043.9,605.0,649.1,749.4,652.7,670.8,583.5,1104.0,90.3,660.0,246.4,620.7,822.3,387.9,668.2,863.2,312.5,1178.5,1229.5,408.3,669.5,264.9,719.3,758.9,709.8,767.5,915.3,823.2,600.7,775.0,719.3,952.3,915.9,651.7,898.4,594.5,922.5,935.3,617.0,797.7,904.5,886.1,154.8,607.1,1211.9,360.1,616.8,476.1,359.2,759.8,921.3,982.7,329.0,649.2,968.3,695.6,878.3,529.0,785.8,896.1,372.4,558.9,422.7,979.7,714.0,1017.5,762.0,986.4,787.3,880.4,990.4,855.5,215.0,618.8,417.7,648.1,670.8,163.1,749.4,868.0,640.1,747.5,541.3,362.2,751.4,272.1,377.7,901.3,694.0,234.1
39,1091.8,806.3,240.0,602.0,263.6,664.4,220.6,317.9,691.4,862.7,723.8,338.4,718.2,271.6,238.9,614.8,340.3,529.9,435.5,887.3,250.8,316.8,583.8,709.5,238.6,439.8,276.0,400.3,490.8,439.4,764.4,276.0,145.9,444.7,716.7,306.5,759.3,149.9,656.2,0.0,229.3,174.9,668.9,76.2,602.2,141.5,656.0,502.3,492.3,739.4,705.0,308.5,886.6,254.5,315.6,846.7,263.6,598.1,655.8,96.1,688.1,161.8,630.4,541.2,884.8,390.3,698.8,93.4,257.4,623.0,612.1,565.9,332.1,686.4,583.8,728.8,401.0,631.3,372.8,533.5,686.6,730.7,688.1,584.4,666.1,63.1,678.4,149.6,483.5,821.8,167.0,872.7,431.1,63.1,365.6,326.2,614.8,242.2,535.8,266.3,841.8,308.4,704.2,811.0,691.7,556.0,406.8,720.0,439.8,579.9,363.2,799.2,138.7,265.1,688.8,517.0,275.9,393.4,232.6,784.8,613.6,175.4,802.6,339.1,598.4,385.2,433.2,145.4,514.8,668.5,450.9,693.8,224.2,593.3,199.3,616.2,264.4,293.8,49.3,257.4,493.1,698.8,211.8,285.7,370.7,601.3,339.2,173.7,712.1,411.2,792.6,613.5,422.1
40,1117.4,659.2,10.7,488.8,257.9,706.2,8.7,272.6,647.1,753.2,679.5,510.3,608.7,361.4,9.6,501.6,295.6,435.2,598.1,742.7,422.7,488.7,470.6,600.0,292.1,611.7,49.8,355.0,662.7,611.3,657.0,49.8,116.8,399.9,707.3,396.3,658.8,120.8,698.9,229.3,0.0,54.4,686.2,153.1,768.4,87.8,559.2,458.0,345.2,629.9,604.5,398.3,777.1,154.0,405.4,737.2,257.9,553.8,508.7,256.7,541.0,132.7,533.6,496.9,737.7,552.9,589.3,322.7,28.1,470.8,567.8,737.8,177.3,539.3,470.6,619.3,572.9,518.1,327.5,386.4,642.3,693.3,541.0,474.9,704.5,236.9,568.9,79.7,383.0,712.3,256.8,733.4,330.6,236.9,333.4,294.0,501.6,332.0,422.6,356.1,732.3,147.9,594.7,701.5,591.2,727.9,246.3,675.7,611.7,466.7,535.1,652.1,341.9,354.9,596.7,369.9,49.7,361.2,3.3,675.3,453.1,336.6,693.1,511.0,446.2,557.1,388.4,83.9,470.5,559.0,418.7,584.3,297.3,549.0,289.1,754.4,329.3,465.7,180.0,28.1,665.0,589.3,301.6,350.6,270.2,440.8,511.1,121.3,565.0,583.1,685.2,504.0,594.0
41,1063.0,644.8,65.1,447.1,203.5,691.8,45.7,218.2,592.7,707.8,625.1,455.9,563.3,307.0,64.0,459.9,281.2,380.8,543.7,728.3,368.3,434.3,428.9,554.6,237.7,557.3,101.1,300.6,608.3,556.9,609.5,101.1,62.4,345.5,652.9,341.9,604.4,66.4,684.5,174.9,54.4,0.0,671.8,98.7,719.7,33.4,504.8,403.6,330.8,584.5,550.1,343.9,731.7,99.6,351.0,691.8,203.5,499.4,494.3,202.3,526.6,78.3,479.2,442.5,723.3,498.5,543.9,268.3,82.5,456.4,513.4,683.4,157.7,524.9,428.9,573.9,518.5,476.4,273.1,372.0,587.9,638.9,526.6,429.5,690.1,182.5,523.5,25.3,328.6,666.9,202.4,717.8,276.2,182.5,279.0,239.6,459.9,277.6,380.9,301.7,686.9,133.5,549.3,656.1,536.8,673.5,231.9,621.3,557.3,425.0,480.7,637.7,287.5,300.5,542.3,355.5,101.0,306.8,57.7,629.9,438.7,282.2,647.7,456.6,431.8,502.7,334.0,29.5,416.1,513.6,364.3,538.9,242.9,494.6,234.7,733.7,314.9,411.3,125.6,82.5,610.6,543.9,247.2,336.2,215.8,426.4,456.7,66.9,550.6,528.7,637.7,458.6,539.6
