,0,1,2,3,4,5,6,7,8,9,10,11,12,13,14,15,16,17,18,19,20,21,22,23,24,25,26,27,28,29,30,31,32
0,0.0,1532.7,1115.2,947.3,1621.5,1168.3,1357.4,936.2,798.5,1128.0,1806.6,1284.0,1379.0,2037.2,1368.5,1728.4,1150.9,1226.1,1973.7,904.1,1164.5,2102.0,2031.5,1864.8,1864.8,2006.4,579.2,1133.2,1674.3,1320.5,2085.8,999.1,2085.4
1,1532.7,0.0,863.2,1018.1,188.2,852.0,1070.4,1073.9,976.8,687.5,910.0,937.9,709.2,1140.5,349.9,831.8,589.7,602.7,1075.6,956.8,462.5,943.4,1134.8,968.2,968.2,1109.8,1449.6,932.3,194.3,721.0,1089.0,627.9,775.7
2,1115.2,863.2,0.0,249.4,749.7,214.3,916.2,305.2,523.6,239.0,1011.2,725.1,474.1,1241.7,650.8,933.0,387.2,462.3,1178.3,303.3,400.8,1306.6,1236.0,1069.4,1069.4,1211.0,691.3,367.8,943.0,307.7,1290.4,235.3,1290.0
3,947.3,1018.1,249.4,0.0,904.6,281.8,841.2,222.4,517.1,393.9,1033.1,650.2,574.0,1263.7,805.7,954.9,542.1,617.2,1200.2,219.9,555.7,1328.5,1257.9,1091.3,1091.3,1232.9,441.9,328.2,1097.9,415.2,1312.3,390.2,1311.9
4,1621.5,188.2,749.7,904.6,0.0,700.2,882.2,960.4,1008.2,511.9,721.8,749.6,521.0,952.3,485.4,643.6,655.7,668.7,888.9,845.4,528.5,1017.1,946.6,780.0,780.0,921.6,1338.3,756.7,268.0,545.5,1001.0,677.4,849.4
5,1168.3,852.0,214.3,281.8,700.2,0.0,702.9,272.4,644.3,189.9,887.0,511.9,381.6,1117.5,771.5,808.8,390.7,465.8,1054.1,354.4,404.2,1182.4,1111.8,945.2,945.2,1086.8,655.2,153.6,931.8,165.3,1166.2,313.5,1165.7
6,1357.4,1070.4,916.2,841.2,882.2,702.9,0.0,750.3,1319.2,804.5,713.6,191.0,471.3,944.2,1367.7,635.4,1010.4,1023.5,880.7,1054.2,907.4,1009.0,938.5,771.9,771.9,913.5,778.3,550.3,1150.2,635.8,992.8,988.4,992.4
7,936.2,1073.9,305.2,222.4,960.4,272.4,750.3,0.0,641.3,449.7,942.2,559.3,483.1,1172.8,861.5,864.0,597.9,673.0,1109.3,344.1,611.4,1237.6,1167.1,1000.5,1000.5,1142.1,430.8,237.3,1153.7,429.4,1221.4,446.0,1221.0
8,798.5,976.8,523.6,517.1,1008.2,644.3,1319.2,641.3,0.0,514.7,1405.6,1128.2,873.4,1636.2,730.7,1327.4,500.7,575.9,1572.7,347.5,514.3,1701.0,1630.5,1463.8,1463.8,1605.4,840.4,797.9,1056.6,706.9,1684.8,348.9,1638.0
9,1128.0,687.5,239.0,393.9,511.9,189.9,804.5,449.7,514.7,0.0,895.8,613.5,358.7,1126.4,641.9,817.6,261.0,336.2,1062.9,351.9,261.6,1191.2,1120.6,954.0,954.0,1095.6,835.8,343.6,767.3,192.3,1175.0,183.9,1174.6
10,1806.6,910.0,1011.2,1033.1,721.8,887.0,713.6,942.2,1405.6,895.8,0.0,581.0,537.1,230.6,1207.2,206.8,1091.4,1104.4,167.1,1212.2,988.4,299.3,224.9,206.8,206.8,199.8,1227.4,742.0,989.7,761.0,283.1,1074.8,427.4
11,1284.0,937.9,725.1,650.2,749.6,511.9,191.0,559.3,1128.2,613.5,581.0,0.0,280.2,811.6,1235.1,502.8,819.4,832.4,748.2,863.1,716.4,876.5,805.9,639.3,639.3,780.9,704.9,359.2,1017.6,444.7,860.2,797.4,859.8
12,1379.0,709.2,474.1,574.0,521.0,381.7,471.3,483.1,873.4,358.7,537.1,280.2,0.0,767.6,1000.6,458.9,564.6,577.7,704.2,675.2,461.6,832.5,761.9,595.3,595.3,736.9,835.1,281.5,789.0,224.0,816.3,542.6,815.8
13,2037.2,1140.5,1241.7,1263.7,952.3,1117.5,944.2,1172.8,1636.2,1126.4,230.6,811.6,767.6,0.0,1437.8,437.3,1322.0,1335.0,69.2,1442.8,1218.9,201.3,126.9,276.7,276.7,101.9,1458.0,972.5,971.8,991.6,185.1,1305.4,369.0
14,1368.5,349.9,650.8,805.7,485.4,771.5,1367.7,861.5,730.7,641.9,1207.2,1235.1,1000.6,1437.8,0.0,1129.0,628.0,703.1,1372.8,746.9,641.5,1240.6,1432.1,1265.4,1265.4,1407.0,1239.8,925.1,491.5,834.2,1386.2,476.1,1072.9
15,1728.4,831.8,933.0,954.9,643.6,808.8,635.4,864.0,1327.4,817.6,206.8,502.8,458.9,437.3,1129.0,0.0,1013.2,1026.2,373.9,1134.0,910.2,502.2,431.6,265.0,265.0,406.6,1149.2,663.8,911.5,682.8,486.0,996.6,485.5
16,1150.9,589.7,387.2,542.1,655.7,390.7,1010.4,597.9,500.7,261.0,1091.4,819.4,564.6,1322.0,628.0,1013.2,0.0,75.2,1258.5,480.7,127.2,1386.8,1316.2,1149.6,1149.6,1291.2,973.6,544.3,669.4,398.2,1370.6,151.8,1250.9
17,1226.1,602.7,462.3,617.2,668.7,465.8,1023.5,673.0,575.9,336.2,1104.4,832.4,577.7,1335.0,703.1,1026.2,75.2,0.0,1271.6,555.9,140.2,1399.9,1329.3,1162.7,1162.7,1304.3,1048.7,619.4,682.5,411.2,1383.7,227.0,1263.9
18,1973.7,1075.6,1178.3,1200.2,888.9,1054.1,880.7,1109.3,1572.7,1062.9,167.1,748.2,704.2,69.2,1372.8,373.9,1258.5,1271.6,0.0,1379.4,1155.5,132.1,63.5,207.5,207.5,38.5,1394.6,909.1,902.6,928.2,115.9,1242.0,299.8
19,904.1,956.8,303.3,219.9,845.4,354.4,1054.2,344.1,347.5,351.9,1212.2,863.1,675.2,1442.8,744.3,1134.0,480.7,555.9,1379.4,0.0,494.3,1507.7,1437.1,1270.5,1270.5,1412.1,543.2,507.8,1036.5,487.8,1491.5,328.9,1491.0
20,1164.5,462.5,400.8,555.7,528.5,404.2,907.4,611.4,514.3,261.6,988.4,716.4,461.6,1218.9,641.5,910.2,127.2,140.2,1155.5,494.3,0.0,1283.8,1213.2,1046.6,1046.6,1188.2,987.2,506.4,542.2,295.2,1267.6,165.4,1123.7
21,2102.0,943.4,1306.6,1328.5,1017.1,1182.4,1009.0,1237.6,1701.0,1191.2,299.3,876.5,832.5,201.3,1240.6,502.2,1386.8,1399.9,132.1,1507.7,1283.8,0.0,195.6,237.2,237.2,170.6,1522.9,1037.4,770.5,1056.5,145.6,1370.3,167.7
22,2031.5,1134.8,1236.0,1257.9,946.6,1111.8,938.5,1167.1,1630.5,1120.6,224.9,805.9,761.9,126.9,1432.1,431.6,1316.2,1329.3,63.5,1437.1,1213.2,195.6,0.0,271.0,271.0,25.0,1452.3,966.8,966.1,985.9,179.4,1299.7,363.3
23,1864.8,968.2,1069.4,1091.3,780.0,945.2,771.9,1000.5,1463.8,954.0,206.8,639.3,595.3,276.7,1265.4,265.0,1149.6,1162.7,207.5,1270.5,1046.6,237.2,271.0,0.0,0.0,246.0,1285.7,800.2,858.3,819.3,221.0,1133.1,255.5
24,1864.8,968.2,1069.4,1091.3,780.0,945.2,771.9,1000.5,1463.8,954.0,206.8,639.3,595.3,276.7,1265.4,265.0,1149.6,1162.7,207.5,1270.5,1046.6,237.2,271.0,0.0,0.0,246.0,1285.7,800.2,858.3,819.3,221.0,1133.1,255.5
25,2006.4,1109.8,1211.0,1232.9,921.6,1086.8,913.5,1142.1,1605.4,1095.6,199.8,780.9,736.9,101.9,1407.0,406.6,1291.2,1304.3,38.5,1412.1,1188.2,170.6,25.0,246.0,246.0,0.0,1427.3,941.8,941.1,960.9,154.4,1274.7,338.3
26,579.2,1449.6,691.3,441.9,1338.3,655.2,778.3,430.8,840.4,835.8,1227.4,704.9,835.1,1458.0,1237.2,1149.2,973.6,1048.7,1394.6,543.2,987.2,1522.9,1452.3,1285.7,1285.7,1427.3,0.0,599.2,1529.4,806.0,1506.7,821.7,1506.2
27,1133.2,932.3,367.8,328.2,756.7,153.6,550.3,237.3,797.9,343.6,742.0,359.2,281.5,972.5,925.1,663.8,544.3,619.4,909.1,507.8,506.4,1037.4,966.8,800.2,800.2,941.8,599.2,0.0,1012.1,211.3,1021.2,467.1,1020.8
28,1674.3,194.3,943.0,1097.9,268.0,931.8,1150.2,1153.7,1056.6,767.3,989.7,1017.6,789.0,971.8,491.5,911.5,669.4,682.5,902.6,1036.5,542.2,770.5,966.1,858.3,858.3,941.1,1529.4,1012.1,0.0,800.8,916.1,707.7,602.8
29,1320.5,721.0,307.7,415.3,545.5,165.4,635.8,429.4,706.9,192.3,761.0,444.7,224.0,991.6,834.2,682.8,398.2,411.2,928.2,488.0,295.2,1056.5,985.9,819.3,819.3,960.9,806.0,211.3,800.8,0.0,1040.2,376.2,1039.8
30,2085.8,1089.0,1290.4,1312.3,1001.0,1166.2,992.8,1221.4,1684.8,1175.0,283.1,860.2,816.3,185.1,1386.2,486.0,1370.6,1383.7,115.9,1491.5,1267.6,145.6,179.4,221.0,221.0,154.4,1506.7,1021.2,916.1,1040.2,0.0,1354.0,313.3
31,999.1,627.9,235.3,390.2,677.4,313.5,988.4,446.0,348.9,183.9,1074.8,797.4,542.6,1305.4,476.1,996.6,151.8,227.0,1242.0,328.9,165.4,1370.3,1299.7,1133.1,1133.1,1274.7,821.7,467.1,707.7,376.2,1354.0,0.0,1289.1
32,2085.4,775.7,1290.0,1311.9,849.4,1165.7,992.4,1221.0,1638.0,1174.6,427.4,859.8,815.8,369.0,1072.9,485.5,1250.9,1263.9,299.8,1491.0,1123.7,167.7,363.3,255.5,255.5,338.3,1506.2,1020.8,602.8,1039.8,313.3,1289.1,0.0
