,0,1,2,3,4,5,6,7
0,0.0,580.1,818.0,920.6,1188.7,1085.5,721.3,1513.9
1,580.1,0.0,584.4,376.5,976.5,556.8,487.7,969.8
2,818.0,584.4,0.0,622.7,448.7,540.8,96.7,888.0
3,920.6,376.5,622.7,0.0,717.1,245.1,619.2,624.5
4,1188.7,976.5,448.7,717.1,0.0,578.0,488.8,456.7
5,1085.5,556.8,540.8,245.1,578.0,0.0,537.3,440.9
6,721.3,487.7,96.7,619.2,488.8,537.3,0.0,928.1
7,1513.9,969.8,888.0,624.5,456.7,440.9,928.1,0.0
