,0,1,2,3,4,5,6,7
0,0.0,646.5,625.7,582.5,1055.8,1124.7,721.3,1513.9
1,646.5,0.0,222.9,476.7,695.5,503.6,178.6,1013.5
2,625.7,222.9,0.0,602.3,803.2,583.8,156.0,1084.1
3,582.5,476.7,602.3,0.0,514.1,805.8,490.1,972.2
4,1055.8,695.5,803.2,514.1,0.0,481.8,660.2,608.3
5,1124.7,503.6,583.8,805.8,481.8,0.0,440.8,613.6
6,721.3,178.6,156.0,490.1,660.2,440.8,0.0,928.1
7,1513.9,1013.5,1084.1,972.2,608.3,613.6,928.1,0.0
