,0,1,2,3,4,5,6,7
0,0.0,1851.7,1574.9,1191.8,1645.3,1475.3,999.1,2085.4
1,1851.7,0.0,655.8,982.0,1005.8,407.9,1119.9,463.7
2,1574.9,655.8,0.0,493.4,616.2,247.9,630.8,889.5
3,1191.8,982.0,493.4,0.0,564.7,584.3,192.7,1175.2
4,1645.3,1005.8,616.2,564.7,0.0,773.0,678.7,634.3
5,1475.3,407.9,247.9,584.3,773.0,0.0,716.8,641.6
6,999.1,1119.9,630.8,192.7,678.7,716.8,0.0,1289.1
7,2085.4,463.7,889.5,1175.2,634.3,641.6,1289.1,0.0
