,0,1,2,3,4,5,6,7
0,0.0,1264.6,1502.6,1581.9,833.5,1408.4,999.1,2085.4
1,1264.6,0.0,484.8,714.2,1044.9,186.9,860.0,863.9
2,1502.6,484.8,0.0,265.3,767.9,407.6,558.4,906.7
3,1581.9,714.2,265.3,0.0,847.3,637.0,637.8,889.0
4,833.5,1044.9,767.9,847.3,0.0,1069.1,264.4,1553.5
5,1408.4,186.9,407.6,637.0,1069.1,0.0,859.4,677.0
6,999.1,860.0,558.4,637.8,264.4,859.4,0.0,1289.1
7,2085.4,863.9,906.7,889.0,1553.5,677.0,1289.1,0.0
