,0,1,2,3,4,5,6,7
0,0.0,1174.5357663400275,1193.4406578765702,1188.9633847884577,652.5733111815334,1225.4184849910362,822.8731071824103,1667.6765190679764
1,1174.5357663400275,0.0,427.0885485425004,661.0284252810831,779.3039899193785,149.7525063149133,649.6265935483652,819.8183739686124
2,1193.4406578765702,427.0885485425004,0.0,243.14703625482667,606.1338097012587,297.14001678389843,420.3868769974304,498.94233195780976
3,1188.9633847884577,661.0284252810831,243.14703625482667,0.0,544.5770843914471,539.0514567344293,366.1094896834292,496.8400467621971
4,652.5733111815334,779.3039899193785,606.1338097012587,544.5770843914471,0.0,754.4611138414434,188.59731161473616,1036.530337657265
5,1225.4184849910362,149.7525063149133,297.14001678389843,539.0514567344293,754.4611138414434,0.0,599.0996092489938,671.0022524051266
6,822.8731071824103,649.6265935483652,420.3868769974304,366.1094896834292,188.59731161473616,599.0996092489938,0.0,851.4514296473618
7,1667.6765190679764,819.8183739686124,498.94233195780976,496.8400467621971,1036.530337657265,671.0022524051266,851.4514296473618,0.0
