,0,1,2,3,4,5,6,7
0,0.0,1201.0,1575.1,896.2,1907.3,1862.9,999.1,2085.4
1,1201.0,0.0,543.8,1391.1,762.2,717.7,920.6,940.2
2,1575.1,543.8,0.0,1143.9,711.3,844.8,631.0,889.4
3,896.2,1391.1,1143.9,0.0,1613.7,1826.9,531.1,1378.7
4,1907.3,762.2,711.3,1613.7,0.0,541.9,1175.5,254.7
5,1862.9,717.7,844.8,1826.9,541.9,0.0,1313.9,564.2
6,999.1,920.6,631.0,531.1,1175.5,1313.9,0.0,1289.1
7,2085.4,940.2,889.4,1378.7,254.7,564.2,1289.1,0.0
