,0,1,2,3,4,5,6,7
0,0.0,515.8,1474.4,1256.5,1128.1,891.0,721.3,1513.9
1,515.8,0.0,958.6,740.7,639.8,375.2,516.0,998.1
2,1474.4,958.6,0.0,310.3,565.2,618.2,935.3,228.4
3,1256.5,740.7,310.3,0.0,347.3,400.3,717.4,349.8
4,1128.1,639.8,565.2,347.3,0.0,336.1,493.3,604.7
5,891.0,375.2,618.2,400.3,336.1,0.0,652.4,657.7
6,721.3,516.0,935.3,717.4,493.3,652.4,0.0,928.1
7,1513.9,998.1,228.4,349.8,604.7,657.7,928.1,0.0
