,0,1,2,3,4,5,6,7
0,0.0,687.3656434166807,1406.957170534023,1442.392165784577,1263.216187262471,1097.8288727258432,822.8731071824103,1667.6765190679764
1,687.3656434166807,0.0,894.2104561596052,811.5462546153049,655.5863049747447,411.67995095161547,487.1815343969668,1135.622716713592
2,1406.957170534023,894.2104561596052,0.0,352.2218708437642,312.7158204157949,699.2402393478974,591.3878945696799,260.8121026554442
3,1442.392165784577,811.5462546153049,352.2218708437642,0.0,186.34297735643267,477.57608826831097,716.9522501181617,437.0693211670391
4,1263.216187262471,655.5863049747447,312.7158204157949,186.34297735643267,0.0,390.43768951554273,532.5510201632331,501.0882564554154
5,1097.8288727258432,411.67995095161547,699.2402393478974,477.57608826831097,390.43768951554273,0.0,622.433707765554,884.8234427088734
6,822.8731071824103,487.1815343969668,591.3878945696799,716.9522501181617,532.5510201632331,622.433707765554,0.0,851.4514296473618
7,1667.6765190679764,1135.622716713592,260.8121026554442,437.0693211670391,501.0882564554154,884.8234427088734,851.4514296473618,0.0
