,0,1,2,3,4,5,6,7
0,0.0,1082.0416402001306,1237.6962484415203,784.2535503835325,1483.570663541024,1582.550930182996,822.8731071824103,1667.6765190679764
1,1082.0416402001306,0.0,446.06627645344537,919.5392091322698,684.2864659897913,552.9871113060208,626.5599410902911,908.9792804477707
2,1237.6962484415203,446.06627645344537,0.0,753.2259411731687,267.44609431533274,429.5880215582461,485.6665927287333,487.6224299261175
3,784.2535503835325,919.5392091322698,753.2259411731687,0.0,907.4045307125156,1181.8013886552667,297.610798798912,1025.901602731314
4,1483.570663541024,684.2864659897913,267.44609431533274,907.4045307125156,0.0,410.8387074846749,687.8045230452631,225.2896686684116
5,1582.550930182996,552.9871113060208,429.5880215582461,1181.8013886552667,410.8387074846749,0.0,904.8836023353643,561.8500636896342
6,822.8731071824103,626.5599410902911,485.6665927287333,297.610798798912,687.8045230452631,904.8836023353643,0.0,851.4514296473618
7,1667.6765190679764,908.9792804477707,487.6224299261175,1025.901602731314,225.2896686684116,561.8500636896342,851.4514296473618,0.0
