,0,1,2,3,4,5,6,7
0,0.0,668.8206536281043,833.8989408485043,905.3731732822188,1535.4608675686495,1390.539525798398,822.8731071824103,1667.6765190679764
1,668.8206536281043,0.0,334.4756783652839,303.8130711013475,870.6600546841184,724.0641277706173,158.9860103470972,999.6490771778996
2,833.8989408485043,334.4756783652839,0.0,145.8260384106411,783.5154405347093,737.0017905880778,365.7623468232629,931.6445002643942
3,905.3731732822188,303.8130711013475,145.8260384106411,0.0,658.7256984216159,593.5940474227726,269.6966415568648,803.8267948521867
4,1535.4608675686495,870.6600546841184,783.5154405347093,658.7256984216159,0.0,253.99758701987943,728.651328861942,150.3871154685308
5,1390.539525798398,724.0641277706173,737.0017905880778,593.5940474227726,253.99758701987943,0.0,567.7217631329431,314.8018951268329
6,822.8731071824103,158.9860103470972,365.7623468232629,269.6966415568648,728.651328861942,567.7217631329431,0.0,851.4514296473618
7,1667.6765190679764,999.6490771778996,931.6445002643942,803.8267948521867,150.3871154685308,314.8018951268329,851.4514296473618,0.0
