,0,1,2,3,4,5,6,7
0,0.0,764.6383709369098,896.5700198622013,1174.5357663400275,1334.8859212820564,1255.108028795565,822.8731071824103,1667.6765190679764
1,764.6383709369098,0.0,581.091875491262,414.5229980691199,903.4999510842948,553.7535765002065,493.580894829773,1084.0185369974
2,896.5700198622013,581.091875491262,0.0,696.0806587168304,438.4761238317184,580.9990168377625,94.76130861843184,795.5018807907375
3,1174.5357663400275,414.5229980691199,696.0806587168304,0.0,807.6552971446955,253.16329900308827,649.6265935483652,819.8183739686124
4,1334.8859212820564,903.4999510842948,438.4761238317184,807.6552971446955,0.0,577.0724209408942,518.862859011574,419.0427521305944
5,1255.108028795565,553.7535765002065,580.9990168377625,253.16329900308827,577.0724209408942,0.0,568.2527624629221,571.6228075254129
6,822.8731071824103,493.580894829773,94.76130861843184,649.6265935483652,518.862859011574,568.2527624629221,0.0,851.4514296473618
7,1667.6765190679764,1084.0185369974,795.5018807907375,819.8183739686124,419.0427521305944,571.6228075254129,851.4514296473618,0.0
