,0,1,2,3,4,5,6,7
0,0.0,1586.0,1952.6,1079.4,1252.4,1955.3,999.1,2085.4
1,1586.0,0.0,581.8,561.5,586.2,834.9,641.8,885.0
2,1952.6,581.8,0.0,991.6,1155.4,531.2,985.9,324.5
3,1079.4,561.5,991.6,0.0,372.1,1143.1,80.4,1273.2
4,1252.4,586.2,1155.4,372.1,0.0,885.3,452.4,1015.3
5,1955.3,834.9,531.2,1143.1,885.3,0.0,1223.5,206.7
6,999.1,641.8,985.9,80.4,452.4,1223.5,0.0,1289.1
7,2085.4,885.0,324.5,1273.2,1015.3,206.7,1289.1,0.0
