,0,1,2,3,4,5,6,7
0,0.0,1232.229977648686,1520.664716896189,875.0452715379819,959.3928786745364,1523.2531738202592,822.8731071824103,1667.6765190679764
1,1232.229977648686,0.0,290.155747357583,358.6355352832008,444.7454545302453,357.358314989457,409.3888964868296,452.3942626243544
2,1520.664716896189,290.155747357583,0.0,645.6851188029705,668.2465658637823,195.404790612224,698.5011067124157,177.56441535772194
3,875.0452715379819,358.6355352832008,645.6851188029705,0.0,280.84197655704554,662.9474179915915,60.50883592540298,795.3661035364621
4,959.3928786745364,444.7454545302453,668.2465658637823,280.84197655704554,0.0,601.2752767235894,321.86076821772764,769.747676110011
5,1523.2531738202592,357.358314989457,195.404790612224,662.9474179915915,601.2752767235894,0.0,721.949124098173,178.589474861205
6,822.8731071824103,409.3888964868296,698.5011067124157,60.50883592540298,321.86076821772764,721.949124098173,0.0,851.4514296473618
7,1667.6765190679764,452.3942626243544,177.56441535772194,795.3661035364621,769.747676110011,178.589474861205,851.4514296473618,0.0
