,0,1,2,3,4,5,6,7
0,0.0,843.2,1142.5,1116.7,684.3,859.0,721.3,1513.9
1,843.2,0.0,555.0,436.0,210.8,269.6,225.5,839.8
2,1142.5,555.0,0.0,377.3,740.3,599.3,693.4,464.3
3,1116.7,436.0,377.3,0.0,591.3,335.0,432.8,662.1
4,684.3,210.8,740.3,591.3,0.0,399.6,275.3,1025.1
5,859.0,269.6,599.3,335.0,399.6,0.0,137.7,845.0
6,721.3,225.5,693.4,432.8,275.3,137.7,0.0,928.1
7,1513.9,839.8,464.3,662.1,1025.1,845.0,928.1,0.0
