,0,1,2,3,4,5,6,7
0,0.0,867.5394106648661,1358.484045864726,1227.4284143629004,636.2861457305489,961.0286603984488,822.8731071824103,1667.6765190679764
1,867.5394106648661,0.0,507.78630536250336,367.6598408832088,234.73818620194496,281.8697595705054,256.92101319777026,838.8843793960436
2,1358.484045864726,507.78630536250336,0.0,280.5752938627959,740.0061841464014,613.3955329971955,693.7542715341124,582.4570068686693
3,1227.4284143629004,367.6598408832088,280.5752938627959,0.0,591.3716297173625,357.0906520267061,464.5482975562933,481.8580372029953
4,636.2861457305489,234.73818620194496,740.0061841464014,591.3716297173625,0.0,374.0814221397806,257.73169780953856,1043.7541902164062
5,961.0286603984488,281.8697595705054,613.3955329971955,357.0906520267061,374.0814221397806,0.0,138.35333923597167,714.2952689570939
6,822.8731071824103,256.92101319777026,693.7542715341124,464.5482975562933,257.73169780953856,138.35333923597167,0.0,851.4514296473618
7,1667.6765190679764,838.8843793960436,582.4570068686693,481.8580372029953,1043.7541902164062,714.2952689570939,851.4514296473618,0.0
