,0,1,2,3,4,5,6,7,8,9,10,11,12,13,14,15,16,17,18,19,20,21,22,23,24,25,26,27,28,29,30,31,32,33,34,35,36,37,38,39,40,41,42,43,44,45,46,47,48,49,50,51,52,53,54,55,56,57,58,59,60,61,62,63,64,65,66,67,68,69,70,71,72,73,74,75,76,77,78,79,80,81,82,83,84,85,86,87,88,89,90,91,92,93,94,95,96,97,98,99,100,101,102
0,0.0,796.0,563.4,1480.8,1133.0,806.1,877.1,1038.9,546.3,1158.0,532.1,722.8,664.9,804.7,678.3,998.9,848.0,920.4,763.3,1067.3,881.1,498.0,1095.8,1116.6,864.5,1156.2,1209.4,1426.8,751.9,650.5,903.9,1511.5,1511.0,537.8,1444.3,1459.2,844.3,1013.2,997.5,652.6,817.6,913.0,1454.0,1269.9,716.3,954.5,1152.8,768.0,807.8,856.7,1303.9,1430.6,1102.1,800.6,1222.9,911.4,691.0,837.2,719.9,770.3,690.4,701.2,828.8,1180.4,982.4,798.2,726.1,1179.4,949.6,1480.8,687.6,1221.4,733.8,856.3,663.7,525.2,848.0,1066.3,1085.5,1495.0,869.3,1055.8,1231.4,1370.7,902.3,1536.1,854.9,1129.4,1309.3,948.3,1073.0,939.0,459.5,808.1,1369.9,888.2,814.4,1214.8,988.1,1420.1,1106.0,721.3,1513.9
1,796.0,0.0,232.6,1073.8,522.7,308.7,379.7,317.9,383.3,497.7,263.9,489.1,541.4,351.7,364.5,262.0,414.3,829.9,421.6,870.6,383.7,674.2,559.9,643.6,367.1,918.0,488.4,1098.6,146.9,527.0,406.5,790.5,1104.0,601.9,1116.1,738.2,559.6,816.5,229.9,418.6,320.2,440.0,1042.5,1073.2,431.2,659.8,502.9,270.6,310.4,359.3,975.7,1102.4,553.6,303.2,749.9,414.0,377.2,384.2,427.6,428.6,376.6,430.9,331.4,707.4,687.7,300.8,487.8,706.4,452.2,1073.8,453.6,827.0,268.8,76.7,483.8,686.7,414.3,920.1,748.2,1166.8,371.9,871.1,758.4,649.7,429.3,1037.5,357.5,656.4,1058.4,450.9,600.0,468.1,680.2,541.9,1041.7,390.8,317.0,493.8,769.2,1056.1,549.7,223.9,907.0
2,563.4,232.6,0.0,1231.4,680.3,443.1,514.1,475.5,150.7,655.3,31.3,620.0,557.5,486.1,282.7,435.5,548.7,964.3,467.8,1005.0,518.1,441.6,717.5,778.0,501.5,1052.4,646.0,1233.0,367.3,543.1,540.9,948.1,1261.6,540.1,1250.5,895.8,694.0,950.9,434.1,357.1,454.6,574.4,1200.1,1207.6,511.5,794.2,660.5,405.0,444.8,493.7,1110.1,1236.8,711.2,437.6,884.3,548.4,295.4,518.6,515.1,474.8,294.8,405.7,465.8,841.8,822.1,435.2,618.7,840.8,586.6,1231.4,392.1,961.4,403.2,309.3,458.9,719.3,548.7,1054.5,882.6,1301.2,506.3,1005.5,892.8,807.3,563.7,1195.1,491.9,790.8,1192.8,585.3,734.4,602.5,519.8,676.3,1176.1,525.2,451.4,651.4,903.6,1213.7,707.3,358.3,1064.6
3,1480.8,1073.8,1231.4,0.0,649.0,929.3,916.3,776.9,1185.3,674.0,1255.7,785.9,884.2,895.8,1137.3,948.9,870.5,591.2,962.0,447.9,966.7,1137.0,611.8,629.1,838.1,417.5,600.9,308.5,1005.7,869.8,847.7,298.8,30.2,955.5,326.0,351.1,694.5,467.6,947.5,1040.3,984.4,719.3,124.4,432.4,879.6,538.8,668.8,934.8,871.0,895.9,272.8,312.3,618.1,923.8,424.9,900.5,1150.0,894.9,876.0,969.0,1149.4,971.3,952.0,454.4,510.9,921.4,776.3,483.4,849.4,0.0,1041.1,348.6,926.4,1067.2,932.2,955.6,870.5,563.3,407.8,319.1,833.3,575.2,455.6,591.8,730.0,242.9,847.7,616.3,416.6,746.1,611.3,702.3,1033.8,706.6,251.3,959.6,937.6,580.0,641.9,116.0,622.0,941.7,166.8
4,1133.0,522.7,680.3,649.0,0.0,436.7,423.7,225.8,692.7,25.0,711.6,633.0,691.0,501.3,644.7,397.8,512.4,506.1,571.2,488.9,474.1,936.6,37.2,211.6,345.5,458.5,231.5,595.0,513.1,676.6,355.1,533.6,679.2,755.1,612.5,481.3,479.8,435.5,396.4,571.8,491.8,309.3,622.2,617.2,580.8,389.1,19.8,442.2,378.4,403.3,472.1,598.8,30.9,431.2,246.3,361.5,657.4,500.4,577.2,578.2,656.8,580.5,459.4,203.8,361.2,428.8,591.2,202.8,356.8,649.0,606.8,323.4,433.8,516.1,633.4,830.6,512.4,539.1,367.2,663.2,340.7,490.1,254.8,392.8,298.6,704.3,355.1,224.4,554.8,253.5,191.8,340.7,833.4,523.3,538.1,467.0,445.0,236.9,520.5,588.3,27.0,449.1,650.1
5,806.1,308.7,443.1,929.3,436.7,0.0,103.8,451.8,341.4,461.2,411.8,393.8,446.1,256.4,293.4,451.5,291.8,610.6,326.3,651.3,75.0,638.8,399.5,420.6,91.2,698.7,457.5,875.3,161.8,431.7,130.6,759.6,959.5,506.6,892.8,707.3,379.9,597.2,419.4,323.3,127.5,217.4,902.5,853.9,335.9,440.5,456.5,77.9,117.7,83.4,752.4,879.1,405.8,27.3,526.6,138.1,306.1,279.7,332.3,333.3,305.5,335.6,55.5,484.1,468.4,7.9,370.6,483.1,176.3,929.3,358.3,603.7,176.1,266.2,388.5,591.4,291.8,700.8,528.9,943.5,96.0,651.8,535.1,618.8,206.7,984.6,81.6,433.4,835.1,206.0,377.0,248.8,584.9,362.2,818.4,82.1,8.3,462.9,549.9,868.6,409.7,84.8,876.1
6,877.1,379.7,514.1,916.3,423.7,103.8,0.0,438.8,412.4,448.2,482.8,464.8,517.1,327.4,364.4,522.5,362.8,597.6,397.3,638.3,50.4,709.8,386.5,407.6,78.2,685.7,444.5,862.3,232.8,502.7,117.6,746.6,946.5,577.6,879.8,694.3,374.9,584.2,490.4,394.3,198.5,204.4,889.5,840.9,406.9,427.5,443.5,148.9,173.7,20.4,739.4,866.1,392.8,98.3,513.6,125.1,377.1,350.7,403.3,404.3,376.5,406.6,126.5,471.1,455.4,95.9,441.6,470.1,163.3,916.3,429.3,590.7,247.1,337.2,459.5,662.4,362.8,687.8,515.9,930.5,83.0,638.8,522.1,605.8,193.7,971.6,68.6,420.4,822.1,193.0,364.0,235.8,655.9,418.4,805.4,43.3,112.1,449.9,536.9,855.6,396.7,155.8,863.1
7,1038.9,317.9,475.5,776.9,225.8,451.8,438.8,0.0,626.2,200.8,506.8,757.9,810.2,620.5,633.3,193.0,683.1,731.9,690.4,714.7,489.2,917.1,263.0,437.4,426.2,684.3,191.5,820.8,415.7,795.8,332.8,493.6,807.1,870.7,838.3,441.3,696.4,661.3,191.6,687.4,546.5,525.9,745.6,843.0,700.0,614.9,206.0,496.9,496.3,418.4,697.9,824.6,256.7,446.3,472.1,327.1,646.0,653.0,696.4,697.4,645.4,699.7,474.5,429.6,587.0,443.9,756.6,428.6,348.9,776.9,722.4,549.2,537.6,311.3,752.6,955.5,683.1,764.9,593.0,889.0,431.0,715.9,480.6,352.8,515.2,740.6,416.6,450.2,780.6,393.2,417.6,557.3,949.0,739.9,763.9,482.1,460.1,196.9,746.3,759.2,252.8,492.7,610.1
8,546.3,383.3,150.7,1185.3,692.7,341.4,412.4,626.2,0.0,717.7,119.4,518.3,455.8,384.4,181.0,555.3,447.0,862.6,366.1,903.3,416.4,424.5,655.5,676.3,399.8,950.7,766.1,1131.3,265.6,441.4,439.2,1068.2,1215.5,438.7,1148.8,1015.9,592.3,849.2,523.2,255.4,352.9,472.7,1158.5,1105.9,409.8,692.5,712.5,303.3,343.1,392.0,1008.4,1135.1,661.8,335.9,782.6,446.7,193.7,416.9,413.4,373.1,193.1,304.0,364.1,740.1,720.4,333.5,517.0,739.1,484.9,1185.3,290.4,859.7,301.5,370.0,357.2,702.2,447.0,952.8,780.9,1199.5,404.6,903.8,791.1,927.4,462.0,1240.6,390.2,689.1,1091.1,483.6,632.7,500.8,502.7,574.6,1074.4,423.5,349.7,771.5,801.9,1124.6,665.7,256.6,1184.7
9,1158.0,497.7,655.3,674.0,25.0,461.2,448.2,200.8,717.7,0.0,686.6,658.0,716.0,526.3,669.7,372.8,537.4,531.1,596.2,513.9,498.6,961.6,62.2,236.6,370.5,483.5,206.5,620.0,538.1,701.6,342.2,508.6,704.2,780.1,637.5,456.3,504.8,460.5,371.4,596.8,516.8,334.3,647.2,642.2,605.8,414.1,5.2,467.2,403.4,427.8,497.1,623.8,55.9,455.7,271.3,336.5,682.4,525.4,602.2,603.2,681.8,605.5,483.9,228.8,386.2,453.3,616.2,227.8,358.3,674.0,631.8,348.4,458.8,491.1,658.4,855.6,537.4,564.1,392.2,688.2,365.7,515.1,279.8,367.8,323.6,729.3,380.1,249.4,579.8,278.5,216.8,365.7,858.4,548.3,563.1,491.5,469.5,211.9,545.5,613.3,52.0,474.1,625.1
10,532.1,263.9,31.3,1255.7,711.6,411.8,482.8,506.8,119.4,686.6,0.0,588.7,526.2,454.8,251.4,466.8,517.4,933.0,436.5,973.7,486.8,410.3,725.9,746.7,470.2,1021.1,677.3,1201.7,336.0,511.8,509.6,979.4,1285.9,508.8,1219.2,927.1,662.7,919.6,465.4,325.8,423.3,543.1,1228.9,1176.3,480.2,762.9,691.8,373.7,413.5,462.4,1078.8,1205.5,732.2,406.3,853.0,517.1,264.1,487.3,483.8,443.5,263.5,374.4,434.5,810.5,790.8,403.9,587.4,809.5,555.3,1255.7,360.8,930.1,371.9,340.6,427.6,688.0,517.4,1023.2,851.3,1269.9,475.0,974.2,861.5,838.6,532.4,1226.4,460.6,759.5,1161.5,554.0,703.1,571.2,488.5,645.0,1144.8,493.9,420.1,682.7,872.3,1195.0,736.1,327.0,1095.9
11,722.8,489.1,620.0,785.9,633.0,393.8,464.8,757.9,518.3,658.0,588.7,0.0,118.3,205.4,473.8,631.9,205.0,387.3,207.3,461.1,468.8,371.1,595.8,488.6,422.4,547.9,818.5,731.9,342.2,103.9,491.6,951.0,816.1,189.6,749.4,1003.3,153.2,407.0,599.8,298.7,405.3,323.7,759.1,663.7,113.7,247.1,652.8,355.7,326.9,444.4,609.0,735.7,602.1,388.3,602.8,499.1,486.5,243.5,110.1,214.3,485.9,216.6,416.5,632.3,275.0,385.9,64.7,661.3,533.3,785.9,284.1,526.5,254.9,446.6,166.3,197.6,205.0,510.6,378.1,800.1,417.6,461.6,633.5,979.8,334.4,841.2,432.0,475.8,691.7,460.9,446.4,292.3,267.9,112.8,675.0,475.9,402.1,823.9,326.6,725.2,606.0,309.0,819.0
12,664.9,541.4,557.5,884.2,691.0,446.1,517.1,810.2,455.8,716.0,526.2,118.3,0.0,257.7,482.0,684.2,257.3,485.6,259.6,559.4,521.1,308.6,653.8,574.8,477.7,646.2,870.8,830.2,394.5,14.4,543.9,1049.3,914.4,127.1,847.7,1101.6,235.2,505.3,652.1,236.2,457.6,390.0,857.4,762.0,166.0,345.4,710.8,408.0,382.2,496.7,707.3,834.0,660.1,440.6,701.1,551.4,494.7,295.8,162.4,266.6,494.1,204.0,468.8,730.6,373.3,438.2,117.0,737.4,588.6,884.2,221.6,624.8,307.2,498.9,143.0,315.9,257.3,608.9,476.4,898.4,472.9,559.9,731.8,1032.1,400.7,939.5,487.3,562.0,790.0,518.9,532.6,360.8,205.4,199.0,773.3,528.2,454.4,876.2,424.9,823.5,664.0,361.3,917.3
13,804.7,351.7,486.1,895.8,501.3,256.4,327.4,620.5,384.4,526.3,454.8,205.4,257.7,0.0,336.4,494.5,130.6,567.2,137.9,610.4,331.4,507.5,464.1,471.6,288.0,657.8,681.1,841.8,204.8,243.3,354.2,983.2,926.0,326.0,859.3,930.9,277.3,556.3,462.4,218.1,267.9,200.3,869.0,813.0,147.5,399.6,521.1,218.3,192.5,307.0,718.9,845.6,470.4,250.9,591.2,361.7,349.1,106.1,143.9,144.9,348.5,147.2,279.1,548.7,427.5,248.5,204.1,547.7,398.9,895.8,217.0,636.4,117.5,309.2,200.1,403.0,130.6,659.9,488.0,910.0,283.2,610.9,599.7,842.4,211.0,951.1,297.6,484.4,801.6,329.2,428.0,207.9,404.3,259.6,784.9,338.5,264.7,686.5,506.5,835.1,474.3,171.6,928.9
14,678.3,364.5,282.7,1137.3,644.7,293.4,364.4,633.3,181.0,669.7,251.4,473.8,482.0,336.4,0.0,507.3,399.0,814.6,392.3,855.3,368.4,556.5,607.5,628.3,351.8,902.7,718.1,1083.3,217.6,467.6,391.2,1020.2,1167.5,464.9,1100.8,967.9,544.3,801.2,475.2,281.6,304.9,424.7,1110.5,1057.9,415.9,644.5,664.5,255.3,295.1,344.0,960.4,1087.1,613.8,287.9,734.6,398.7,48.3,368.9,412.3,399.3,12.1,330.2,316.1,692.1,672.4,285.5,472.5,691.1,436.9,1137.3,316.6,811.7,253.5,322.0,383.4,671.4,399.0,904.8,732.9,1151.5,356.6,855.8,743.1,879.4,414.0,1192.6,342.2,641.1,1043.1,435.6,584.7,452.8,543.2,526.6,1026.4,375.5,301.7,723.5,753.9,1076.6,617.7,208.6,1136.7
15,998.9,262.0,435.5,948.9,397.8,451.5,522.5,193.0,555.3,372.8,466.8,631.9,684.2,494.5,507.3,0.0,557.1,903.9,564.4,886.7,526.5,874.3,435.0,609.4,509.9,856.3,363.5,992.8,289.7,669.8,504.8,665.6,979.1,744.7,1010.3,613.3,702.4,833.3,42.8,561.4,463.0,582.8,917.6,1015.0,574.0,786.9,378.0,413.4,453.2,502.1,869.9,996.6,428.7,446.0,644.1,499.1,520.0,527.0,570.4,571.4,519.4,573.7,474.2,601.6,759.0,443.6,630.6,600.6,520.9,948.9,596.4,721.2,411.6,185.3,626.6,829.5,557.1,936.9,765.0,1061.0,514.7,887.9,652.6,524.8,572.1,912.6,500.3,622.2,952.6,565.2,589.6,610.9,823.0,684.7,935.9,533.6,459.8,368.9,912.0,931.2,424.8,366.7,782.1
16,848.0,414.3,548.7,870.5,512.4,291.8,362.8,683.1,447.0,537.4,517.4,205.0,257.3,130.6,399.0,557.1,0.0,482.6,137.5,545.7,366.8,507.1,475.2,482.7,299.2,632.5,705.7,816.5,267.4,242.9,389.6,1007.8,900.7,325.6,834.0,955.5,192.7,491.6,525.0,231.2,303.3,205.8,843.7,748.3,147.1,331.7,532.2,253.7,203.7,342.4,693.6,820.3,481.5,286.3,602.3,397.1,411.7,168.7,143.5,144.5,411.1,146.8,314.5,559.8,359.6,283.9,183.2,558.8,410.1,870.5,216.6,611.1,180.1,371.8,199.7,402.6,0.0,595.2,462.7,884.7,294.4,546.2,610.8,867.0,216.5,925.8,308.8,485.9,776.3,340.3,439.1,179.4,403.9,175.0,759.6,373.9,300.1,711.1,421.9,809.8,485.4,234.2,903.6
17,920.4,829.9,964.3,591.2,506.1,610.6,597.6,731.9,862.6,531.1,933.0,387.3,485.6,567.2,814.6,903.9,482.6,0.0,574.1,177.7,648.0,738.4,468.9,360.2,519.4,266.6,737.6,537.2,683.0,471.2,576.6,756.3,621.4,556.9,554.7,808.6,296.0,123.6,902.5,666.0,661.7,393.2,564.4,377.2,481.0,192.1,525.9,612.1,552.2,577.2,414.3,541.0,475.2,605.1,408.1,629.4,827.3,568.8,477.4,581.1,826.7,583.4,633.3,437.6,202.6,602.7,377.7,466.6,578.3,591.2,651.4,331.8,603.7,787.4,533.6,395.2,482.6,145.9,244.9,605.4,514.6,166.2,438.8,898.9,403.9,646.5,529.0,347.4,416.6,475.0,342.4,376.2,594.7,308.1,480.3,640.9,618.9,743.0,98.5,530.5,479.1,619.0,624.3
18,763.3,421.6,467.8,962.0,571.2,326.3,397.3,690.4,366.1,596.2,436.5,207.3,259.6,137.9,392.3,564.4,137.5,574.1,0.0,637.2,401.3,430.5,534.0,541.5,357.9,724.0,751.0,908.0,274.7,245.2,424.1,1053.1,992.2,249.0,925.5,1000.8,284.2,583.1,532.3,146.5,337.8,270.2,935.2,839.8,149.4,423.2,591.0,288.2,262.4,376.9,785.1,911.8,540.3,320.8,661.1,431.6,405.0,176.0,145.8,7.0,404.4,62.1,349.0,618.6,451.1,318.4,206.0,617.6,468.8,962.0,131.9,702.6,187.4,379.1,167.5,404.9,137.5,686.7,554.2,976.2,353.1,637.7,669.6,912.3,280.9,1017.3,367.5,554.3,867.8,399.1,497.9,270.9,327.3,266.5,851.1,408.4,334.6,756.4,513.4,901.3,544.2,241.5,995.1
19,1067.3,870.6,1005.0,447.9,488.9,651.3,638.3,714.7,903.3,513.9,973.7,461.1,559.4,610.4,855.3,886.7,545.7,177.7,637.2,0.0,688.7,812.2,451.7,343.7,560.1,108.9,720.4,393.9,723.7,545.0,617.0,613.0,478.1,630.7,411.4,665.3,369.7,54.1,885.3,730.9,702.4,433.9,421.1,260.6,554.8,214.0,508.7,652.8,592.9,617.9,271.0,397.7,458.0,645.8,264.8,669.8,868.0,609.5,551.2,644.2,867.4,646.5,674.0,294.3,186.1,643.4,451.5,323.3,618.7,447.9,716.3,188.5,644.4,828.1,607.4,542.1,545.7,207.7,135.1,462.1,555.3,161.7,295.5,881.7,444.6,503.2,569.7,330.9,300.0,515.4,325.9,416.9,709.0,381.8,337.0,681.6,659.6,725.8,228.4,387.2,461.9,659.7,481.0
20,881.1,383.7,518.1,966.7,474.1,75.0,50.4,489.2,416.4,498.6,486.8,468.8,521.1,331.4,368.4,526.5,366.8,648.0,401.3,688.7,0.0,713.8,436.9,458.0,128.6,736.1,494.9,912.7,236.8,506.7,168.0,797.0,996.9,581.6,930.2,744.7,425.3,634.6,494.4,398.3,202.5,254.8,939.9,891.3,410.9,477.9,493.9,152.9,192.7,70.8,789.8,916.5,443.2,102.3,564.0,175.5,381.1,354.7,407.3,408.3,380.5,410.6,130.5,521.5,505.8,82.9,445.6,520.5,213.7,966.7,433.3,641.1,251.1,341.2,463.5,666.4,366.8,738.2,566.3,980.9,133.4,689.2,572.5,656.2,244.1,1022.0,119.0,470.8,872.5,243.4,414.4,286.2,659.9,437.2,855.8,7.1,66.7,500.3,587.3,906.0,447.1,159.8,913.5
21,498.0,674.2,441.6,1137.0,936.6,638.8,709.8,917.1,424.5,961.6,410.3,371.1,308.6,507.5,556.5,874.3,507.1,738.4,430.5,812.2,713.8,0.0,899.4,827.6,697.2,899.0,1063.5,1083.0,584.6,294.2,736.6,1302.1,1167.2,181.5,1100.5,1313.3,488.0,758.1,842.2,400.6,650.3,639.8,1110.2,1014.8,360.0,598.2,956.4,600.7,626.6,689.4,960.1,1086.8,905.7,633.3,953.9,744.1,569.2,545.6,363.6,437.5,568.6,368.4,661.5,983.4,626.1,630.9,369.8,983.0,782.3,1137.0,386.0,877.6,549.2,689.0,307.4,360.7,507.1,861.7,729.2,1151.2,702.0,812.7,984.6,1224.8,650.5,1192.3,687.6,814.8,1042.8,764.2,785.4,613.6,161.2,451.8,1026.1,720.9,647.1,1068.9,677.7,1076.3,909.6,554.0,1170.1
22,1095.8,559.9,717.5,611.8,37.2,399.5,386.5,263.0,655.5,62.2,725.9,595.8,653.8,464.1,607.5,435.0,475.2,468.9,534.0,451.7,436.9,899.4,0.0,174.4,308.3,421.3,268.7,557.8,475.9,639.4,317.9,570.8,642.0,717.9,575.3,518.5,442.6,398.3,433.6,534.6,454.6,272.1,585.0,580.0,543.6,351.9,57.0,405.0,341.2,366.1,434.9,561.6,6.3,394.0,209.1,370.7,620.2,463.2,540.0,541.0,619.6,543.3,422.2,166.6,324.0,391.6,554.0,165.6,319.6,611.8,569.6,286.2,396.6,553.3,596.2,793.4,475.2,501.9,330.0,626.0,303.5,452.9,217.6,430.0,261.4,667.1,317.9,187.2,517.6,216.3,154.6,303.5,796.2,486.1,500.9,429.8,407.8,274.1,483.3,551.1,10.2,411.9,644.9
23,1116.6,643.6,778.0,629.1,211.6,420.6,407.6,437.4,676.3,236.6,746.7,488.6,574.8,471.6,628.3,609.4,482.7,360.2,541.5,343.7,458.0,827.6,174.4,0.0,329.4,391.1,443.1,575.1,496.7,560.4,339.0,745.2,659.3,646.1,592.6,692.9,384.1,289.6,608.0,555.4,475.4,279.6,602.3,546.3,551.1,243.2,231.4,425.8,362.3,387.2,452.2,578.9,180.7,415.1,301.5,391.8,641.0,470.7,547.5,548.5,640.4,550.8,443.3,259.0,215.3,412.7,466.4,258.0,340.7,629.1,590.4,369.7,417.4,601.1,603.7,686.2,482.7,393.2,221.3,643.3,324.6,344.2,310.0,604.4,268.9,684.4,339.0,12.8,534.9,237.4,67.4,311.0,724.4,396.2,518.2,450.9,428.9,448.5,374.6,568.4,184.6,432.7,662.2
24,864.5,367.1,501.5,838.1,345.5,91.2,78.2,426.2,399.8,370.5,470.2,422.4,477.7,288.0,351.8,509.9,299.2,519.4,357.9,560.1,128.6,697.2,308.3,329.4,0.0,607.5,431.9,784.1,220.2,463.3,105.0,734.0,868.3,540.6,801.6,681.7,296.7,506.0,477.8,357.3,185.9,126.2,811.3,762.7,367.5,349.3,365.3,136.3,95.5,57.8,661.2,787.9,314.6,85.7,435.4,112.5,364.5,287.1,363.9,364.9,363.9,367.2,113.9,392.9,377.2,83.3,378.0,391.9,150.7,838.1,392.3,512.5,219.3,324.6,420.1,620.0,299.2,609.6,437.7,852.3,4.8,560.6,443.9,593.2,115.5,893.4,9.6,342.2,743.9,114.8,285.8,157.6,618.9,340.2,727.2,121.5,99.5,437.3,458.7,777.4,318.5,143.2,850.5
25,1156.2,918.0,1052.4,417.5,458.5,698.7,685.7,684.3,950.7,483.5,1021.1,547.9,646.2,657.8,902.7,856.3,632.5,266.6,724.0,108.9,736.1,899.0,421.3,391.1,607.5,0.0,690.0,363.5,771.1,631.8,657.2,582.6,447.7,717.5,381.0,634.9,456.5,143.0,854.9,802.3,749.8,481.3,390.7,226.2,641.6,300.8,478.3,700.2,640.3,665.3,240.6,367.3,427.6,693.2,234.4,710.0,915.4,656.9,638.0,731.0,914.8,733.3,721.4,263.9,272.9,690.8,538.3,292.9,658.9,417.5,803.1,158.1,691.8,875.5,694.2,631.0,632.5,218.4,169.8,431.7,602.7,208.8,265.1,851.3,492.0,472.8,617.1,378.3,265.6,555.6,373.3,464.3,795.8,468.6,306.6,729.0,707.0,695.4,317.3,356.8,431.5,707.1,450.6
26,1209.4,488.4,646.0,600.9,231.5,457.5,444.5,191.5,766.1,206.5,677.3,818.5,870.8,681.1,718.1,363.5,705.7,737.6,751.0,720.4,494.9,1063.5,268.7,443.1,431.9,690.0,0.0,705.5,586.2,856.4,338.5,302.1,631.1,931.3,723.0,249.8,702.1,667.0,362.1,748.0,552.2,531.6,569.6,848.7,760.6,620.6,211.7,502.6,502.0,424.1,703.6,709.3,262.4,452.0,477.8,332.8,730.8,693.6,757.0,758.0,730.2,760.3,480.2,435.3,592.7,449.6,784.5,434.3,354.6,600.9,783.0,554.9,600.8,481.8,813.2,1016.1,705.7,770.6,598.7,716.1,436.7,721.6,486.3,161.3,520.9,564.6,422.3,455.9,786.3,398.9,423.3,563.0,1009.6,745.6,718.5,487.8,465.8,42.4,752.0,583.2,258.5,509.5,434.1
27,1426.8,1098.6,1233.0,308.5,595.0,875.3,862.3,820.8,1131.3,620.0,1201.7,731.9,830.2,841.8,1083.3,992.8,816.5,537.2,908.0,393.9,912.7,1083.0,557.8,575.1,784.1,363.5,705.5,0.0,951.7,815.8,793.7,403.4,338.7,901.5,17.5,455.7,640.5,413.6,991.4,986.3,930.4,665.3,193.0,431.4,825.6,484.8,614.8,880.8,817.0,841.9,153.4,3.8,564.1,869.8,370.9,846.5,1096.0,840.9,822.0,915.0,1095.4,917.3,898.0,400.4,456.9,867.4,722.3,429.4,795.4,308.5,987.1,294.6,872.4,1056.1,878.2,901.6,816.5,563.4,353.8,117.2,779.3,521.2,401.6,696.4,676.0,177.1,793.7,562.3,369.0,692.1,557.3,648.3,979.8,652.6,72.0,905.6,883.6,684.6,587.9,192.5,568.0,887.7,271.4
28,751.9,146.9,367.3,1005.7,513.1,161.8,232.8,415.7,265.6,538.1,336.0,342.2,394.5,204.8,217.6,289.7,267.4,683.0,274.7,723.7,236.8,584.6,475.9,496.7,220.2,771.1,586.2,951.7,0.0,380.1,259.6,888.3,1035.9,455.0,969.2,836.0,412.7,669.6,257.6,271.7,173.3,293.1,978.9,926.3,284.3,512.9,532.9,123.7,163.5,212.4,828.8,955.5,482.2,156.3,603.0,267.1,230.3,237.3,280.7,281.7,229.7,284.0,184.5,560.5,540.8,153.9,340.9,559.5,305.3,1005.7,306.7,680.1,121.9,104.4,336.9,539.8,267.4,773.2,601.3,1019.9,225.0,724.2,611.5,747.5,282.4,1061.0,210.6,509.5,911.5,304.0,453.1,321.2,533.3,395.0,894.8,243.9,170.1,591.6,622.3,945.0,486.1,77.0,1004.8
29,650.5,527.0,543.1,869.8,676.6,431.7,502.7,795.8,441.4,701.6,511.8,103.9,14.4,243.3,467.6,669.8,242.9,471.2,245.2,545.0,506.7,294.2,639.4,560.4,463.3,631.8,856.4,815.8,380.1,0.0,529.5,1034.9,900.0,112.7,833.3,1087.2,220.8,490.9,637.7,221.8,443.2,375.6,843.0,747.6,151.6,331.0,696.4,393.6,367.8,482.3,692.9,819.6,645.7,426.2,686.7,537.0,480.3,281.4,148.0,252.2,479.7,189.6,454.4,716.2,358.9,423.8,102.6,723.0,574.2,869.8,207.2,610.4,292.8,484.5,128.6,301.5,242.9,594.5,462.0,884.0,458.5,545.5,717.4,1017.7,386.3,925.1,472.9,547.6,775.6,504.5,518.2,346.4,191.0,184.6,758.9,513.8,440.0,861.8,410.5,809.1,649.6,346.9,902.9
30,903.9,406.5,540.9,847.7,355.1,130.6,117.6,332.8,439.2,342.2,509.6,491.6,543.9,354.2,391.2,504.8,389.6,576.6,424.1,617.0,168.0,736.6,317.9,339.0,105.0,657.2,338.5,793.7,259.6,529.5,0.0,640.6,877.9,604.4,811.2,588.3,401.7,562.9,503.4,421.1,225.3,231.2,820.9,815.9,433.7,406.5,347.4,175.7,200.5,97.2,670.8,797.5,324.2,125.1,445.0,52.8,403.9,377.5,430.1,431.1,403.3,433.4,153.3,402.5,434.4,122.7,468.4,401.5,57.3,847.7,456.1,522.1,273.9,364.0,486.3,689.2,389.6,666.5,494.6,861.9,109.8,617.5,453.5,499.8,220.5,887.6,95.4,351.8,753.5,101.6,295.4,262.6,682.7,445.2,736.8,160.9,138.9,343.9,515.9,787.0,328.1,182.6,757.1
31,1511.5,790.5,948.1,298.8,533.6,759.6,746.6,493.6,1068.2,508.6,979.4,951.0,1049.3,983.2,1020.2,665.6,1007.8,756.3,1053.1,613.0,797.0,1302.1,570.8,745.2,734.0,582.6,302.1,403.4,888.3,1034.9,640.6,0.0,329.0,1120.6,420.9,52.3,859.6,632.7,664.2,1050.1,854.3,833.7,267.5,644.1,1044.7,703.9,513.8,804.7,804.1,726.2,437.9,407.2,564.5,754.1,590.0,634.9,1032.9,995.7,1041.1,1060.1,1032.3,1062.4,782.3,619.5,676.0,751.7,941.4,648.5,656.7,298.8,1085.1,513.7,902.9,783.9,1097.3,1120.7,1007.8,782.5,572.9,414.0,738.8,740.3,620.7,293.0,823.0,262.5,724.4,758.0,581.7,701.0,725.4,865.1,1198.9,871.7,416.4,789.9,767.9,332.0,807.0,281.1,560.6,811.6,132.0
32,1511.0,1104.0,1261.6,30.2,679.2,959.5,946.5,807.1,1215.5,704.2,1285.9,816.1,914.4,926.0,1167.5,979.1,900.7,621.4,992.2,478.1,996.9,1167.2,642.0,659.3,868.3,447.7,631.1,338.7,1035.9,900.0,877.9,329.0,0.0,985.7,356.2,381.3,724.7,497.8,977.7,1070.5,1014.6,749.5,154.6,402.2,909.8,569.0,699.0,965.0,901.2,926.1,303.0,342.5,648.3,954.0,455.1,930.7,1180.2,925.1,906.2,999.2,1179.6,1001.5,982.2,484.6,541.1,951.6,806.5,513.6,879.6,30.2,1071.3,378.8,956.6,1097.4,962.4,985.8,900.7,533.1,438.0,349.3,863.5,579.1,485.8,622.0,760.2,273.1,877.9,646.5,441.6,776.3,641.5,732.5,1064.0,736.8,281.5,989.8,967.8,610.2,672.1,146.2,652.2,971.9,197.0
33,537.8,601.9,540.1,955.5,755.1,506.6,577.6,870.7,438.7,780.1,508.8,189.6,127.1,326.0,464.9,744.7,325.6,556.9,249.0,630.7,581.6,181.5,717.9,646.1,540.6,717.5,931.3,901.5,455.0,112.7,604.4,1120.6,985.7,0.0,919.0,1172.9,306.5,576.6,712.6,219.1,518.1,458.3,928.7,833.3,178.5,416.7,774.9,468.5,445.1,557.2,778.6,905.3,724.2,501.1,772.4,611.9,477.6,364.1,182.1,256.0,477.0,186.9,529.3,801.9,444.6,498.7,188.3,801.5,650.1,955.5,204.5,696.1,367.7,559.4,125.9,277.8,325.6,680.2,547.7,969.7,535.8,631.2,803.1,1092.6,469.0,1010.8,550.2,633.3,861.3,582.7,603.9,432.1,78.3,270.3,844.6,588.7,514.9,936.7,496.2,894.8,728.1,421.8,988.6
34,1444.3,1116.1,1250.5,326.0,612.5,892.8,879.8,838.3,1148.8,637.5,1219.2,749.4,847.7,859.3,1100.8,1010.3,834.0,554.7,925.5,411.4,930.2,1100.5,575.3,592.6,801.6,381.0,723.0,17.5,969.2,833.3,811.2,420.9,356.2,919.0,0.0,473.2,658.0,431.1,1008.9,1003.8,947.9,682.8,210.5,448.9,843.1,502.3,632.3,898.3,834.5,859.4,170.9,13.7,581.6,887.3,388.4,864.0,1113.5,858.4,839.5,932.5,1112.9,934.8,915.5,417.9,474.4,884.9,739.8,446.9,812.9,326.0,1004.6,312.1,889.9,1073.6,895.7,919.1,834.0,580.9,371.3,134.7,796.8,538.7,419.1,713.9,693.5,194.6,811.2,579.8,386.5,709.6,574.8,665.8,997.3,670.1,89.5,923.1,901.1,702.1,605.4,210.0,585.5,905.2,288.9
35,1459.2,738.2,895.8,351.1,481.3,707.3,694.3,441.3,1015.9,456.3,927.1,1003.3,1101.6,930.9,967.9,613.3,955.5,808.6,1000.8,665.3,744.7,1313.3,518.5,692.9,681.7,634.9,249.8,455.7,836.0,1087.2,588.3,52.3,381.3,1172.9,473.2,0.0,911.9,685.0,611.9,997.8,802.0,781.4,319.8,696.4,1010.4,756.2,461.5,752.4,751.8,673.9,490.2,459.5,512.2,701.8,642.3,582.6,980.6,943.4,1006.8,1007.8,980.0,1010.1,730.0,671.8,728.3,699.4,993.7,684.1,604.4,351.1,1032.8,566.0,850.6,731.6,1063.0,1173.0,955.5,834.8,625.2,466.3,686.5,792.6,673.0,240.7,770.7,314.8,672.1,705.7,634.0,648.7,673.1,812.8,1251.2,924.0,468.7,737.6,715.6,292.2,859.3,333.4,508.3,759.3,184.3
36,844.3,559.6,694.0,694.5,479.8,379.9,374.9,696.4,592.3,504.8,662.7,153.2,235.2,277.3,544.3,702.4,192.7,296.0,284.2,369.7,425.3,488.0,442.6,384.1,296.7,456.5,702.1,640.5,412.7,220.8,401.7,859.6,724.7,306.5,658.0,911.9,0.0,315.6,670.3,377.9,391.4,170.5,667.7,572.3,230.6,155.7,499.6,341.8,291.8,354.5,517.6,644.3,448.9,374.4,511.4,409.2,557.0,290.8,227.0,291.2,556.4,293.5,402.6,527.2,183.6,372.0,126.8,526.2,406.5,694.5,363.3,435.1,326.8,517.1,283.2,350.8,192.7,419.2,286.7,708.7,291.9,370.2,542.1,863.4,181.2,749.8,306.3,371.3,600.3,307.7,341.9,139.1,384.8,43.5,583.6,418.2,388.2,707.5,235.3,633.8,452.8,348.7,727.6
37,1013.2,816.5,950.9,467.6,435.5,597.2,584.2,661.3,849.2,460.5,919.6,407.0,505.3,556.3,801.2,833.3,491.6,123.6,583.1,54.1,634.6,758.1,398.3,289.6,506.0,143.0,667.0,413.6,669.6,490.9,562.9,632.7,497.8,576.6,431.1,685.0,315.6,0.0,831.9,676.8,648.3,379.8,440.8,287.3,500.7,159.9,455.3,598.7,538.8,563.8,290.7,417.4,404.6,591.7,284.5,615.7,813.9,555.4,497.1,590.1,813.3,592.4,619.9,314.0,132.0,589.3,397.4,343.0,564.6,467.6,662.2,208.2,590.3,774.0,553.3,488.0,491.6,156.6,154.8,481.8,501.2,107.6,315.2,828.3,390.5,522.9,515.6,276.8,326.7,461.3,271.8,362.8,654.9,327.7,356.7,627.5,605.5,672.4,174.3,406.9,408.5,605.6,500.7
38,997.5,229.9,434.1,947.5,396.4,419.4,490.4,191.6,523.2,371.4,465.4,599.8,652.1,462.4,475.2,42.8,525.0,902.5,532.3,885.3,494.4,842.2,433.6,608.0,477.8,854.9,362.1,991.4,257.6,637.7,503.4,664.2,977.7,712.6,1008.9,611.9,670.3,831.9,0.0,529.3,430.9,550.7,916.2,1013.6,541.9,770.5,376.6,381.3,421.1,470.0,868.5,995.2,427.3,413.9,642.7,497.7,487.9,494.9,538.3,539.3,487.3,541.6,442.1,600.2,757.6,411.5,598.5,599.2,519.5,947.5,564.3,719.8,379.5,153.2,594.5,797.4,525.0,935.5,763.6,1059.6,482.6,886.5,651.2,523.4,540.0,911.2,468.2,620.8,951.2,561.6,588.2,578.8,790.9,652.6,934.5,501.5,427.7,367.5,879.9,929.8,423.4,334.6,780.7
39,652.6,418.6,357.1,1040.3,571.8,323.3,394.3,687.4,255.4,596.8,325.8,298.7,236.2,218.1,281.6,561.4,231.2,666.0,146.5,730.9,398.3,400.6,534.6,555.4,357.3,802.3,748.0,986.3,271.7,221.8,421.1,1050.1,1070.5,219.1,1003.8,997.8,377.9,676.8,529.3,0.0,334.8,344.8,1013.5,933.5,190.2,516.9,591.6,285.2,261.8,373.9,863.4,990.1,540.9,317.8,661.7,428.6,294.3,250.6,193.8,153.5,293.7,84.4,346.0,619.2,544.8,315.4,297.4,618.2,466.8,1040.3,70.8,738.8,184.4,376.1,137.6,496.3,231.2,780.4,632.5,1054.5,352.5,731.4,670.2,909.3,341.1,1095.6,366.9,568.2,946.1,399.4,511.8,352.4,297.4,360.2,929.4,405.4,331.6,753.4,605.3,979.6,544.8,238.5,1073.4
40,817.6,320.2,454.6,984.4,491.8,127.5,198.5,546.5,352.9,516.8,423.3,405.3,457.6,267.9,304.9,463.0,303.3,661.7,337.8,702.4,202.5,650.3,454.6,475.4,185.9,749.8,552.2,930.4,173.3,443.2,225.3,854.3,1014.6,518.1,947.9,802.0,391.4,648.3,430.9,334.8,0.0,271.8,957.6,905.0,347.4,491.6,511.6,49.6,129.2,178.1,807.5,934.2,460.9,122.0,581.7,232.8,317.6,291.2,343.8,344.8,317.0,347.1,150.2,539.2,519.5,119.6,382.1,538.2,271.0,984.4,369.8,658.8,187.6,277.7,400.0,602.9,303.3,751.9,580.0,998.6,190.7,702.9,590.2,713.5,261.1,1039.7,176.3,488.2,890.2,269.7,431.8,299.9,596.4,373.7,873.5,209.6,135.8,557.6,601.0,923.7,464.8,96.3,970.8
41,913.0,440.0,574.4,719.3,309.3,217.4,204.4,525.9,472.7,334.3,543.1,323.7,390.0,200.3,424.7,582.8,205.8,393.2,270.2,433.9,254.8,639.8,272.1,279.6,126.2,481.3,531.6,665.3,293.1,375.6,231.2,833.7,749.5,458.3,682.8,781.4,170.5,379.8,550.7,344.8,271.8,0.0,692.5,636.5,279.8,223.1,329.1,222.2,159.0,184.0,542.4,669.1,278.4,211.9,399.2,238.7,437.4,199.4,276.2,277.2,436.8,279.5,240.1,356.7,251.0,209.5,283.8,355.7,236.0,719.3,349.3,459.9,213.8,397.5,332.4,521.3,205.8,483.4,311.5,733.5,121.4,434.4,407.7,692.9,10.7,774.6,135.8,292.4,625.1,137.2,236.0,31.4,536.6,214.0,608.4,247.7,225.7,537.0,332.5,658.6,282.3,229.1,752.4
42,1454.0,1042.5,1200.1,124.4,622.2,902.5,889.5,745.6,1158.5,647.2,1228.9,759.1,857.4,869.0,1110.5,917.6,843.7,564.4,935.2,421.1,939.9,1110.2,585.0,602.3,811.3,390.7,569.6,193.0,978.9,843.0,820.9,267.5,154.6,928.7,210.5,319.8,667.7,440.8,916.2,1013.5,957.6,692.5,0.0,452.2,852.8,512.0,642.0,908.0,844.2,869.1,246.0,196.8,591.3,897.0,398.1,873.7,1123.2,868.1,849.2,942.2,1122.6,944.5,925.2,427.6,484.1,894.6,749.5,456.6,822.6,124.4,1014.3,321.8,899.6,1035.9,905.4,928.8,843.7,590.6,381.0,203.6,806.5,548.4,428.8,560.5,703.2,118.5,820.9,589.5,389.8,719.3,584.5,675.5,1007.0,679.8,216.0,932.8,910.8,548.7,615.1,62.2,595.2,914.9,135.5
43,1269.9,1073.2,1207.6,432.4,617.2,853.9,840.9,843.0,1105.9,642.2,1176.3,663.7,762.0,813.0,1057.9,1015.0,748.3,377.2,839.8,260.6,891.3,1014.8,580.0,546.3,762.7,226.2,848.7,431.4,926.3,747.6,815.9,644.1,402.2,833.3,448.9,696.4,572.3,287.3,1013.6,933.5,905.0,636.5,452.2,0.0,757.4,416.6,637.0,855.4,795.5,820.5,315.4,435.2,586.3,848.4,393.1,868.7,1070.6,812.1,753.8,846.8,1070.0,849.1,876.6,422.6,388.7,846.0,654.1,451.6,817.6,432.4,918.9,316.8,847.0,1030.7,810.0,744.7,748.3,240.3,376.0,499.6,757.9,286.3,423.8,937.1,647.2,534.3,772.3,533.5,105.8,714.3,528.5,619.5,911.6,584.4,368.1,884.2,862.2,854.1,431.0,418.3,590.2,862.3,512.1
44,716.3,431.2,511.5,879.6,580.8,335.9,406.9,700.0,409.8,605.8,480.2,113.7,166.0,147.5,415.9,574.0,147.1,481.0,149.4,554.8,410.9,360.0,543.6,551.1,367.5,641.6,760.6,825.6,284.3,151.6,433.7,1044.7,909.8,178.5,843.1,1010.4,230.6,500.7,541.9,190.2,347.4,279.8,852.8,757.4,0.0,340.8,600.6,297.8,272.0,386.5,702.7,829.4,549.9,330.4,670.7,441.2,428.6,185.6,3.6,156.4,428.0,158.0,358.6,628.2,368.7,328.0,112.4,627.2,478.4,879.6,175.6,620.2,197.0,388.7,52.6,311.3,147.1,604.3,471.8,893.8,362.7,555.3,679.2,921.9,290.5,934.9,377.1,557.4,785.4,408.7,507.5,280.5,256.8,194.4,768.7,418.0,344.2,766.0,420.3,818.9,553.8,251.1,912.7
45,954.5,659.8,794.2,538.8,389.1,440.5,427.5,614.9,692.5,414.1,762.9,247.1,345.4,399.6,644.5,786.9,331.7,192.1,423.2,214.0,477.9,598.2,351.9,243.2,349.3,300.8,620.6,484.8,512.9,331.0,406.5,703.9,569.0,416.7,502.3,756.2,155.7,159.9,770.5,516.9,491.6,223.1,512.0,416.6,340.8,0.0,408.9,442.0,382.1,407.1,361.9,488.6,358.2,435.0,355.7,459.3,657.2,398.7,337.2,430.2,656.6,432.5,463.2,385.2,27.9,432.6,237.5,414.2,408.2,538.8,502.3,279.4,433.6,617.3,393.4,444.7,331.7,263.5,131.0,553.0,344.5,214.5,386.4,781.9,233.8,594.1,358.9,230.4,444.6,304.9,201.6,206.1,495.0,167.8,427.9,470.8,448.8,626.0,131.4,478.1,362.1,448.9,571.9
46,1152.8,502.9,660.5,668.8,19.8,456.5,443.5,206.0,712.5,5.2,691.8,652.8,710.8,521.1,664.5,378.0,532.2,525.9,591.0,508.7,493.9,956.4,57.0,231.4,365.3,478.3,211.7,614.8,532.9,696.4,347.4,513.8,699.0,774.9,632.3,461.5,499.6,455.3,376.6,591.6,511.6,329.1,642.0,637.0,600.6,408.9,0.0,462.0,398.2,423.1,491.9,618.6,50.7,451.0,266.1,341.7,677.2,520.2,597.0,598.0,676.6,600.3,479.2,223.6,381.0,448.6,611.0,222.6,363.5,668.8,626.6,343.2,453.6,496.3,653.2,850.4,532.2,558.9,387.0,683.0,360.5,509.9,274.6,373.0,318.4,724.1,374.9,244.2,574.6,273.3,211.6,360.5,853.2,543.1,557.9,486.8,464.8,217.1,540.3,608.1,46.8,468.9,630.3
47,768.0,270.6,405.0,934.8,442.2,77.9,148.9,496.9,303.3,467.2,373.7,355.7,408.0,218.3,255.3,413.4,253.7,612.1,288.2,652.8,152.9,600.7,405.0,425.8,136.3,700.2,502.6,880.8,123.7,393.6,175.7,804.7,965.0,468.5,898.3,752.4,341.8,598.7,381.3,285.2,49.6,222.2,908.0,855.4,297.8,442.0,462.0,0.0,79.6,128.5,757.9,884.6,411.3,72.4,532.1,183.2,268.0,241.6,294.2,295.2,267.4,297.5,100.6,489.6,469.9,70.0,332.5,488.6,221.4,934.8,320.2,609.2,138.0,228.1,350.4,553.3,253.7,702.3,530.4,949.0,141.1,653.3,540.6,663.9,211.5,990.1,126.7,438.6,840.6,220.1,382.2,250.3,546.8,324.1,823.9,160.0,86.2,508.0,551.4,874.1,415.2,46.7,921.2
48,807.8,310.4,444.8,871.0,378.4,117.7,173.7,496.3,343.1,403.4,413.5,326.9,382.2,192.5,295.1,453.2,203.7,552.2,262.4,592.9,192.7,626.6,341.2,362.3,95.5,640.3,502.0,817.0,163.5,367.8,200.5,804.1,901.2,445.1,834.5,751.8,291.8,538.8,421.1,261.8,129.2,159.0,844.2,795.5,272.0,382.1,398.2,79.6,0.0,153.3,694.1,820.8,347.5,112.2,468.3,208.0,307.8,191.6,268.4,269.4,307.2,271.7,140.4,425.8,410.0,109.8,282.5,424.8,206.4,871.0,296.8,545.4,123.8,267.9,324.6,524.5,203.7,642.4,470.5,885.2,90.7,593.4,476.8,663.3,148.3,926.3,105.1,375.1,776.8,149.9,318.7,190.4,523.4,274.1,760.1,199.8,126.0,507.4,491.5,810.3,351.4,86.5,904.1
49,856.7,359.3,493.7,895.9,403.3,83.4,20.4,418.4,392.0,427.8,462.4,444.4,496.7,307.0,344.0,502.1,342.4,577.2,376.9,617.9,70.8,689.4,366.1,387.2,57.8,665.3,424.1,841.9,212.4,482.3,97.2,726.2,926.1,557.2,859.4,673.9,354.5,563.8,470.0,373.9,178.1,184.0,869.1,820.5,386.5,407.1,423.1,128.5,153.3,0.0,719.0,845.7,372.4,77.9,493.2,104.7,356.7,330.3,382.9,383.9,356.1,386.2,106.1,450.7,435.0,75.5,421.2,449.7,142.9,895.9,408.9,570.3,226.7,316.8,439.1,642.0,342.4,667.4,495.5,910.1,62.6,618.4,501.7,585.4,173.3,951.2,48.2,400.0,801.7,172.6,343.6,215.4,635.5,398.0,785.0,63.7,91.7,429.5,516.5,835.2,376.3,135.4,842.7
50,1303.9,975.7,1110.1,272.8,472.1,752.4,739.4,697.9,1008.4,497.1,1078.8,609.0,707.3,718.9,960.4,869.9,693.6,414.3,785.1,271.0,789.8,960.1,434.9,452.2,661.2,240.6,703.6,153.4,828.8,692.9,670.8,437.9,303.0,778.6,170.9,490.2,517.6,290.7,868.5,863.4,807.5,542.4,246.0,315.4,702.7,361.9,491.9,757.9,694.1,719.0,0.0,157.2,441.2,746.9,248.0,723.6,973.1,718.0,699.1,792.1,972.5,794.4,775.1,277.5,334.0,744.5,599.4,306.5,672.5,272.8,864.2,171.7,749.5,933.2,755.3,778.7,693.6,440.5,230.9,221.6,656.4,398.3,278.7,730.9,553.1,281.5,670.8,439.4,253.0,569.2,434.4,525.4,856.9,529.7,126.6,782.7,760.7,709.0,465.0,212.1,445.1,764.8,305.9
51,1430.6,1102.4,1236.8,312.3,598.8,879.1,866.1,824.6,1135.1,623.8,1205.5,735.7,834.0,845.6,1087.1,996.6,820.3,541.0,911.8,397.7,916.5,1086.8,561.6,578.9,787.9,367.3,709.3,3.8,955.5,819.6,797.5,407.2,342.5,905.3,13.7,459.5,644.3,417.4,995.2,990.1,934.2,669.1,196.8,435.2,829.4,488.6,618.6,884.6,820.8,845.7,157.2,0.0,567.9,873.6,374.7,850.3,1099.8,844.7,825.8,918.8,1099.2,921.1,901.8,404.2,460.7,871.2,726.1,433.2,799.2,312.3,990.9,298.4,876.2,1059.9,882.0,905.4,820.3,567.2,357.6,121.0,783.1,525.0,405.4,700.2,679.8,180.9,797.5,566.1,372.8,695.9,561.1,652.1,983.6,656.4,75.8,909.4,887.4,688.4,591.7,196.3,571.8,891.5,275.2
52,1102.1,553.6,711.2,618.1,30.9,405.8,392.8,256.7,661.8,55.9,732.2,602.1,660.1,470.4,613.8,428.7,481.5,475.2,540.3,458.0,443.2,905.7,6.3,180.7,314.6,427.6,262.4,564.1,482.2,645.7,324.2,564.5,648.3,724.2,581.6,512.2,448.9,404.6,427.3,540.9,460.9,278.4,591.3,586.3,549.9,358.2,50.7,411.3,347.5,372.4,441.2,567.9,0.0,400.3,215.4,377.0,626.5,469.5,546.3,547.3,625.9,549.6,428.5,172.9,330.3,397.9,560.3,171.9,325.9,618.1,575.9,292.5,402.9,547.0,602.5,799.7,481.5,508.2,336.3,632.3,309.8,459.2,223.9,423.7,267.7,673.4,324.2,193.5,523.9,222.6,160.9,309.8,802.5,492.4,507.2,436.1,414.1,267.8,489.6,557.4,3.9,418.2,651.2
53,800.6,303.2,437.6,923.8,431.2,27.3,98.3,446.3,335.9,455.7,406.3,388.3,440.6,250.9,287.9,446.0,286.3,605.1,320.8,645.8,102.3,633.3,394.0,415.1,85.7,693.2,452.0,869.8,156.3,426.2,125.1,754.1,954.0,501.1,887.3,701.8,374.4,591.7,413.9,317.8,122.0,211.9,897.0,848.4,330.4,435.0,451.0,72.4,112.2,77.9,746.9,873.6,400.3,0.0,521.1,132.6,300.6,274.2,326.8,327.8,300.0,330.1,28.2,478.6,462.9,19.4,365.1,477.6,170.8,923.8,352.8,598.2,170.6,260.7,383.0,585.9,286.3,695.3,523.4,938.0,90.5,646.3,529.6,613.3,201.2,979.1,76.1,427.9,829.6,200.5,371.5,243.3,579.4,356.7,812.9,109.4,35.6,457.4,544.4,863.1,404.2,79.3,870.6
54,1222.9,749.9,884.3,424.9,246.3,526.6,513.6,472.1,782.6,271.3,853.0,602.8,701.1,591.2,734.6,644.1,602.3,408.1,661.1,264.8,564.0,953.9,209.1,301.5,435.4,234.4,477.8,370.9,603.0,686.7,445.0,590.0,455.1,772.4,388.4,642.3,511.4,284.5,642.7,661.7,581.7,399.2,398.1,393.1,670.7,355.7,266.1,532.1,468.3,493.2,248.0,374.7,215.4,521.1,0.0,497.8,747.3,590.3,667.1,668.1,746.7,670.4,549.3,51.7,327.8,518.7,593.2,80.7,446.7,424.9,696.7,99.3,523.7,707.4,723.3,772.5,602.3,434.3,224.7,439.1,430.6,392.1,52.9,639.1,388.5,480.2,445.0,314.3,330.7,343.4,281.7,430.6,850.7,523.5,314.0,556.9,534.9,483.2,458.8,364.2,219.3,539.0,458.0
55,911.4,414.0,548.4,900.5,361.5,138.1,125.1,327.1,446.7,336.5,517.1,499.1,551.4,361.7,398.7,499.1,397.1,629.4,431.6,669.8,175.5,744.1,370.7,391.8,112.5,710.0,332.8,846.5,267.1,537.0,52.8,634.9,930.7,611.9,864.0,582.6,409.2,615.7,497.7,428.6,232.8,238.7,873.7,868.7,441.2,459.3,341.7,183.2,208.0,104.7,723.6,850.3,377.0,132.6,497.8,0.0,411.4,385.0,437.6,438.6,410.8,440.9,160.8,455.3,487.2,130.2,475.9,454.3,110.1,900.5,463.6,574.9,281.4,371.5,493.8,696.7,397.1,719.3,547.4,914.7,117.3,670.3,506.3,494.1,228.0,881.9,102.9,404.6,806.3,154.4,348.2,270.1,690.2,452.7,789.6,168.4,146.4,338.2,568.7,839.8,380.9,190.1,751.4
56,691.0,377.2,295.4,1150.0,657.4,306.1,377.1,646.0,193.7,682.4,264.1,486.5,494.7,349.1,48.3,520.0,411.7,827.3,405.0,868.0,381.1,569.2,620.2,641.0,364.5,915.4,730.8,1096.0,230.3,480.3,403.9,1032.9,1180.2,477.6,1113.5,980.6,557.0,813.9,487.9,294.3,317.6,437.4,1123.2,1070.6,428.6,657.2,677.2,268.0,307.8,356.7,973.1,1099.8,626.5,300.6,747.3,411.4,0.0,381.6,425.0,412.0,60.4,342.9,328.8,704.8,685.1,298.2,485.2,703.8,449.6,1150.0,329.3,824.4,266.2,334.7,396.1,684.1,411.7,917.5,745.6,1164.2,369.3,868.5,755.8,892.1,426.7,1205.3,354.9,653.8,1055.8,448.3,597.4,465.5,555.9,539.3,1039.1,388.2,314.4,736.2,766.6,1089.3,630.4,221.3,1149.4
57,837.2,384.2,518.6,894.9,500.4,279.7,350.7,653.0,416.9,525.4,487.3,243.5,295.8,106.1,368.9,527.0,168.7,568.8,176.0,609.5,354.7,545.6,463.2,470.7,287.1,656.9,693.6,840.9,237.3,281.4,377.5,995.7,925.1,364.1,858.4,943.4,290.8,555.4,494.9,250.6,291.2,199.4,868.1,812.1,185.6,398.7,520.2,241.6,191.6,330.3,718.0,844.7,469.5,274.2,590.3,385.0,381.6,0.0,182.0,183.0,381.0,185.3,302.4,547.8,426.6,271.8,242.2,546.8,398.0,894.9,255.1,635.5,150.0,341.7,238.2,441.1,168.7,659.0,487.1,909.1,282.3,610.0,598.8,854.9,210.1,950.2,296.7,483.5,800.7,328.3,427.1,207.0,442.4,273.1,784.0,361.8,288.0,699.0,508.1,834.2,473.4,204.1,928.0
58,719.9,427.6,515.1,876.0,577.2,332.3,403.3,696.4,413.4,602.2,483.8,110.1,162.4,143.9,412.3,570.4,143.5,477.4,145.8,551.2,407.3,363.6,540.0,547.5,363.9,638.0,757.0,822.0,280.7,148.0,430.1,1041.1,906.2,182.1,839.5,1006.8,227.0,497.1,538.3,193.8,343.8,276.2,849.2,753.8,3.6,337.2,597.0,294.2,268.4,382.9,699.1,825.8,546.3,326.8,667.1,437.6,425.0,182.0,0.0,152.8,424.4,155.1,355.0,624.6,365.1,324.4,108.8,623.6,474.8,876.0,179.2,616.6,193.4,385.1,56.2,307.7,143.5,600.7,468.2,890.2,359.1,551.7,675.6,918.3,286.9,931.3,373.5,553.8,781.8,405.1,503.9,276.9,260.4,190.8,765.1,414.4,340.6,762.4,416.7,815.3,550.2,247.5,909.1
59,770.3,428.6,474.8,969.0,578.2,333.3,404.3,697.4,373.1,603.2,443.5,214.3,266.6,144.9,399.3,571.4,144.5,581.1,7.0,644.2,408.3,437.5,541.0,548.5,364.9,731.0,758.0,915.0,281.7,252.2,431.1,1060.1,999.2,256.0,932.5,1007.8,291.2,590.1,539.3,153.5,344.8,277.2,942.2,846.8,156.4,430.2,598.0,295.2,269.4,383.9,792.1,918.8,547.3,327.8,668.1,438.6,412.0,183.0,152.8,0.0,411.4,69.1,356.0,625.6,458.1,325.4,213.0,624.6,475.8,969.0,138.9,709.6,194.4,386.1,174.5,411.9,144.5,693.7,561.2,983.2,360.1,644.7,676.6,919.3,287.9,1024.3,374.5,561.3,874.8,406.1,504.9,277.9,334.3,273.5,858.1,415.4,341.6,763.4,520.4,908.3,551.2,248.5,1002.1
60,690.4,376.6,294.8,1149.4,656.8,305.5,376.5,645.4,193.1,681.8,263.5,485.9,494.1,348.5,12.1,519.4,411.1,826.7,404.4,867.4,380.5,568.6,619.6,640.4,363.9,914.8,730.2,1095.4,229.7,479.7,403.3,1032.3,1179.6,477.0,1112.9,980.0,556.4,813.3,487.3,293.7,317.0,436.8,1122.6,1070.0,428.0,656.6,676.6,267.4,307.2,356.1,972.5,1099.2,625.9,300.0,746.7,410.8,60.4,381.0,424.4,411.4,0.0,342.3,328.2,704.2,684.5,297.6,484.6,703.2,449.0,1149.4,328.7,823.8,265.6,334.1,395.5,683.5,411.1,916.9,745.0,1163.6,368.7,867.9,755.2,891.5,426.1,1204.7,354.3,653.2,1055.2,447.7,596.8,464.9,555.3,538.7,1038.5,387.6,313.8,735.6,766.0,1088.7,629.8,220.7,1148.8
61,701.2,430.9,405.7,971.3,580.5,335.6,406.6,699.7,304.0,605.5,374.4,216.6,204.0,147.2,330.2,573.7,146.8,583.4,62.1,646.5,410.6,368.4,543.3,550.8,367.2,733.3,760.3,917.3,284.0,189.6,433.4,1062.4,1001.5,186.9,934.8,1010.1,293.5,592.4,541.6,84.4,347.1,279.5,944.5,849.1,158.0,432.5,600.3,297.5,271.7,386.2,794.4,921.1,549.6,330.1,670.4,440.9,342.9,185.3,155.1,69.1,342.3,0.0,358.3,627.9,460.4,327.7,215.3,626.9,478.1,971.3,69.8,711.9,196.7,388.4,105.4,414.2,146.8,696.0,563.5,985.5,362.4,647.0,678.9,921.6,290.2,1026.6,376.8,563.6,877.1,408.4,507.2,280.2,265.2,275.8,860.4,417.7,343.9,765.7,522.7,910.6,553.5,250.8,1004.4
62,828.8,331.4,465.8,952.0,459.4,55.5,126.5,474.5,364.1,483.9,434.5,416.5,468.8,279.1,316.1,474.2,314.5,633.3,349.0,674.0,130.5,661.5,422.2,443.3,113.9,721.4,480.2,898.0,184.5,454.4,153.3,782.3,982.2,529.3,915.5,730.0,402.6,619.9,442.1,346.0,150.2,240.1,925.2,876.6,358.6,463.2,479.2,100.6,140.4,106.1,775.1,901.8,428.5,28.2,549.3,160.8,328.8,302.4,355.0,356.0,328.2,358.3,0.0,506.8,491.1,47.6,393.3,505.8,199.0,952.0,381.0,626.4,198.8,288.9,411.2,614.1,314.5,723.5,551.6,966.2,118.7,674.5,557.8,641.5,229.4,1007.3,104.3,456.1,857.8,228.7,399.7,271.5,607.6,384.9,841.1,137.6,63.8,485.6,572.6,891.3,432.4,107.5,898.8
