,0,1,2,3,4,5,6,7,8,9,10,11,12,13,14,15,16,17,18,19,20,21,22,23,24,25,26,27,28,29,30,31,32,33,34,35,36,37,38,39,40,41,42,43,44,45,46,47,48,49,50,51,52,53,54,55,56,57,58,59,60,61,62,63,64,65,66,67,68,69,70,71,72,73,74,75,76,77,78,79,80,81,82,83,84,85,86,87,88,89,90,91,92,93,94,95,96,97,98,99,100,101,102
0,0.0,1007.2143709154992,1229.530729549079,1702.8530943478158,1582.550930182996,1662.1726963080837,1152.754116113471,1230.728825907009,1576.185443585524,1597.259568707858,742.4200377265865,1060.668031851806,1091.4006305389437,733.079128431463,617.2790260266244,810.1535846803602,1602.4784918713117,720.6762669165491,984.0611289397248,1252.5854333668146,806.4766340845075,1287.703721867348,807.7191702710371,1376.8702411281074,1090.313676860807,1132.773345174414,1632.9786020680272,1242.2107750522375,597.6579172375348,1380.613580501413,1219.928405020508,1377.4839494370478,1205.1589147295415,661.5784798444381,1046.666832107643,1408.440322540623,637.3786825473353,1093.8156848946794,692.0136003315677,1237.6962484415203,1251.8709191498697,828.585850073764,695.2934496309337,1408.5664540962205,1040.3177927490867,601.2801488479714,1367.2670599470518,1277.2895616842563,947.780762534778,1075.7213001890734,1520.664716896189,1371.973115000528,987.5016476571096,581.3058576918194,1168.41537959458,784.2535503835325,679.7002170942299,562.0264320657528,801.5295777058121,671.5535896210237,609.257303728743,754.5537241273493,896.5700198622013,566.1773360876244,1567.368116466189,904.0534580212504,1218.4934374305064,769.6592927641802,620.988076485475,1019.6689505128178,924.0157703254404,1098.246599156552,1442.4572296598085,1567.408780835667,836.5901240874534,1570.412355798734,1490.7947529102946,1597.259568707858,764.6383709369098,659.3981980618516,1132.067692005432,954.7279496290928,1624.4359179568592,1012.4477129385864,1486.4487225653256,879.3764971544952,596.1212455024397,1050.989747876441,1559.3051854422613,1242.3141997546547,655.815312262113,652.5733111815334,1064.2461149676517,991.5636620313056,897.4737352674359,652.2236219424517,1490.803350440695,1046.8013567123796,1071.1243403309852,476.51514333341584,1652.8839853024094,822.8731071824103,1667.6765190679764
1,1007.2143709154992,0.0,455.4714609859312,750.8212434607653,1002.0955017982144,721.7946016138901,407.1005124293168,723.5941262162135,960.94717950559,1043.0743799099362,403.56360867655474,859.9607722966349,840.503844314941,660.7671018138195,628.1844919531744,197.2324894942208,681.9328416855601,568.5791181797575,226.79682541143072,680.6928629055519,214.91557527694656,743.7064593435863,638.9589961583013,521.4286061780225,220.8534614836555,131.94399891195556,735.9072363364055,636.2142098533635,421.4619022992542,922.9779614660127,636.9364832760211,837.784695878063,309.7293398677022,584.310395342251,250.59223272301307,575.8269077732662,379.7096796559576,452.1709300360151,515.3633190187877,577.2830357674999,756.6096358265913,245.34218414808532,575.0989473602624,692.181825620161,275.62343049872624,598.369727958698,398.4045185846055,477.54758041510814,60.587744687032846,849.8009907439737,602.7494422503166,500.7617409146749,254.1043391876206,781.0192464576714,858.811990351036,256.0505674026084,512.2854595793091,658.9593929873281,224.87259156132777,765.167295244796,453.4192809481559,252.77599704799232,186.60915764624,784.6670583742256,827.0578529552131,166.16574731223486,517.273651101428,239.05196677896984,389.2343023380826,253.1123793764714,125.93725153419376,612.0084891679436,628.8140303042354,812.8957960888315,170.7710246963977,904.8830568506596,554.2618372474748,1043.0743799099362,767.6931449124703,556.6327358848246,804.412259859585,165.35323457239107,661.5150865899026,153.924985416534,778.910104490428,429.7300089451083,547.0762821838754,235.39585867060467,594.5213279818939,554.9817291742526,449.3754158755239,367.0975761570988,191.78024733156232,104.39961357746056,556.5308435147044,358.34003896383,717.4111272560864,620.6066571029135,284.0337206632905,698.1633555087843,764.7989074647729,277.04486091004804,777.8199056791648
2,1229.530729549079,455.4714609859312,0.0,516.5042760917931,549.1784117700408,467.5974380157509,76.9594059818484,330.2347808534053,506.0111995163789,592.1354765825756,487.1352826522024,586.7598443356852,547.353461707245,599.3931363175309,657.5255137309505,556.2767819059356,396.7736938515867,551.2034446676897,285.1689016940728,265.992270716949,502.9184573466637,325.57431490656734,532.2842943522515,158.82656002064303,234.88545478280392,389.6291697479986,411.1807606043137,217.30889431899416,755.2671416959708,506.0777788204228,231.70676303138916,404.411041316279,175.0258986693854,603.3697042332856,226.27210917496916,179.4535235014432,632.4881878380693,156.30947829031533,551.5705309978001,147.48652354443365,358.952588697964,437.9536639195581,573.6701133840585,237.67354099505465,215.39468889732265,654.4351807038707,308.936025229132,49.42439060624592,487.9688709242498,566.7947488008214,323.5916519423642,166.39963642138702,267.97326489388297,782.7308095681702,526.1047548945875,659.7053049192705,560.9329908643498,711.7727730322005,498.3917012325372,718.4769890568716,624.2067422149482,591.4132318320526,393.9353727171436,794.0232085266696,382.9572547454139,611.2204355207659,86.78956843287256,594.3341089835436,661.5587412156217,242.76268184125297,571.5784425381717,291.5852694915465,214.5257087908916,373.1085600037293,529.2851403757677,449.9174630587748,320.8485499897544,592.1354765825756,665.8329473239853,592.8194578311982,482.6342822289068,349.12149268014684,464.1722599600049,316.3897942670981,325.6070503520777,359.97108170071016,640.4921329403086,234.52449460310044,415.5968563509623,117.0094614698196,573.8302184566323,616.1900093590506,265.6563879284698,368.7533188606177,406.02486034526265,635.8976874724437,281.1682390037682,340.1400336084261,190.2891662109828,788.77105262691,427.19567745839686,427.5946554923185,442.0243072700721
3,1702.8530943478158,750.8212434607653,516.5042760917931,0.0,735.5870129378068,51.56490605023882,583.2920905728633,757.6867049550889,676.6759783980832,784.3190476179449,972.8450325389754,1061.9225099008845,1015.9413447531356,1115.561352498896,1166.3651426494573,930.922612783616,126.37662433960942,1062.7777312078872,718.931866040824,686.7463473112285,909.3982837394198,718.053690034361,1048.7340885639446,358.4670278204161,613.1805359957867,621.3470989689013,160.95813721886,652.1629639453238,1158.0183250464606,846.0161548990109,678.6166562909391,734.3470002424204,497.6946916380403,1111.8332218207595,657.0659064453954,358.68589019307194,1071.4725076588688,672.8133940051489,1054.4102891539044,600.5901994894872,772.3121019482194,875.0822902066292,1083.990787495718,500.1306191347986,666.1350014528496,1158.5580870062956,352.4849537762327,468.4391808216771,808.5859828477545,1038.8668012339233,193.0379996894948,351.0568177057221,717.0969218552738,1297.4290500158793,970.4853223363526,1006.5235560956962,1061.780213675058,1218.5688666177366,911.2614840100232,1234.912846827739,1095.4255373723097,981.8307928578914,809.4446223287139,1308.241425050926,464.8044999359696,909.768596192783,573.3155541239257,974.717771827505,1093.5305576734002,684.6481102603036,872.1441233008248,784.4304277449735,364.1869267605848,440.1836245776397,901.1547312096228,592.0344967201073,212.2285447518188,784.3190476179449,1181.1612892079777,1097.9018747186371,941.874338526823,751.5331571541581,92.78385392395973,695.4454048243042,509.7203716350912,867.458611965544,1135.781447273082,651.977724825903,157.5946776034449,574.8995552823526,1056.0295949231995,1055.4610161744813,640.76806731338,726.2229581174167,922.4772521817443,1063.361718909469,408.73654953591983,840.8755738312672,635.4851674856834,1290.7925062898394,179.64325859750116,880.0855484256109,175.7009589821303
4,1582.550930182996,1002.0955017982144,549.1784117700408,735.5870129378068,0.0,691.736882137553,596.2601166037186,354.90924819335964,59.04205092883338,49.87554870032832,903.492822881522,579.3293154786619,533.4397787668887,851.3806550697342,965.631005239811,1073.551085385988,631.9019957685005,865.8043975637282,804.9677102360536,352.8427012487841,1007.5260354002418,302.5306026635332,775.3267226014613,551.3708419719684,781.5038276463582,936.9122015417428,575.8512030700775,384.0351672791703,1237.1218113055434,226.98374803943335,395.3558368339199,205.8975385110915,717.151950557779,924.2845680095796,758.5969869412211,497.3724839780026,1093.429204292696,578.5388364385553,907.7900171563384,429.5880215582461,331.1826829780463,928.3536322024042,890.848084356829,324.70654116487765,738.9280284783458,985.1173725022988,781.4714310463704,538.0217210864057,1028.9673865670102,556.3962973157644,628.6946051623396,580.1754835357398,780.7815648686525,1023.5852324273478,453.9135819931733,1181.8013886552667,922.1469235817452,1020.5328561440264,999.2087853208388,934.115526560234,1042.8056541219623,1096.732548144432,907.1157171336988,1038.6360830175554,272.13780103407777,1151.147385068394,486.0155306997093,1105.216039707926,1126.411231536455,765.9036529669589,1112.7730490805354,495.1535601671793,448.7385822527261,297.0916495695727,1050.2925468232731,143.95588033532064,677.2484600757778,49.87554870032832,845.198410867606,931.5299678139085,470.1791097631146,875.6241609850152,756.4864201112641,855.4938972573751,255.68650702223604,750.3442694881372,1003.8011527960548,771.1127109632519,755.790706645137,448.3256101322265,980.4621488097836,1078.8625099319431,810.4281101784183,908.9738727975144,691.6508433399661,1108.1116780202517,358.32029049776634,539.4752877350013,722.6034358570546,1106.0450828896105,556.242076759464,904.8836023353643,561.8500636896342
5,1662.1726963080837,721.7946016138901,467.5974380157509,51.56490605023882,691.736882137553,0.0,535.6631168836919,706.2094875334701,632.7164239591228,740.8300127684705,929.1999082026545,1010.3622499968244,964.3769064536084,1066.9570913279133,1119.8207644636236,897.6473367591858,74.83329222105168,1015.600072817904,678.1864263211934,635.2229628048723,873.0594968313244,666.8667383647223,999.523608381579,309.0686693181639,574.3142481471435,594.2335130363546,115.98531122800505,600.6025810643998,1123.7671130963058,796.6370891011559,627.070202065159,684.5631475483731,457.7500233486141,1065.312879913473,615.5678842721741,307.4682896220175,1033.159221193993,623.851338504546,1008.7508158936852,549.2449278080823,720.9969227935325,835.7008829111943,1037.0896884364556,449.3420089557822,623.3790628123829,1112.835240210654,324.2978804055823,419.17060715094937,778.4612669833266,987.3025233316424,145.32707613214967,303.0937270168848,675.1442975265479,1249.5159982910066,919.0595515403862,976.5232074287328,1016.426660651373,1172.4474052250428,874.3653173376524,1186.0543214706645,1053.8169022966952,947.5839865587698,771.3021218881647,1260.490700569358,419.9807087114529,883.1020535102115,522.7230830864191,941.3338013645624,1056.0317076927872,642.8054696764315,844.7722217548557,733.2978585633082,312.6796988415283,395.1575428267856,867.8149910062257,547.858083047408,172.690677525927,740.8300127684705,1131.3470318044049,1051.9510925560876,890.3227951693124,713.7079391514014,88.40051216156327,658.4746031400509,461.4152406022343,820.7778042569698,1091.33637752743,611.3175698221021,139.73284157404436,523.7413245906691,1013.0476274489412,1017.038301930127,602.8632519071871,691.5493648637616,873.2981469555822,1026.1518300608325,359.2524956709568,789.9337178833512,592.6133100331286,1245.5515840383048,139.6049671467182,839.3432429697318,138.85983104207764
6,1152.754116113471,407.1005124293168,76.9594059818484,583.2920905728633,596.2601166037186,535.6631168836919,0.0,334.23359621381417,557.6457402717165,636.3368638493498,410.3345468944602,556.5508976345986,521.3185187729144,533.4107045159569,585.1260410840918,489.5146988066409,466.7947501391329,480.0532482318465,216.5642430551749,280.28531632445794,432.4585370156104,343.19789503671706,469.6293785339433,230.02766098482277,188.8268719469468,360.9799108697464,485.40731384719936,233.20364208422455,682.4567541357636,525.1987599432719,239.05142981058225,432.8889184421359,170.82359168530044,530.741890068206,163.30663341249948,255.80652735431917,557.0537530655838,99.43691184337122,477.0721303035533,170.55432675694672,365.8648491460911,364.3246007407907,501.845463496731,300.1592688122773,147.05969563994074,580.4605752527601,338.7696361770026,124.72733102351054,432.8092120911824,538.5725962852479,390.4983027535573,232.57893731568475,196.67066972743507,714.1489199474971,511.2472804019868,595.0511977976272,486.00784903769306,638.680860493778,427.1003969102255,653.4301816896348,547.253837999747,521.7342830991117,324.6054587330357,724.9560909878472,452.2360954409937,555.3348412168233,110.34724259053397,526.001445350814,586.5557143835168,174.80712631004636,516.6656243943374,262.7913918324232,291.3631070955638,444.17322264842886,463.5836913909288,508.62799967390737,380.4260773140736,636.3368638493498,606.1440040571124,519.0061233566267,463.1394684711362,284.20276408435285,524.8262720261099,259.3167232798604,388.7826003730586,286.38354861083513,564.7927247116908,174.98729455600642,471.5740552813174,148.09192563558068,496.9915724996651,540.8107765223372,215.4826863611326,312.76875585528103,344.1074595299867,561.442343366924,354.40515380203254,301.8453424450602,126.89265267295376,714.4769070271775,502.5449311711465,352.29059495593253,517.3831740381194
7,1230.728825907009,723.5941262162135,330.2347808534053,757.6867049550889,354.90924819335964,706.2094875334701,334.23359621381417,0.0,345.49498750047087,377.1677709302926,553.9027471505659,310.5373678912236,262.276882054096,504.3636344281158,613.4786662696829,754.050918281962,631.7777951313386,511.7102879225682,503.2819968630691,72.08156909502449,682.4538939974129,59.63565533588416,426.93913628661846,433.5384015822476,516.9330399289078,694.0322706049532,610.4026836450054,116.1388825401224,895.6791454156547,201.71323403917648,98.53728661274366,149.27040675942354,498.6057585104912,570.4681934761202,473.523117487846,408.0147152915047,748.4754192370223,271.46853975819323,552.9220024490406,184.8692120019288,33.09374936415404,599.6010256480024,536.8915314559677,266.0333823188994,447.971066092798,631.2703258343358,635.2630045347158,352.2848795603753,736.4770596956505,286.3596536600592,583.880797377634,456.3357602766173,476.3651483832447,684.2974584014165,213.196992633368,862.6362888118836,567.3201135324557,669.1399258720618,672.3920249550413,598.1500046681153,690.8046019361125,768.883995745656,592.5169556836635,698.8840847315987,388.17428272626864,852.509802233494,243.50388346229505,780.3810566667962,781.8263907803157,471.1858328553169,817.4887909178541,142.32637310401128,393.55439432812176,399.655117369361,734.47640137386,348.9764769476776,606.0478461054804,377.1677709302926,515.4662298435094,576.8784399036665,186.43618960151588,573.7890792183186,734.4510424056913,569.736744274832,303.67446885652845,402.4578847196723,648.8942132883119,489.5850875362797,702.6506192300251,216.57462236166236,627.9404987898886,734.6888652699995,538.5375290926924,621.2931256600764,336.799690563663,766.0551097981446,368.008037687014,184.78970335722872,442.2418603055205,754.7954532578924,609.3976330315255,571.6899095708391,621.8359886541494
8,1576.185443585524,960.94717950559,506.0111995163789,676.6759783980832,59.04205092883338,632.7164239591228,557.6457402717165,345.49498750047087,0.0,108.58138635525587,883.3954404644438,595.8493339173165,548.364207773939,848.6441083457926,958.9626113003364,1040.6048267350363,572.9177143366738,856.5709381950223,769.8165208570967,331.6308487599413,976.5094865149916,288.8543463913726,771.6090308884919,498.1434687238213,740.0937214005926,891.0002500489862,516.8460216673708,356.8186439687521,1211.153870834639,251.55459467188552,371.61188848466674,201.9949183894816,670.5341442323748,915.4848372982468,720.8212686947206,443.1614526565045,1069.6964033639242,548.1928960485602,894.7349596865059,395.1657114123015,326.0924047925228,898.9421508097112,881.8386392141728,275.32215211679386,702.4773961648405,976.2193793433444,727.4839738551058,491.34849621871535,990.1628693230984,572.1394294701038,570.6246187498477,526.888013953688,746.4728007146977,1025.221625021134,471.0057098204737,1148.2715433544197,908.7728601030848,1014.6283897903292,968.763806046312,936.9931688518524,1024.2312309108202,1066.112452578338,873.9435359411308,1040.0834034385266,213.10468232065423,1112.9151967471848,448.22877120790736,1073.6320371704433,1102.3656842680136,729.8125292647612,1074.048676267502,480.97955123468256,393.3300176814195,238.06222063465597,1016.5002304908148,84.91436032971536,619.8521443659538,108.58138635525587,850.1192874717206,920.864225247945,480.7051935913949,839.817873159223,697.5496684479396,816.7654793499134,200.86284497212645,730.0504859421019,991.4270581166326,732.5611709417576,697.4306248001835,410.9408070812357,962.62917400104,1054.7687724295802,769.8224241771009,870.1188790945444,680.6069139907102,1082.8586221380351,301.3589035916826,529.6088982767752,684.506033092383,1100.2836724297326,497.411670600415,877.0885060471882,503.1688640608931
9,1597.259568707858,1043.0743799099362,592.1354765825756,784.3190476179449,49.87554870032832,740.8300127684705,636.3368638493498,377.1677709302926,108.58138635525587,0.0,929.952684035186,577.6250677890067,533.5475773767231,864.5365848493093,981.5914348055844,1108.9442018005593,681.4688190698399,884.0824581532853,842.2922318953752,383.3960284102528,1041.6642906975658,328.86621759030004,789.5648963293305,599.6352842074217,822.9226734695086,980.924953128332,624.8894983425378,418.132865258233,1267.3310752266636,224.70285274590876,427.05989757582296,228.63265873788765,761.7989640015155,942.045874204862,797.7404690439193,546.1001895912644,1122.1963285001125,613.3433511014582,928.9113818939912,467.8278066225951,350.6833968068321,961.4987977469012,908.8723317222538,371.6383204111641,777.2511509511077,1002.7942866379792,829.9629622479873,582.988574165588,1068.388135486337,555.5727191185102,678.5647652510254,628.4459034657453,817.5943635124188,1032.6496871741297,452.9537285307341,1217.47704634189,943.4746462928808,1035.7447206107963,1032.9587362091288,942.39657567367,1067.8187250917838,1130.465281729383,942.9113033414524,1047.8198077796865,321.5867018027189,1190.068359839289,525.9953434666819,1139.6172392004537,1155.3575451539043,803.931971403465,1152.057518640422,519.1591791494709,497.9557099482752,346.5536464361187,1086.300948337411,193.3897609658498,727.0151565094754,0.0,852.0711088013899,950.73347605198,474.79554671247104,913.2563659807366,806.1263437693328,895.086035206147,304.908602517446,777.4055999624358,1024.1526432600683,810.733024572361,805.6630810849548,488.251462716793,1005.0454612966712,1107.9183434305544,851.2952202026435,948.5717980781455,712.0198081068255,1137.9706093868854,408.0343707700989,559.8885034092373,762.0294777894874,1120.9524719794315,604.8278654921245,936.9323671501776,610.1555196678844
10,742.4200377265865,403.56360867655474,487.1352826522024,972.8450325389754,903.492822881522,929.1999082026545,410.3345468944602,553.9027471505659,883.3954404644438,929.952684035186,0.0,543.8925356422453,543.0322269634943,264.87440687420974,227.2977528576849,288.1575718501755,865.8121488879451,169.76353898998843,264.84710814475363,552.0110937843551,217.05488827302855,601.4924082722097,264.38190396965626,635.7674262896539,375.9136157821486,485.4795885157448,892.3197630987434,529.0409274665079,349.5578376699876,742.9718507722549,512.0022696726969,701.3323038471425,480.61153877236,180.90588599040728,319.9632674821376,666.0439142891676,199.1615551689648,357.33416565438125,111.80499184069043,509.4493585118004,582.9100524373109,158.40149876412008,172.63229022957833,678.0878647826326,307.31148055406027,202.93264381617263,659.1121051433611,534.8919449954041,367.9951176098801,542.7489742399836,785.2061680373489,632.5667094880746,259.4042878116093,380.0037926231233,591.7339824837514,376.7865917913301,109.63729141656496,265.85260957644584,203.2944332817563,362.2205530223994,142.56751192334562,270.3168986764348,221.76907507927768,385.0123468794555,837.7069022491695,429.5182086273345,481.4517140478273,290.044076295812,232.44138122018424,291.6069460074501,413.2799461840482,411.61205586784536,700.5057774298756,834.9363426093694,287.4328821181276,860.3350823000311,761.236357935467,929.952684035186,374.79650222687735,154.07011911592295,538.648642482339,267.6854127294723,900.9934997277838,321.4700555758639,761.2073746347344,153.36302339422843,165.42455059525045,328.8340233927761,838.9278757759954,508.8958903827089,86.76946261181062,187.50922355035044,358.1125887102263,328.7803327776436,241.93628822286465,222.7287984319839,753.3210821766422,379.9513978074471,337.6868700501548,324.1915546094455,911.2881395844388,127.33724418384004,926.1078898459562
11,1060.668031851806,859.9607722966349,586.7598443356852,1061.9225099008845,579.3293154786619,1010.3622499968244,556.5508976345986,310.5373678912236,595.8493339173165,577.6250677890067,543.8925356422453,0.0,49.34637245387757,350.5193058205099,477.98000392252425,816.8078947496318,935.5519090828664,414.29571977085567,636.9139316978217,377.7636260709143,740.6440205702405,362.0490346877419,297.7665064259644,720.9309457167649,698.3382445483585,875.1818905657381,918.8095917554076,409.7596701011856,883.6660791022634,353.5005303354248,383.45559066041176,403.391722846562,725.4928136621267,458.7375401191682,637.6984197431059,705.6432736003027,735.4898904617557,461.0988897348955,481.18915416054193,465.2219352385088,305.72647106525795,660.2963480197299,432.6463103342215,576.4838235597846,609.3540738434394,511.8570397197069,892.4619247997985,623.0612997031532,851.0819747903372,24.642263105724098,880.9043831302989,739.4307192235557,610.8658366402587,479.85764002215706,125.42523285593612,915.7116069432803,495.646685487994,521.6607107545873,727.5431211556173,389.1500624540768,643.2285758194824,810.0720070106282,686.8544726839881,495.1123729487076,691.6418592438562,945.924982079577,506.767924066674,827.9608280928976,767.0549430432495,622.1876875569893,919.5682934281584,295.75681026902623,698.6327111438519,705.5662214966509,807.3337613186109,628.2139479644874,895.0826979583118,577.6250677890067,296.02997998170065,480.1151202488916,125.11091265170208,694.7020372911943,1030.9095562261723,716.0355190922965,609.4793966041981,438.8773125994758,555.8130561718183,655.3442497200356,992.260918553254,494.1172977258312,583.8796817569953,726.5934750416442,707.8778541605008,757.2649523592983,312.7292408351862,763.2210591533305,678.5430533897096,256.4446207577733,618.945760961472,599.3966737932766,919.1009902105552,624.7222014223455,931.7608506790676
12,1091.4006305389437,840.503844314941,547.353461707245,1015.9413447531356,533.4397787668887,964.3769064536084,521.3185187729144,262.276882054096,548.364207773939,533.5475773767231,543.0322269634943,49.34637245387757,0.0,370.5614360677689,497.8268850993516,808.3699581939152,889.6150438888129,425.3715066036097,615.3535951855823,330.44996088275553,732.0786188440834,313.0067798011334,310.3110543936776,677.7731777959767,670.6045786380884,849.0135866630293,871.6131169398012,364.0371715545738,887.7817533512599,308.8952994195961,338.2349421290495,354.58596835529755,691.4247007922726,473.7410758846616,611.6939906232668,660.6972425533079,738.2827374231623,428.1501831688501,489.47531838583785,421.5756919762314,256.60043616762755,650.2218466501915,445.5617661516248,528.3101624342773,583.3217867111366,529.4233726466633,854.7118182028735,581.9741516126386,834.894415801824,24.7050677988805,836.3523180158455,697.0282431167838,588.7530348876409,512.6071625147047,80.85159718248737,909.683151242242,504.2818583526848,544.5042976547059,719.2920653661986,421.3927896580779,650.5113404653404,804.9751416380412,671.9577300320101,527.9268879769561,642.3254794364151,933.7822960047451,465.650952908578,822.0291662250364,770.5033053562729,597.8541932102241,905.8785878396992,258.70070913113244,652.2010634574752,656.3260072476246,797.2149019788079,579.3591456223419,852.0451532437861,533.5475773767231,328.3586842487982,492.888462137981,76.12762567874067,675.8714398484228,986.6314525309278,693.6688593295036,560.2647625547065,427.28893127226274,569.4884090350316,629.3557506452576,949.2685438896368,451.1068273952334,589.5819524151296,728.4789629693014,682.0119192615764,736.9090036745956,304.98161032447695,764.6845467577789,630.2123280759831,226.08307099325916,590.8790518018245,624.7297883142749,871.407381667283,615.2619650420769,883.959053368224
13,733.079128431463,660.7671018138195,599.3931363175309,1115.561352498896,851.3806550697342,1066.9570913279133,533.4107045159569,504.3636344281158,848.6441083457926,864.5365848493093,264.87440687420974,350.5193058205099,370.5614360677689,0.0,127.56087022988316,551.1917522202233,995.9744481907164,95.29384915658277,480.8285102013142,536.9311859287754,481.7636238026432,563.1255570494303,77.77476316361131,758.1479298045919,581.6338526694819,725.1652974743342,1004.9083413170064,537.2162604938922,558.339089723587,647.7663512044443,511.5736045026381,647.7482848890562,661.5127542333178,114.9477829171614,516.6781013802333,770.1121315713119,419.87224029035553,443.3148294274424,162.65597658901478,552.2894601725877,522.6135245039079,419.5912647511824,99.5536484945819,716.8762747001325,494.0100686399144,162.0363256152739,847.5850622931531,648.1242638496253,630.3002612490175,359.68145648165574,922.523860896198,764.5645569636836,463.9864544756686,187.66910254574051,442.1950910892628,631.8805973489455,173.2917469954132,174.95936983487195,468.0313298970076,120.4812116037637,314.7827434292868,526.9098906987849,474.4216756804503,200.80995318520985,868.5003103376979,693.7766155773348,554.8350738567061,548.0663799139629,447.5218946020101,490.57009957090287,678.1541925242873,383.6261595878674,788.3442461852665,873.405411207159,552.0622012309387,851.4307143158741,913.64176644819,864.5365848493093,110.13319634279055,142.11118927130562,401.3514717363368,508.9499329304597,1058.027671948636,553.7195263359506,783.7956012008308,264.5044602901298,211.6146928833805,531.0678630300215,1003.1284660528546,566.7835405557895,265.5049612034609,415.2049085898519,574.3355550894141,574.6535944140408,196.4774031627502,451.8124985633402,811.5431528782734,326.2089154900463,518.6039825984781,258.1070575257095,1016.5377602121968,385.2266091289212,1031.0763115935088
14,617.2790260266244,628.1844919531744,657.5255137309505,1166.3651426494573,965.631005239811,1119.8207644636236,585.1260410840918,613.4786662696829,958.9626113003364,981.5914348055844,227.2977528576849,477.98000392252425,497.8268850993516,127.56087022988316,0.0,487.5941286323221,1051.8417861114754,108.75041216953356,484.0647811975904,637.6523120777122,427.37652063173937,670.6816068817909,193.8331738377263,814.9655658032976,593.1121288744088,712.639216809201,1068.5552618985027,631.0720274160783,453.0031453769881,768.5410400360747,607.3334971283177,760.3165676704352,688.5223677226703,54.5359547466752,532.1642529696321,834.8124655282137,327.8619464479405,506.4896469176347,119.03273805505788,635.3165501825097,634.7058900939636,383.251342673767,84.49679816438939,804.7296034726306,514.3423902767396,41.32008838000815,872.3107979718792,706.9488794597377,588.1462305357254,487.2268137311417,974.4944934731242,817.2192152079076,473.574910460248,152.96999883400412,568.3006133085081,552.9445554848916,117.88610188226508,56.78732417019899,414.4077537381482,155.80296863000748,217.88993894892585,453.24677810103606,448.9203893218824,157.72936790914585,960.8760188524936,631.2913243293629,627.0462938639181,475.42614160274826,350.64040487801907,504.1135816124988,622.3195619872163,482.8377263656173,859.7455594943997,963.3747703012792,494.8444852836688,955.2379111014648,958.2999957385928,981.5914348055844,211.16562374878075,74.0258085914019,525.6565383181877,494.420359731314,1101.3945776488813,546.8105592540028,877.7627203408993,299.0553208191337,102.242346578308,543.7137687735269,1042.4367962364795,644.9702415095792,187.17065844765813,327.14792675435643,579.0345884188573,556.0734041912981,282.9784694775137,361.48764610090274,894.1432881393703,429.9041942408921,542.6893598880458,141.82069372790463,1083.3469452532584,354.2426337509985,1098.113280399922
15,810.1535846803602,197.2324894942208,556.2767819059356,930.922612783616,1073.551085385988,897.6473367591858,489.5146988066409,754.050918281962,1040.6048267350363,1108.9442018005593,288.1575718501755,816.8078947496318,808.3699581939152,551.1917522202233,487.5941286323221,0.0,850.3287932864014,455.9705534231721,272.98417231745674,728.0818364683881,76.29223109071962,787.8356328694242,551.3456653469301,660.5346862066955,339.65778340348635,325.75544386968943,897.20419550212,690.8313265739438,228.08709983616083,955.0817948195428,683.5885502968116,887.983554417613,453.40788626515285,453.9122427484964,330.092764659356,708.7685756992795,191.9774194286511,495.6071624836106,390.5848459692953,645.4493168066263,786.5482089369724,159.33296793839986,454.6153896246676,789.6545312891708,342.5406283463123,451.5781254924027,580.3347830793381,591.1908723304791,137.6512450183141,812.0790743574751,768.6206128038477,645.1812442952225,294.63931667946935,635.4288598535501,844.4607418948763,108.79697786189864,382.764874042589,506.4793729351454,89.26484738027776,638.0237954136388,284.34078020514227,55.60053405631117,166.66152295360288,636.2517718128379,939.2278454707724,143.90673335996703,594.6602691767495,43.82678641008524,195.60394317238183,314.79281599175664,137.4081690336729,621.771029639764,757.260222897172,929.0678836410186,29.84360086252101,997.0384930244564,726.0906162344527,1108.9442018005593,661.3189401068544,423.8865015127655,789.4078527297721,207.33411978115407,844.4895288648501,249.59014862025583,878.286995781695,381.7848810858554,393.2353784687858,323.3642216658708,777.4951750611989,630.9936872802798,300.4239120304913,182.2936186419307,307.19354535309697,207.49751809902148,504.3794653330138,165.79382063565924,835.7888420007308,611.131483017906,365.9992436238126,530.3005699015888,923.6368867828852,193.2886674048255,937.5099391661712
16,1602.4784918713117,681.9328416855601,396.7736938515867,126.37662433960942,631.9019957685005,74.83329222105168,466.7947501391329,631.7777951313386,572.9177143366738,681.4688190698399,865.8121488879451,935.5519090828664,889.6150438888129,995.9744481907164,1051.8417861114754,850.3287932864014,0.0,946.7535780604364,620.0247196392226,560.6563513890635,821.0963993574935,593.1542243606543,927.6891503395058,237.95244726490807,519.7761590850016,558.4500686615112,72.25443136757792,525.7934838514094,1074.3239267775198,726.4887206264442,552.240960506258,613.742763335995,402.4259460409037,997.4097559984732,556.4783985311086,233.01631397363383,977.7394055649604,552.6597170251856,942.1909235084051,474.56218658340737,646.974347678611,779.1286486206884,968.6398670573616,376.6858660603146,562.2052058238835,1046.084822083918,292.1825672403256,347.85722520513565,736.5480124842164,912.5120731982428,82.50638382297505,234.83535477255268,615.0576353736019,1179.4599919991974,844.7466257457098,933.9389918658763,950.320828324632,1105.0593275689127,821.5346381080899,1114.6592939823731,993.3416664421264,898.6048528524244,716.8916476702699,1190.6654297052776,359.9349167676501,845.976629884984,449.09210944365606,893.6977329174682,1001.8051755820504,583.0294380520195,806.7539496856376,658.8518309578511,238.2323912473939,334.9666350831618,820.5091524139332,488.0868863280339,128.52502246605258,681.4688190698399,1058.6136473220504,984.9115226918366,815.6415027533542,660.0456312834413,125.02874396874422,606.4657134452074,394.0603304541005,752.8789908042255,1026.5216652972729,553.6155098903752,143.20214902647254,449.2941792298722,950.544657921238,961.4853225568834,549.6980175482382,643.0048425764302,801.5685632248633,972.4303353012766,289.8474077386585,715.7246219464542,531.3883952215382,1179.4171193103437,104.7239962824462,780.6389369557846,111.99345199664602
17,720.6762669165491,568.5791181797575,551.2034446676897,1062.7777312078872,865.8043975637282,1015.600072817904,480.0532482318465,511.7102879225682,856.5709381950223,884.0824581532853,169.76353898998843,414.29571977085567,425.3715066036097,95.29384915658277,108.75041216953356,455.9705534231721,946.7535780604364,0.0,398.87751955355566,532.0238356454693,386.50951362189903,567.7493160585017,116.57157215375196,709.2933539607583,504.1080893575647,638.626552048393,961.765074351414,523.6582229270134,474.3178073120511,676.0689540550803,500.4077698892145,659.9587037668341,592.5060044394721,59.10007019771152,440.6817090546963,727.5798420184831,331.0712801649309,398.7977082637328,70.56630667766854,526.635399150455,534.6837923072924,325.70725383374185,25.392353155977503,696.233831519086,420.3503553266259,119.65767948103424,777.9183238719598,600.6056391986739,536.3661311942604,418.9876600597755,870.3304048884429,712.5889449063357,384.7035938019558,238.1011061187525,488.7349315108913,538.004936111371,83.5079801501311,165.2729609414606,372.78562872845714,198.83826881013465,230.9094090114689,432.57206857697264,382.95786785209526,247.37932657622864,852.7572403273188,598.4836702631305,518.5904422450781,453.5347697007133,360.3739402052955,413.4071717154195,583.001469120866,377.57146150230017,751.5958676830517,854.9756970588716,456.78820687504174,849.8637725014402,856.3184872679604,884.0824581532853,205.4122410119756,68.6572321787632,441.55742840395976,420.7088696736328,1000.069148037714,468.3307187628386,769.95607045586,196.29520228181204,145.4150923821849,453.7763426349683,942.4498586749016,536.2339579068408,175.86759034965976,325.0335278523729,493.6860733071218,485.5905683306683,176.8105254419082,361.9510992619176,785.3943193270113,327.0301957662785,447.1746854678714,248.88714053759853,976.0077911672118,291.96921074899933,990.7475500983188
18,984.0611289397248,226.79682541143072,285.1689016940728,718.931866040824,804.9677102360536,678.1864263211934,216.5642430551749,503.2819968630691,769.8165208570967,842.2922318953752,264.84710814475363,636.9139316978217,615.3535951855823,480.8285102013142,484.0647811975904,272.98417231745674,620.0247196392226,398.87751955355566,0.0,467.1077476787322,217.92212355922595,529.0864375343278,442.53320286357456,405.4897034248541,111.1581179656136,248.7457024672903,656.0315560320947,426.0858963357725,472.0297415904647,704.5028810337064,422.5459583648988,626.8317505327516,221.390892009642,432.1014866683514,64.31270883560555,447.7852075865922,359.3911882111662,233.456054219114,365.0859692494914,375.4454723588704,536.3701848694449,160.1942831219652,412.8310898163633,516.7234093036328,69.90216443237783,465.28607325369296,394.72712946960047,323.4739893671268,233.24767180340268,625.6157418145394,537.7505675120857,395.37332794418256,27.429791291527103,632.7462153780618,632.0316935954794,379.1440130049944,367.9965359084082,528.2005506953174,214.0181529162301,596.3712461521346,376.8932542522074,306.2514863185067,108.76652220762968,639.9070802973705,667.4986601626595,350.4326285845394,322.34734781779355,309.65842376903646,385.5227134333208,42.414019760776014,314.4665042945459,386.0015528132278,492.6675960055629,658.218893077141,247.41586536090844,724.3185285263224,506.77938043056736,842.2922318953752,579.5940355243492,410.28596976994936,577.6887110404061,71.27631282619136,642.4463917605923,79.68915406007508,605.3460275624979,223.24629328923632,430.0949292175986,66.95441786757388,578.6847060025982,359.12967742347564,341.92692406837966,343.01366699676214,95.12708191298528,122.41410064962731,342.9229896086917,357.67205588221583,566.138581970751,393.97429827232565,96.32094353322488,589.0098985769515,679.0169093717423,161.18880680224763,693.5289074650065
19,1252.5854333668146,680.6928629055519,265.992270716949,686.7463473112285,352.8427012487841,635.2229628048723,280.28531632445794,72.08156909502449,331.6308487599413,383.3960284102528,552.0110937843551,377.7636260709143,330.44996088275553,536.9311859287754,637.6523120777122,728.0818364683881,560.6563513890635,532.0238356454693,467.1077476787322,0.0,659.3459236704883,63.15845302953448,459.2164007464358,361.8740374438905,467.6186998936384,641.1411657648957,541.1676292751282,48.73187826927459,884.5024995584996,244.91382956328,44.644106512138165,160.11256577987947,438.1984236095507,591.1143538491636,430.2837331123162,335.9620656559469,740.6046078154016,234.0562730990222,565.4609891981048,118.54946915845576,94.9496932541418,578.4846303434805,557.4161863069035,200.6746274849567,406.5952300946088,651.3053710863354,567.0813318303568,283.92998663641856,698.5030333777066,354.0239936940829,511.8758556313695,385.06617811629593,441.12801655428245,721.4413507387276,285.00750701061304,836.851430031264,579.1882345598419,694.1800149798113,650.3040863168497,638.4318583435298,692.6130444695132,747.7182354700718,563.2153779858033,735.563438242699,336.0244874325712,817.4976342172673,180.49336791192215,757.4500756278071,773.5713906132974,431.6587023975905,781.0190539183733,154.83758012931534,322.57002429145587,344.49855572620305,706.5301476556675,317.84220001438734,534.0685653619005,383.3960284102528,560.4983149113475,593.9585141366312,255.471327115893,538.3591105012606,662.4656110033907,527.9438892755791,250.51906884963608,398.6500821102613,662.456906632691,445.3050702437674,630.6132904785231,149.69955329955738,631.0140337391929,726.0203121182548,491.732181980457,580.6935469801807,355.2385662692452,755.3656385696843,303.04587287975585,210.72506423306316,396.8084322801715,779.4598281063131,541.4224011174922,553.5504241638134,554.1901845806688
20,806.4766340845075,214.91557527694656,502.9184573466637,909.3982837394198,1007.5260354002418,873.0594968313244,432.4585370156104,682.4538939974129,976.5094865149916,1041.6642906975658,217.05488827302855,740.6440205702405,732.0786188440834,481.7636238026432,427.37652063173937,76.29223109071962,821.0963993574935,386.50951362189903,217.92212355922595,659.3459236704883,0.0,718.1324303070862,477.94335731697583,618.8752018547032,302.1002086421981,329.4050154746555,863.3678941609828,623.7629918932025,255.91087885545687,882.8653762052774,615.0900726914457,818.7558087175901,419.18512891219456,389.56570209748014,279.818820184679,663.8343439324698,169.8467724201419,429.0112665263184,323.7247250841887,581.7593359582768,714.7088786798676,83.98523391845063,387.1895985816877,731.8069779683769,287.5301904132937,393.8078621374248,564.3483774437482,541.2332367143109,164.89315151261044,735.8143167118302,738.695432026317,606.0945790998685,235.79316025215448,578.2113122342447,768.5246256868189,181.4883403082528,317.3389498104159,451.8919056612484,13.783624396957595,573.8744342093803,239.07778267851344,89.80203173778968,109.44557985172618,580.3204938750125,884.5480924845127,212.71707141441453,533.9453195293403,98.1443320541012,186.2724540982496,260.31419239842734,196.89309341478872,548.3499940001647,709.9427414299587,875.761238384927,70.39928105368384,936.216250326526,700.4184252546653,1041.6642906975658,591.78504277929,360.0660177204612,713.5119343879553,162.14982158581338,826.1013654638176,214.7541119424436,820.2098963945232,305.605827744626,338.5526525037395,276.3877585148947,759.7132777177387,569.3654702029087,242.0111253250272,155.6246290177656,271.4522879301974,185.7957998064004,428.1388039411844,155.30526855303006,784.0051817651029,535.979150721984,313.98272813539586,485.1530042114704,888.238203517253,117.10924378773566,902.46317090992
