,0,1,2,3,4,5,6,7,8,9,10,11,12,13,14,15,16,17,18,19,20,21,22,23,24,25,26,27,28,29,30,31,32,33,34,35,36,37,38,39,40,41,42,43,44,45,46,47,48,49,50,51,52,53,54,55,56,57,58,59,60,61,62,63,64,65,66,67,68,69,70,71,72,73,74,75,76,77,78,79,80,81,82,83,84,85,86,87,88,89,90,91,92,93,94,95,96,97,98,99,100,101,102
0,0.0,1489.3,1965.1,620.0,784.5,1015.4,1296.5,1902.2,1319.4,711.9,740.1,1220.8,912.4,1853.6,1235.7,1773.4,1910.2,1480.7,932.6,1357.4,1635.2,1178.8,901.8,1221.3,2076.9,938.4,1983.2,1574.9,1993.9,580.0,818.8,1198.2,1588.3,2087.1,1545.3,1596.5,1934.1,1173.7,2086.2,1633.8,1347.2,1541.3,1086.0,1708.9,1188.0,919.6,944.9,1097.2,1211.8,1725.3,923.6,1458.4,1993.9,1133.9,693.8,1515.6,908.7,1600.8,944.5,1745.6,1674.3,763.1,1575.1,1411.6,1197.7,1499.5,2111.2,1184.5,1177.5,1415.0,1194.7,904.0,1882.3,1193.0,1549.1,1674.3,1184.6,2095.9,1170.3,1091.2,948.2,2076.9,1972.0,1808.5,997.5,1188.1,779.9,1938.2,1484.9,1246.3,1473.5,2082.7,1898.3,1147.5,1363.4,1268.9,1962.9,1338.0,912.8,1588.3,919.0,999.1,2085.4
1,1489.3,0.0,475.8,1082.5,1179.2,846.0,1032.7,971.0,301.4,908.9,749.2,590.3,1107.0,364.3,887.7,1028.1,591.2,174.5,688.1,177.3,694.0,742.8,686.6,1130.7,587.6,868.3,493.9,393.4,504.6,984.8,1069.7,815.0,367.9,597.8,324.9,732.7,939.1,748.0,596.9,337.1,530.3,527.5,995.5,312.2,380.5,1398.8,733.6,1155.2,355.0,979.9,839.4,30.9,504.6,580.8,1194.7,151.0,999.5,728.4,1139.1,426.6,928.9,1324.9,393.3,1009.6,609.0,10.2,621.9,917.9,744.2,74.3,524.2,859.0,392.9,809.9,328.7,345.5,737.1,606.6,787.2,601.3,1142.8,587.6,482.7,319.2,1254.9,331.3,840.9,448.9,91.1,1082.9,253.0,593.4,1152.9,567.2,262.1,882.3,888.9,1247.4,707.9,367.8,1009.8,862.4,596.1
2,1965.1,475.8,0.0,1458.4,1550.2,1217.0,1252.0,751.8,677.2,1284.7,1225.0,966.1,1478.0,132.3,1253.3,859.2,761.4,550.3,1064.0,653.1,913.3,1108.4,1113.3,1501.7,465.7,1244.2,18.1,769.3,97.2,1416.6,1440.7,1141.2,743.7,194.2,700.7,952.0,719.9,1113.5,273.9,556.4,891.8,746.9,1366.5,531.5,856.3,1694.9,1109.5,1526.2,830.8,907.4,1215.2,506.8,97.2,956.7,1565.7,526.8,1375.3,947.7,1510.1,657.9,979.7,1695.9,769.1,1228.9,984.8,465.6,322.7,1283.5,1109.7,550.1,900.0,1234.9,127.0,1175.4,704.5,564.8,1102.6,203.1,1152.7,977.2,1513.8,465.7,295.2,309.0,1551.0,807.1,1216.8,211.2,566.9,1302.3,628.9,189.8,967.6,943.0,637.9,1182.1,669.8,1477.4,1083.8,743.7,1385.7,1233.3,376.9
3,620.0,1082.5,1458.4,0.0,548.9,716.7,1060.8,1635.9,781.2,173.6,468.4,883.9,676.8,1346.9,937.0,1507.1,1526.7,942.5,394.4,1011.6,1338.4,880.1,565.5,922.5,1570.1,586.6,1476.5,1073.3,1487.2,232.8,583.1,899.4,1050.1,1580.4,1007.1,1322.5,1667.8,875.0,1579.5,1319.7,1020.9,1225.1,787.3,1294.8,916.2,684.0,406.7,861.6,940.1,1458.9,385.4,1074.9,1487.2,595.6,458.1,977.4,514.9,1326.8,708.8,1362.1,1408.0,527.5,1073.1,1175.9,748.8,1072.3,1604.5,885.7,878.7,1031.5,656.5,365.7,1375.5,894.3,1010.9,1328.1,885.8,1589.2,871.6,552.9,712.6,1570.1,1465.3,1301.8,761.8,916.3,241.6,1431.5,1101.4,1010.6,935.3,1576.0,1632.0,609.3,825.1,970.2,1696.6,1039.2,374.6,1050.0,525.2,700.3,1578.6
4,784.5,1179.2,1550.2,548.9,0.0,351.3,754.3,1270.5,937.0,619.9,956.6,593.5,203.1,1438.7,571.6,1141.8,1678.0,1039.2,623.8,1162.9,995.9,514.7,794.9,527.1,1661.9,367.8,1568.3,947.6,1579.0,751.8,109.5,534.1,977.7,1672.2,1020.3,957.2,1302.4,509.6,1671.3,1006.5,720.0,914.0,391.9,1081.6,1180.2,377.4,636.1,551.6,1204.0,1093.6,479.5,1210.2,1579.0,719.2,90.8,1074.0,338.1,961.5,235.2,1513.5,1042.6,221.0,947.8,869.4,580.5,1169.0,1689.0,520.4,513.4,1182.8,778.9,459.8,1467.3,528.9,1016.9,1047.1,520.5,1681.0,506.2,707.9,238.9,1661.9,1557.1,1393.6,455.3,1180.3,551.9,1523.3,1252.7,704.1,954.0,1667.8,1266.6,732.8,981.0,604.8,1331.2,643.8,604.0,977.8,348.5,335.0,1624.1
5,1015.4,846.0,1217.0,716.7,351.3,0.0,559.6,919.2,603.8,631.6,700.4,260.3,279.2,1105.5,220.3,790.4,1344.8,706.0,425.6,829.7,644.5,163.4,538.8,302.8,1328.7,218.7,1235.1,614.4,1245.8,763.5,241.9,182.7,644.5,1338.9,687.1,605.8,951.1,158.3,1338.1,673.3,386.7,580.8,167.6,748.4,924.0,570.9,471.1,327.3,930.8,742.3,430.2,876.9,1245.8,386.0,366.8,740.8,349.8,610.1,311.2,1180.3,691.3,497.0,614.6,674.7,247.3,835.8,1337.6,169.0,162.1,849.6,445.7,449.9,1134.1,177.6,683.7,713.8,169.1,1347.8,154.9,374.7,314.9,1328.7,1223.9,1060.4,427.1,907.0,563.6,1190.0,919.5,568.1,620.8,1334.5,915.3,399.6,647.7,253.5,979.9,419.6,445.5,644.6,360.1,16.4,1272.8
6,1296.5,1032.7,1252.0,1060.8,754.3,559.6,0.0,605.7,969.2,1100.3,1166.6,800.5,711.6,1140.6,776.6,476.9,1493.1,911.3,891.8,1035.0,338.7,684.6,1004.9,334.4,1227.8,684.8,1270.1,749.0,1280.8,1232.2,674.3,612.3,779.1,1141.9,821.7,300.0,637.6,679.4,1073.0,708.4,707.5,546.1,391.9,783.5,1238.1,442.8,937.3,297.7,1212.7,428.8,896.4,1063.6,1280.8,927.4,663.6,946.1,818.6,304.3,743.7,1328.5,377.8,533.4,749.2,115.1,788.7,1022.5,1024.2,728.6,683.2,1054.9,987.2,916.1,1169.2,698.7,818.3,748.9,690.3,1205.5,676.0,916.2,747.4,1227.8,1138.2,1095.4,299.0,1188.9,1032.4,1210.3,1123.8,50.2,798.2,1269.4,601.8,941.0,929.9,571.8,666.4,225.4,911.6,779.1,828.9,543.2,959.3
7,1902.2,971.0,751.8,1635.9,1270.5,919.2,605.7,0.0,1093.4,1550.7,1619.6,924.6,1198.3,737.6,900.7,378.5,939.1,1035.4,1344.8,1148.3,462.8,808.7,1457.9,940.1,643.4,1137.8,769.9,873.1,700.7,1682.6,1161.0,736.4,903.2,557.6,945.8,424.1,31.9,803.5,488.7,832.5,831.7,670.2,997.6,907.6,1351.4,1048.5,1390.3,903.4,1326.0,330.3,1349.4,1001.9,700.7,1220.1,1269.2,1022.0,1269.0,428.4,1230.4,1056.4,227.9,1139.0,873.3,582.5,1048.1,960.7,439.8,930.9,807.3,1045.3,1166.9,1369.1,810.3,822.8,942.4,873.0,814.4,621.2,800.1,1237.2,1234.1,643.4,553.9,795.4,904.7,1302.2,1482.8,626.0,1062.1,655.9,922.4,685.0,215.8,1206.5,1054.0,696.0,371.5,831.0,1364.6,903.3,1279.3,935.5,374.9
8,1319.4,301.4,677.2,781.2,937.0,603.8,969.2,1093.4,0.0,607.5,597.7,348.1,864.8,565.8,645.5,964.6,745.5,161.3,386.8,230.4,630.5,500.6,436.0,888.5,789.0,626.1,695.3,311.4,706.0,739.4,827.5,572.8,285.8,799.2,242.8,669.2,1125.2,505.8,798.3,538.5,288.1,517.3,753.3,513.6,376.1,1156.6,432.2,913.0,350.6,916.4,538.0,293.7,706.0,279.4,952.5,196.2,719.2,664.9,896.9,581.0,865.5,1082.7,311.2,946.1,366.8,291.2,823.3,675.7,502.0,250.3,222.8,557.7,594.4,567.6,246.6,546.9,494.9,808.0,545.0,300.0,900.6,789.0,684.1,520.6,1012.7,326.9,539.6,650.3,320.2,1019.5,171.0,794.8,1089.5,265.8,44.0,640.5,1090.4,1005.2,406.6,285.8,729.5,620.2,797.5
9,711.9,908.9,1284.7,173.6,619.9,631.6,1097.7,1550.7,607.5,0.0,367.5,710.3,650.7,1173.3,851.9,1422.0,1353.0,768.9,220.8,837.9,1164.8,795.0,391.9,841.0,1396.5,412.9,1302.9,899.6,1313.5,131.9,557.1,814.3,876.4,1406.7,833.4,1203.4,1582.6,789.8,1405.8,1146.0,847.2,1051.5,705.8,1121.1,777.1,857.6,233.0,865.5,800.9,1373.8,211.7,901.2,1313.5,422.0,631.8,803.7,341.2,1199.2,682.8,1188.5,1322.9,701.1,899.4,1212.8,575.1,898.7,1430.8,800.6,793.6,857.8,482.8,192.1,1201.9,809.1,837.2,1154.4,793.6,1415.5,786.4,379.3,686.5,1396.5,1291.7,1128.1,935.5,777.2,68.0,1257.8,927.7,1106.2,761.6,1402.3,1546.9,435.6,651.5,885.1,1611.4,957.7,200.9,876.4,351.6,615.2,1405.0
10,740.1,749.2,1225.0,468.4,956.6,700.4,1166.6,1619.6,597.7,367.5,0.0,749.1,886.2,1113.5,920.7,1490.8,1170.0,759.0,332.7,617.3,1223.6,863.7,161.6,909.9,1336.8,625.5,1243.1,906.6,1253.8,235.6,848.9,883.1,883.5,1347.0,840.5,1262.2,1651.5,858.7,1346.1,1086.3,859.3,1110.3,774.6,1061.4,447.9,1152.3,378.2,934.3,471.7,1442.6,484.0,718.3,1253.8,459.6,926.5,793.9,677.9,1257.9,918.2,1005.5,1391.7,995.9,906.4,1281.7,629.4,759.4,1371.1,869.4,865.1,674.9,506.8,503.7,1142.1,878.0,844.3,1094.7,858.0,1355.8,855.3,416.9,922.0,1336.8,1231.9,1068.4,1034.1,448.0,435.5,1198.1,744.8,1175.1,768.7,1342.6,1615.7,471.9,641.6,953.9,1638.1,1026.6,352.6,883.4,688.3,684.0,1345.3
11,1220.8,590.3,966.1,883.9,593.5,260.3,800.5,924.6,348.1,710.3,749.1,0.0,521.4,854.6,297.5,795.9,1089.1,450.2,494.0,574.0,474.4,152.5,587.5,545.0,1077.9,318.1,984.2,376.3,994.9,842.2,484.0,224.8,406.4,1088.1,436.8,513.1,956.5,157.7,1087.2,453.7,148.7,361.2,409.8,528.8,700.5,813.1,539.4,569.5,675.0,747.7,498.6,621.2,994.9,295.5,609.0,485.1,449.3,508.8,553.4,924.5,696.7,739.2,376.5,777.4,135.1,580.0,1112.2,327.7,153.9,593.9,242.3,518.2,883.2,219.6,440.6,494.2,146.8,1096.9,196.9,338.2,557.1,1077.9,973.0,809.5,669.3,651.3,642.3,939.2,663.8,810.3,365.0,1083.7,920.8,281.8,392.0,295.5,985.3,661.8,513.8,406.5,459.6,276.7,1086.4
12,912.4,1107.0,1478.0,676.8,203.1,279.2,711.6,1198.3,864.8,650.7,886.2,521.4,0.0,1366.5,499.5,1069.6,1605.8,967.0,611.4,1090.7,923.7,442.6,724.5,454.9,1589.8,398.6,1496.1,875.4,1506.8,782.6,93.7,461.9,905.5,1600.0,948.1,885.0,1230.2,437.4,1599.1,934.3,647.8,841.8,319.7,1009.5,1109.8,505.3,656.9,479.4,1133.6,1021.4,510.3,1138.0,1506.8,647.0,218.6,1001.9,369.0,889.3,32.0,1441.3,970.4,348.8,875.6,826.7,508.3,1096.8,1616.8,448.2,441.2,1110.7,706.8,490.7,1395.1,456.7,944.8,974.9,448.3,1608.8,434.0,635.8,53.0,1589.8,1484.9,1321.4,579.1,1109.9,582.8,1451.1,1180.6,720.1,881.8,1595.6,1194.5,660.6,908.8,532.6,1259.0,571.6,631.2,905.6,379.3,262.8,1551.9
13,1853.6,364.3,132.3,1346.9,1438.7,1105.5,1140.6,737.6,565.8,1173.3,1113.5,854.6,1366.5,0.0,1141.8,845.0,649.8,438.9,952.5,541.7,801.9,996.9,1001.8,1390.2,354.2,1132.7,150.4,657.8,161.1,1305.2,1329.2,1029.7,632.3,258.1,589.2,840.5,705.7,1002.1,337.7,445.0,780.3,635.4,1255.0,420.1,744.8,1583.4,998.0,1414.7,719.4,893.2,1103.8,395.3,161.1,845.2,1454.2,415.4,1263.8,836.2,1398.6,537.7,965.5,1584.4,657.6,1117.4,873.3,354.1,386.6,1172.0,998.3,438.7,788.6,1123.4,121.6,1063.9,593.0,453.3,991.2,266.9,1041.3,865.7,1402.3,354.2,249.3,188.8,1439.6,695.6,1105.3,215.5,455.4,1190.8,517.4,253.7,953.3,831.6,526.4,1070.6,655.5,1365.9,972.3,632.2,1274.2,1121.9,362.7
14,1235.7,887.7,1253.3,937.0,571.6,220.3,776.6,900.7,645.5,851.9,920.7,297.5,499.5,1141.8,0.0,771.9,1386.5,747.7,645.9,871.4,626.0,144.9,759.1,523.1,1365.0,439.0,1271.4,651.2,1282.1,983.8,462.2,164.3,681.3,1375.2,723.9,587.3,932.6,139.8,1368.0,709.6,423.6,617.1,387.9,784.7,997.9,791.2,691.4,547.6,972.5,723.8,650.5,918.7,1282.1,564.3,587.1,782.5,570.1,591.6,531.5,1222.0,672.8,717.3,651.4,753.4,420.9,877.5,1319.2,51.3,143.6,891.4,539.7,670.2,1170.4,77.9,720.6,750.2,150.6,1384.1,100.6,553.1,535.2,1365.0,1260.2,1096.7,647.4,948.7,783.9,1226.3,961.3,788.4,662.5,1370.9,896.8,577.9,689.5,235.0,961.4,639.9,665.8,681.4,580.5,236.7,1254.3
15,1773.4,1028.1,859.2,1507.1,1141.8,790.4,476.9,378.5,964.6,1422.0,1490.8,795.9,1069.6,845.0,771.9,0.0,1046.5,906.6,1216.1,1030.4,334.1,679.9,1329.2,811.4,750.8,1009.1,877.3,744.3,808.1,1553.9,1032.3,607.7,774.4,665.0,817.0,295.4,410.4,674.8,596.1,703.7,702.9,541.5,868.9,778.8,1233.5,919.8,1261.6,774.7,1208.0,48.2,1220.7,1059.0,808.1,1091.4,1140.5,941.5,1140.2,299.7,1101.6,1163.8,150.6,1010.3,744.5,453.8,919.3,1017.9,547.2,802.1,678.6,1050.3,1038.2,1240.3,917.8,694.1,813.7,744.3,685.7,728.6,671.4,1108.5,1105.4,750.8,661.3,902.8,776.0,1184.3,1354.0,733.4,1119.2,527.2,793.6,792.5,374.6,1077.7,925.3,567.2,189.4,702.3,1235.9,774.5,1150.6,806.8,482.3
16,1910.2,591.2,761.4,1526.7,1678.0,1344.8,1493.1,939.1,745.5,1353.0,1170.0,1089.1,1605.8,649.8,1386.5,1046.5,0.0,737.8,1132.2,571.9,1154.3,1241.6,1107.4,1629.5,295.6,1367.1,779.5,892.3,710.3,1405.7,1568.5,1313.8,866.7,671.7,823.7,1193.0,907.2,1246.8,638.9,797.4,1029.1,987.9,1494.3,772.6,801.3,1897.6,1177.7,1654.0,775.9,1094.7,1283.5,565.9,710.3,1024.9,1693.5,742.2,1464.7,1188.7,1637.9,164.5,1167.0,1823.7,892.1,1469.9,1107.8,601.4,590.0,1416.7,1243.0,575.6,968.3,1303.2,739.6,1308.7,827.5,805.8,1235.9,707.9,1286.0,1045.5,1641.6,295.6,466.1,607.4,1753.7,752.1,1285.0,550.1,505.7,1543.3,751.8,694.6,1154.8,1011.3,706.2,1381.1,857.0,1718.4,1152.1,866.6,1475.0,1361.2,564.2
17,1480.7,174.5,550.3,942.5,1039.2,706.0,911.3,1035.4,161.3,768.9,759.0,450.2,967.0,438.9,747.7,906.6,737.8,0.0,548.1,222.7,572.6,602.8,597.4,990.7,662.1,728.3,568.5,253.4,579.1,900.7,929.7,675.0,227.9,672.3,184.8,611.2,1013.6,607.9,671.4,411.6,390.3,459.3,855.5,386.7,425.9,1258.7,593.6,1015.1,400.4,858.4,699.4,205.4,579.1,440.8,1054.7,69.3,859.4,606.9,999.0,573.3,807.5,1184.9,253.2,888.1,468.9,164.3,696.4,777.9,604.1,242.7,384.2,719.0,467.5,669.8,188.6,420.0,597.1,681.1,647.1,461.3,1002.8,662.1,557.3,393.7,1114.9,376.6,700.9,523.4,265.6,961.5,113.0,667.9,1031.5,427.1,122.0,742.3,963.5,1107.4,567.9,227.8,869.8,722.3,670.6
18,932.6,688.1,1064.0,394.4,623.8,425.6,891.8,1344.8,386.8,220.8,332.7,494.0,611.4,952.5,645.9,1216.1,1132.2,548.1,0.0,617.1,956.7,589.1,171.1,635.1,1175.7,350.7,1082.1,678.9,1092.8,352.6,561.0,608.4,655.7,1185.9,612.7,995.4,1376.7,583.9,1185.1,925.3,630.9,843.4,499.9,900.4,556.3,903.2,45.5,659.6,580.2,1167.9,209.3,680.5,1092.8,201.2,639.3,582.9,345.2,991.1,643.5,967.7,1116.9,769.5,678.7,1006.9,358.8,677.9,1210.1,594.7,587.7,637.1,262.1,196.0,981.1,603.2,616.5,933.7,587.2,1194.8,580.5,158.5,647.2,1175.7,1070.9,907.4,759.3,556.4,152.8,1037.0,707.0,900.3,540.8,1181.6,1341.0,214.9,430.7,679.1,1405.5,751.8,19.8,655.6,355.5,409.3,1184.2
19,1357.4,177.3,653.1,1011.6,1162.9,829.7,1035.0,1148.3,230.4,837.9,617.3,574.0,1090.7,541.7,871.4,1030.4,571.9,222.7,617.1,0.0,696.3,726.5,554.6,1114.4,764.9,852.0,671.3,377.1,681.9,852.9,1053.4,798.7,351.6,775.1,308.6,735.0,1116.4,731.7,774.2,514.4,514.0,583.0,979.2,489.5,248.5,1382.5,662.6,1138.9,223.1,982.2,768.4,146.4,681.9,509.8,1178.4,257.6,949.6,730.7,1122.8,407.4,931.2,1308.6,376.9,1011.8,592.7,187.6,799.2,901.6,727.9,103.0,453.2,788.1,570.3,793.5,312.3,522.8,720.8,783.9,770.9,530.3,1126.5,764.9,660.1,496.5,1238.6,199.3,769.9,626.2,172.9,1085.2,236.7,770.7,1155.2,496.2,191.1,866.0,1066.3,1231.1,637.0,351.5,959.9,846.1,773.4
20,1635.2,694.0,913.3,1338.4,995.9,644.5,338.7,462.8,630.5,1164.8,1223.6,474.4,923.7,801.9,626.0,334.1,1154.3,572.6,956.7,696.3,0.0,534.0,1061.9,673.1,1025.1,751.9,931.4,410.3,942.1,1296.7,886.4,461.8,440.4,999.0,483.0,38.7,494.7,528.8,930.2,369.7,368.8,207.4,730.6,444.8,899.4,781.5,1002.2,636.4,874.0,285.9,961.3,724.9,942.1,769.9,1002.3,607.4,883.0,34.4,955.7,989.8,234.9,872.1,410.5,315.6,597.9,683.8,881.3,656.2,532.6,716.2,716.7,980.9,830.5,548.1,479.6,410.2,539.7,1044.1,525.5,810.9,959.5,1025.1,920.2,756.7,637.7,850.2,1096.8,886.4,785.1,388.9,459.5,1030.9,458.9,756.3,591.2,421.3,523.5,564.1,976.5,440.4,893.4,660.9,816.4
21,1178.8,742.8,1108.4,880.1,514.7,163.4,684.6,808.7,500.6,795.0,863.7,152.5,442.6,996.9,144.9,679.9,1241.6,602.8,589.1,726.5,534.0,0.0,702.1,466.3,1220.1,382.1,1126.5,506.3,1137.2,926.9,405.3,72.2,536.4,1230.3,579.0,495.3,840.6,5.2,1229.5,564.7,278.6,472.2,331.0,639.8,853.0,734.3,634.5,490.7,827.6,631.7,593.6,773.8,1137.2,448.0,530.2,637.6,513.2,499.6,474.6,1077.1,580.8,660.4,506.5,661.4,276.0,732.6,1227.1,175.1,1.4,746.4,394.8,613.3,1025.5,67.0,575.6,605.2,5.7,1239.2,44.4,463.7,478.4,1220.1,1115.3,951.8,590.5,803.8,727.0,1081.4,816.3,731.5,517.6,1225.9,804.8,434.4,544.6,143.0,869.4,583.0,608.9,536.5,523.6,179.8,1162.2
22,901.8,686.6,1113.3,565.5,794.9,538.8,1004.9,1457.9,436.0,391.9,161.6,587.5,724.5,1001.8,759.1,1329.2,1107.4,597.4,171.1,554.6,1061.9,702.1,0.0,748.2,1225.0,463.8,1131.4,745.0,1142.1,397.3,687.2,721.5,721.9,1235.2,678.8,1100.6,1489.8,697.0,1234.4,974.6,697.6,948.6,613.0,949.7,385.2,1016.3,216.6,772.7,409.1,1281.0,322.4,655.6,1142.1,297.9,810.4,632.2,516.3,1096.3,756.6,942.9,1230.1,940.6,744.8,1120.0,467.8,696.8,1259.3,707.8,703.4,612.2,345.2,342.0,1030.4,716.3,682.6,983.0,696.4,1244.1,693.6,255.2,760.3,1225.0,1120.2,956.7,872.4,385.3,323.9,1086.3,682.1,1013.4,607.0,1230.8,1454.1,310.3,480.0,792.2,1518.6,864.9,190.9,721.8,526.6,522.4,1233.5
23,1221.3,1130.7,1501.7,922.5,527.1,302.8,334.4,940.1,888.5,843.6,909.9,545.0,454.9,1390.2,523.1,811.4,1629.5,990.7,635.1,1114.4,673.1,466.3,748.2,0.0,1562.2,428.1,1519.8,899.1,1530.5,975.5,417.6,485.6,929.2,1476.3,971.8,634.5,972.0,461.1,1407.5,958.0,671.5,865.5,135.2,1033.1,1133.5,384.7,680.6,141.1,1157.3,763.2,639.7,1161.7,1530.5,670.7,542.6,1025.5,561.9,638.8,487.0,1465.0,712.2,475.2,899.3,449.5,532.0,1120.5,1358.6,471.9,464.9,1134.4,730.4,659.4,1418.8,480.4,968.5,998.6,472.0,1540.0,457.7,659.5,490.7,1562.2,1472.7,1345.1,240.9,1133.5,775.7,1474.8,1204.3,342.9,905.5,1603.8,936.2,684.3,932.5,556.3,1000.8,194.4,654.9,929.3,572.2,286.5,1293.7
24,2076.9,587.6,465.7,1570.1,1661.9,1328.7,1227.8,643.4,789.0,1396.5,1336.8,1077.9,1589.8,354.2,1365.0,750.8,295.6,662.1,1175.7,764.9,1025.1,1220.1,1225.0,1562.2,0.0,1355.9,483.8,881.1,414.6,1528.4,1552.5,1252.9,855.5,376.0,812.5,1046.2,611.5,1225.3,343.2,668.2,1003.5,858.6,1478.2,643.3,968.0,1670.6,1221.2,1525.5,942.6,799.0,1327.0,618.5,414.6,1068.4,1677.4,638.6,1487.1,1050.5,1621.8,412.9,871.3,1761.1,880.9,1204.6,1096.6,577.3,294.3,1395.2,1221.5,661.9,1011.8,1346.7,475.8,1287.2,816.3,676.6,1214.4,412.2,1264.5,1088.9,1625.6,0.0,170.5,412.0,1526.8,918.8,1328.5,254.5,678.6,1278.0,740.7,399.0,859.2,1054.8,749.7,1293.8,561.4,1453.1,1195.6,855.4,1497.4,1345.1,268.5
25,938.4,868.3,1244.2,586.6,367.8,218.7,684.8,1137.8,626.1,412.9,625.5,318.1,398.6,1132.7,439.0,1009.1,1367.1,728.3,350.7,852.0,751.9,382.1,463.8,428.1,1355.9,0.0,1262.3,672.2,1273.0,544.8,305.0,401.4,702.3,1366.1,714.9,790.5,1169.7,376.9,1365.3,731.1,444.5,638.6,292.9,806.2,849.1,670.0,396.2,452.6,872.9,960.9,272.5,899.3,1273.0,385.3,383.3,763.1,131.1,786.2,430.7,1202.6,910.0,513.5,672.4,799.9,259.4,858.1,1390.3,387.7,380.7,872.0,445.2,252.9,1161.3,396.2,718.7,771.7,380.7,1375.0,373.5,374.0,434.4,1355.9,1251.1,1087.6,552.3,849.1,344.9,1217.2,941.9,693.3,643.1,1361.8,1134.0,398.9,670.1,472.2,1198.5,544.8,370.5,702.4,141.5,202.3,1364.4
26,1983.2,493.9,18.1,1476.5,1568.3,1235.1,1270.1,769.9,695.3,1302.9,1243.1,984.2,1496.1,150.4,1271.4,877.3,779.5,568.5,1082.1,671.3,931.4,1126.5,1131.4,1519.8,483.8,1262.3,0.0,787.4,115.3,1434.7,1458.8,1159.3,761.9,212.3,718.8,970.1,738.0,1131.6,292.0,574.5,909.9,765.0,1384.6,549.7,874.4,1713.0,1127.6,1544.3,848.9,925.5,1233.4,524.9,115.3,974.8,1583.8,544.9,1393.4,965.8,1528.2,676.0,997.8,1714.0,787.2,1247.0,1002.9,483.7,340.8,1301.6,1127.8,568.2,918.2,1253.0,145.1,1193.5,722.6,582.9,1120.8,221.2,1170.8,995.3,1531.9,483.8,313.4,327.2,1569.1,825.2,1234.9,229.4,585.0,1320.4,647.0,207.9,985.7,961.1,656.0,1200.2,687.9,1495.5,1101.9,761.8,1403.8,1251.5,395.0
27,1574.9,393.4,769.3,1073.3,947.6,614.4,749.0,873.1,311.4,899.6,906.6,376.3,875.4,657.8,651.2,744.3,892.3,253.4,678.9,377.1,410.3,506.3,745.0,899.1,881.1,672.2,787.4,0.0,798.1,1031.5,838.1,539.1,30.1,891.3,73.1,448.9,905.0,511.5,890.4,389.5,231.0,297.0,763.9,464.6,580.3,1167.2,724.3,923.6,554.8,696.1,830.1,424.4,798.1,570.2,963.1,288.3,803.3,444.6,907.5,727.7,645.2,1093.3,0.2,725.8,499.7,383.2,915.4,681.4,507.7,397.1,513.6,849.8,686.4,573.3,69.3,430.0,500.6,900.1,550.7,590.7,911.2,881.1,776.2,612.7,1023.3,531.1,831.6,742.4,467.0,799.2,140.4,886.9,869.2,556.6,272.1,580.0,933.8,974.3,698.7,30.2,813.7,630.8,889.6
28,1993.9,504.6,97.2,1487.2,1579.0,1245.8,1280.8,700.7,706.0,1313.5,1253.8,994.9,1506.8,161.1,1282.1,808.1,710.3,579.1,1092.8,681.9,942.1,1137.2,1142.1,1530.5,414.6,1273.0,115.3,798.1,0.0,1445.4,1469.5,1170.0,772.5,143.1,729.5,980.8,668.8,1142.3,222.8,585.2,920.5,775.6,1395.3,560.3,885.1,1723.7,1138.3,1555.0,859.6,856.3,1244.0,535.5,0.0,985.5,1594.5,555.6,1404.1,976.5,1538.8,686.7,928.6,1724.7,797.9,1257.7,1013.6,494.4,271.6,1312.3,1138.5,578.9,928.8,1263.7,155.8,1204.2,733.3,593.6,1131.4,152.0,1181.5,1006.0,1542.6,414.6,244.1,337.8,1579.8,835.9,1245.6,160.2,595.7,1331.1,657.7,138.7,916.5,971.8,666.7,1210.8,618.7,1506.2,1112.6,772.5,1414.5,1262.1,325.8
29,580.0,984.8,1416.6,232.8,751.8,763.5,1229.6,1682.6,739.4,131.9,235.6,842.2,782.6,1305.2,983.8,1553.9,1405.7,900.7,352.6,852.9,1296.7,926.9,397.3,972.9,1528.4,544.8,1434.7,1031.5,1445.4,0.0,688.9,946.2,1008.3,1538.6,965.3,1335.3,1714.5,921.7,1537.7,1277.9,979.1,1183.4,837.7,1253.0,683.5,916.7,364.9,997.4,707.3,1505.7,343.6,953.9,1445.4,553.9,690.9,935.6,473.1,1331.0,814.6,1241.1,1454.7,760.3,1031.3,1344.7,707.0,995.0,1562.7,932.5,925.5,910.5,614.7,324.0,1333.8,941.0,969.1,1286.3,925.5,1547.4,918.3,511.2,818.4,1528.4,1423.5,1260.0,994.6,683.6,199.8,1389.7,980.4,1238.1,893.5,1534.2,1678.8,567.5,783.4,1016.9,1743.3,1089.6,332.8,1008.3,483.5,747.1,1536.9
30,818.8,1069.7,1440.7,583.1,109.5,241.9,674.3,1161.0,827.5,557.1,848.9,484.0,93.7,1329.2,462.2,1032.3,1568.5,929.7,561.0,1053.4,886.4,405.3,687.2,417.6,1552.5,305.0,1458.8,838.1,1469.5,688.9,0.0,424.6,868.2,1562.7,910.8,847.7,1192.9,400.1,1561.8,897.0,610.5,804.5,282.4,972.1,1072.5,411.6,573.3,442.1,1096.3,984.1,416.7,1100.7,1469.5,609.7,125.0,964.5,275.3,852.0,125.7,1404.0,933.1,255.2,838.3,789.4,471.0,1059.5,1579.5,410.9,403.9,1073.4,669.5,397.0,1357.8,419.4,907.5,937.6,411.0,1571.5,396.7,598.5,129.4,1552.5,1447.6,1284.1,489.5,1072.6,489.1,1413.8,1143.3,682.8,844.5,1558.3,1157.2,623.3,871.5,495.3,1221.7,534.3,541.2,868.3,285.6,225.5,1514.6
31,1198.2,815.0,1141.2,899.4,534.1,182.7,612.3,736.4,572.8,814.3,883.1,224.8,461.9,1029.7,164.3,607.7,1313.8,675.0,608.4,798.7,461.8,72.2,721.5,485.6,1252.9,401.4,1159.3,539.1,1170.0,946.2,424.6,0.0,569.2,1263.1,611.8,423.1,768.3,67.1,1203.8,597.5,311.5,505.0,350.4,672.6,925.3,753.6,653.9,510.0,899.8,559.5,613.0,846.0,1170.0,520.3,549.6,709.9,532.5,427.4,493.9,1149.3,508.5,679.8,539.3,589.2,348.2,804.8,1154.9,194.4,70.9,818.7,467.0,632.6,1058.3,86.4,608.5,638.1,78.0,1272.0,63.7,515.5,497.7,1252.9,1148.1,984.6,609.8,876.1,746.4,1114.2,888.6,662.5,588.4,1258.8,732.6,506.6,616.8,70.7,797.1,602.3,628.2,569.3,542.9,199.1,1090.0
32,1588.3,367.9,743.7,1050.1,977.7,644.5,779.1,903.2,285.8,876.4,883.5,406.4,905.5,632.3,681.3,774.4,866.7,227.9,655.7,351.6,440.4,536.4,721.9,929.2,855.5,702.3,761.9,30.1,772.5,1008.3,868.2,569.2,0.0,865.7,43.0,479.0,935.1,541.6,864.8,419.6,261.1,327.1,794.0,494.7,554.7,1197.3,701.2,953.7,529.3,726.3,806.9,398.8,772.5,547.0,993.2,262.7,833.4,474.7,937.6,702.2,675.3,1123.4,29.9,755.9,498.6,357.7,889.8,711.5,537.8,371.5,490.4,826.6,660.9,603.5,39.2,460.1,530.7,874.5,580.8,567.6,941.3,855.5,750.7,587.1,1053.4,505.5,808.5,716.8,441.4,829.3,114.8,861.3,899.3,533.4,246.5,610.1,963.9,1004.4,675.5,0.1,843.8,660.9,864.0
33,2087.1,597.8,194.2,1580.4,1672.2,1338.9,1141.9,557.6,799.2,1406.7,1347.0,1088.1,1600.0,258.1,1375.2,665.0,671.7,672.3,1185.9,775.1,999.0,1230.3,1235.2,1476.3,376.0,1366.1,212.3,891.3,143.1,1538.6,1562.7,1263.1,865.7,0.0,822.7,960.4,525.7,1235.5,79.6,678.4,1013.7,868.8,1488.5,653.5,978.2,1584.7,1231.4,1439.6,952.8,713.2,1337.2,628.7,143.1,1078.6,1687.6,648.8,1497.3,964.7,1632.0,771.1,785.5,1675.3,891.1,1118.8,1106.8,587.6,128.5,1405.4,1231.7,672.1,1022.0,1356.9,252.8,1297.4,826.5,686.8,1224.6,63.6,1274.7,1099.2,1635.8,376.0,224.7,422.2,1440.9,929.0,1338.7,148.9,688.9,1192.1,750.9,127.5,773.3,1065.0,759.9,1232.2,475.5,1367.3,1205.8,865.6,1507.6,1355.3,182.7
34,1545.3,324.9,700.7,1007.1,1020.3,687.1,821.7,945.8,242.8,833.4,840.5,436.8,948.1,589.2,723.9,817.0,823.7,184.8,612.7,308.6,483.0,579.0,678.8,971.8,812.5,714.9,718.8,73.1,729.5,965.3,910.8,611.8,43.0,822.7,0.0,521.6,977.7,584.2,821.8,462.2,301.5,369.7,836.6,537.1,511.7,1239.9,658.1,996.3,486.2,768.9,763.9,355.8,729.5,504.0,1035.8,219.7,846.1,517.3,980.2,659.1,717.9,1166.0,72.9,798.5,455.6,314.6,846.8,754.1,580.4,328.5,447.4,783.6,617.8,646.1,3.8,502.7,573.3,831.5,623.4,524.5,983.9,812.5,707.6,544.1,1096.0,462.5,765.5,673.8,398.4,871.9,71.8,818.3,941.9,490.4,203.5,652.7,1006.5,1047.0,632.5,43.0,856.4,703.5,821.0
35,1596.5,732.7,952.0,1322.5,957.2,605.8,300.0,424.1,669.2,1203.4,1262.2,513.1,885.0,840.5,587.3,295.4,1193.0,611.2,995.4,735.0,38.7,495.3,1100.6,634.5,1046.2,790.5,970.1,448.9,980.8,1335.3,847.7,423.1,479.0,960.4,521.6,0.0,456.0,490.2,891.5,408.3,407.5,246.1,692.0,483.4,938.1,742.9,1040.8,597.8,912.6,247.2,999.9,763.6,980.8,808.6,963.6,646.1,921.7,4.3,917.0,1028.5,196.2,833.4,449.1,276.9,636.5,722.5,842.6,617.5,494.0,754.9,755.4,1019.6,869.1,509.5,518.3,448.9,501.1,1024.0,486.8,849.5,920.8,1046.2,956.7,795.4,599.0,888.9,1135.5,925.1,823.8,350.3,498.2,1069.6,420.3,795.0,629.9,382.6,484.8,525.4,1015.2,479.1,932.0,622.2,777.7
36,1934.1,939.1,719.9,1667.8,1302.4,951.1,637.6,31.9,1125.2,1582.6,1651.5,956.5,1230.2,705.7,932.6,410.4,907.2,1013.6,1376.7,1116.4,494.7,840.6,1489.8,972.0,611.5,1169.7,738.0,905.0,668.8,1714.5,1192.9,768.3,935.1,525.7,977.7,456.0,0.0,835.4,456.8,864.4,863.5,702.1,1029.5,939.5,1319.5,1080.4,1422.2,935.3,1294.1,362.2,1381.3,970.0,668.8,1252.0,1301.1,990.1,1300.9,460.3,1262.3,1024.5,259.8,1170.9,905.2,614.4,1079.9,928.9,407.9,962.8,839.2,1013.4,1198.8,1401.0,778.5,854.7,974.3,904.9,846.3,589.3,832.0,1269.1,1266.0,611.5,522.0,763.5,936.6,1270.3,1514.7,594.1,1030.2,687.8,954.2,653.2,247.7,1238.4,1085.9,727.8,339.6,862.9,1396.5,935.1,1311.2,967.4,343.0
37,1173.7,748.0,1113.5,875.0,509.6,158.3,679.4,803.5,505.8,789.8,858.7,157.7,437.4,1002.1,139.8,674.8,1246.8,607.9,583.9,731.7,528.8,5.2,697.0,461.1,1225.3,376.9,1131.6,511.5,1142.3,921.7,400.1,67.1,541.6,1235.5,584.2,490.2,835.4,0.0,1234.6,569.9,283.8,477.3,325.9,645.0,858.2,729.1,629.4,485.6,832.7,626.6,588.5,778.9,1142.3,453.2,525.1,642.8,508.1,494.5,469.4,1082.2,575.6,655.3,511.6,656.2,281.1,737.7,1222.0,170.0,3.8,751.6,400.0,608.1,1030.7,61.9,580.8,610.4,10.9,1244.3,39.2,468.8,473.2,1225.3,1120.4,956.9,585.3,809.0,721.9,1086.6,821.5,726.3,522.7,1231.1,799.6,439.6,549.7,137.8,864.2,577.8,603.7,541.6,518.4,174.6,1157.1
38,2086.2,596.9,273.9,1579.5,1671.3,1338.1,1073.0,488.7,798.3,1405.8,1346.1,1087.2,1599.1,337.7,1368.0,596.1,638.9,671.4,1185.1,774.2,930.2,1229.5,1234.4,1407.5,343.2,1365.3,292.0,890.4,222.8,1537.7,1561.8,1203.8,864.8,79.6,821.8,891.5,456.8,1234.6,0.0,677.5,1012.9,867.9,1465.0,652.6,977.4,1515.9,1230.6,1370.8,951.9,644.3,1336.3,627.9,222.8,1077.8,1686.8,647.9,1496.4,895.8,1631.2,756.2,716.6,1606.4,890.2,1049.9,1105.9,586.7,47.5,1398.2,1230.8,671.2,1021.1,1356.0,332.4,1290.2,825.6,685.9,1223.7,143.2,1267.5,1098.3,1634.9,343.2,193.0,421.4,1372.0,928.2,1337.9,148.0,688.0,1123.3,750.0,207.1,704.4,1064.1,759.0,1163.3,406.7,1298.4,1204.9,864.8,1506.8,1354.4,113.8
39,1633.8,337.1,556.4,1319.7,1006.5,673.3,708.4,832.5,538.5,1146.0,1086.3,453.7,934.3,445.0,709.6,703.7,797.4,411.6,925.3,514.4,369.7,564.7,974.6,958.0,668.2,731.1,574.5,389.5,585.2,1277.9,897.0,597.5,419.6,678.4,462.2,408.3,864.4,569.9,677.5,0.0,348.1,203.2,822.8,87.9,717.6,1151.2,970.8,982.5,692.1,655.5,940.5,368.0,585.2,749.2,1022.0,388.1,862.2,404.0,966.4,632.9,604.6,1152.2,389.7,685.2,577.1,326.9,702.5,739.8,566.1,411.4,695.9,960.2,473.6,631.7,458.8,87.5,559.0,687.2,609.1,790.1,970.1,668.2,563.3,399.8,1007.4,668.4,1078.1,529.5,428.2,758.6,438.8,674.0,828.6,735.5,499.2,638.4,893.2,933.7,945.1,419.7,872.6,689.7,676.7
40,1347.2,530.3,891.8,1020.9,720.0,386.7,707.5,831.7,288.1,847.2,859.3,148.7,647.8,780.3,423.6,702.9,1029.1,390.3,630.9,514.0,368.8,278.6,697.6,671.5,1003.5,444.5,909.9,231.0,920.5,979.1,610.5,311.5,261.1,1013.7,301.5,407.5,863.5,283.8,1012.9,348.1,0.0,255.6,536.2,423.2,640.6,939.5,676.4,695.9,615.1,654.7,635.5,561.3,920.5,444.2,735.4,425.2,575.7,403.2,679.8,864.6,603.8,865.6,231.2,684.4,272.1,520.1,1037.8,453.8,280.0,534.0,390.9,655.2,808.9,345.7,300.4,388.6,272.9,1022.5,323.0,485.1,683.6,1003.5,898.7,735.2,795.7,591.4,779.3,864.8,603.9,757.8,278.1,1009.3,827.8,430.5,332.1,352.3,892.3,788.2,650.7,261.2,586.0,403.1,1012.0
41,1541.3,527.5,746.9,1225.1,914.0,580.8,546.1,670.2,517.3,1051.5,1110.3,361.2,841.8,635.4,617.1,541.5,987.9,459.3,843.4,583.0,207.4,472.2,948.6,865.5,858.6,638.6,765.0,297.0,775.6,1183.4,804.5,505.0,327.1,868.8,369.7,246.1,702.1,477.3,867.9,203.2,255.6,0.0,730.3,278.3,786.1,988.9,888.9,843.8,760.7,493.3,848.0,558.5,775.6,656.7,929.5,494.1,769.7,241.8,873.9,823.3,442.3,1059.7,297.2,522.9,484.6,517.3,892.9,647.3,473.5,601.8,603.4,867.7,664.0,539.2,366.3,243.7,466.5,877.6,516.5,697.6,877.6,858.6,753.8,590.3,845.1,736.9,983.5,719.9,618.6,596.3,346.3,864.4,666.3,643.0,478.0,545.9,730.9,771.5,863.2,327.2,780.1,597.2,867.1
42,1086.0,995.5,1366.5,787.3,391.9,167.6,391.9,997.6,753.3,708.4,774.6,409.8,319.7,1255.0,387.9,868.9,1494.3,855.5,499.9,979.2,730.6,331.0,613.0,135.2,1478.2,292.9,1384.6,763.9,1395.3,840.3,282.4,350.4,794.0,1488.5,836.6,692.0,1029.5,325.9,1465.0,822.8,536.2,730.3,0.0,897.9,998.2,403.3,545.4,159.7,1022.1,820.7,504.5,1026.4,1395.3,535.5,407.4,890.3,426.6,696.2,351.7,1329.8,769.7,493.8,764.1,507.0,396.8,985.3,1416.1,336.7,329.7,999.1,595.2,524.1,1283.6,345.2,833.2,863.4,336.8,1497.3,322.5,524.2,355.5,1478.2,1373.4,1209.9,259.4,998.3,640.4,1339.5,1069.0,400.4,770.3,1484.1,993.7,549.1,797.3,421.1,1058.3,251.9,519.7,794.1,437.0,151.3,1351.2
43,1708.9,312.2,531.5,1294.8,1081.6,748.4,783.5,907.6,513.6,1121.1,1061.4,528.8,1009.5,420.1,784.7,778.8,772.6,386.7,900.4,489.5,444.8,639.8,949.7,1033.1,643.3,806.2,549.7,464.6,560.3,1253.0,972.1,672.6,494.7,653.5,537.1,483.4,939.5,645.0,652.6,87.9,423.2,278.3,897.9,0.0,692.7,1226.3,945.9,1057.6,667.2,730.7,1015.6,343.2,560.3,793.1,1097.1,363.2,937.3,479.1,1041.5,608.0,679.7,1227.3,464.8,760.3,652.2,302.0,677.6,814.9,641.2,386.5,736.4,1035.3,448.7,706.8,533.9,96.3,634.1,662.3,684.2,813.6,1045.2,643.3,538.5,374.9,1082.5,643.5,1053.2,504.6,403.3,833.7,465.3,649.1,903.7,779.4,474.3,713.5,944.7,1008.8,920.2,494.8,947.7,764.8,651.8
44,1188.0,380.5,856.3,916.2,1180.2,924.0,1238.1,1351.4,376.1,777.1,447.9,700.5,1109.8,744.8,997.9,1233.5,801.3,425.9,556.3,248.5,899.4,853.0,385.2,1133.5,968.0,849.1,874.4,580.3,885.1,683.5,1072.5,925.3,554.7,978.2,511.7,938.1,1319.5,858.2,977.4,717.6,640.6,786.1,998.2,692.7,0.0,1401.5,601.8,1157.9,103.0,1185.3,707.6,349.5,885.1,598.2,1195.7,460.7,901.5,933.8,1141.8,636.8,1134.3,1325.9,580.1,1215.0,719.2,390.7,1002.4,1028.1,854.4,306.1,548.6,727.3,773.4,920.1,515.5,726.0,847.3,987.1,897.4,611.1,1145.5,968.0,863.2,699.7,1257.7,79.2,709.1,829.3,376.0,1288.3,439.9,973.8,1358.4,591.6,394.2,992.9,1269.4,1250.2,576.2,554.6,911.8,907.6,976.5
45,919.6,1398.8,1694.9,684.0,377.4,570.9,442.8,1048.5,1156.6,857.6,1152.3,813.1,505.3,1583.4,791.2,919.8,1897.6,1258.7,903.2,1382.5,781.5,734.3,1016.3,384.7,1670.6,670.0,1713.0,1167.2,1723.7,916.7,411.6,753.6,1197.3,1584.7,1239.9,742.9,1080.4,729.1,1515.9,1151.2,939.5,988.9,403.3,1226.3,1401.5,0.0,938.3,243.6,1425.3,871.6,781.7,1429.7,1723.7,938.7,286.7,1293.6,640.3,747.2,537.3,1733.0,820.6,156.5,1167.4,557.9,800.1,1388.5,1467.0,739.9,732.9,1402.4,998.5,762.0,1612.0,748.4,1236.5,1191.7,740.0,1648.4,725.8,927.5,541.1,1670.6,1581.1,1538.3,143.8,1401.6,854.1,1653.2,1472.3,392.6,1173.5,1712.2,1044.7,952.4,1200.5,824.4,1109.2,501.4,906.2,1197.3,650.6,554.5,1402.1
46,944.9,733.6,1109.5,406.7,636.1,471.1,937.3,1390.3,432.2,233.0,378.2,539.4,656.9,998.0,691.4,1261.6,1177.7,593.6,45.5,662.6,1002.2,634.5,216.6,680.6,1221.2,396.2,1127.6,724.3,1138.3,364.9,573.3,653.9,701.2,1231.4,658.1,1040.8,1422.2,629.4,1230.6,970.8,676.4,888.9,545.4,945.9,601.8,938.3,0.0,705.0,625.7,1213.4,227.9,725.9,1138.3,246.7,651.6,628.4,357.4,1036.5,688.9,1013.2,1162.4,781.8,724.1,1052.4,404.3,723.4,1255.5,640.2,633.2,682.6,307.5,208.3,1026.6,648.7,661.9,979.2,632.7,1240.3,626.0,204.0,692.7,1221.2,1116.4,952.9,804.8,601.9,165.1,1082.5,752.5,945.8,586.3,1227.0,1386.4,260.3,476.2,724.6,1451.0,797.3,32.1,701.1,367.8,454.8,1229.7
47,1097.2,1155.2,1526.2,861.6,551.6,327.3,297.7,903.4,913.0,868.1,934.3,569.5,479.4,1414.7,547.6,774.7,1654.0,1015.1,659.6,1138.9,636.4,490.7,772.7,141.1,1525.5,452.6,1544.3,923.6,1555.0,1000.0,442.1,510.0,953.7,1439.6,996.3,597.8,935.3,485.6,1370.8,982.5,695.9,843.8,159.7,1057.6,1157.9,243.6,705.0,0.0,1181.8,726.5,664.2,1186.1,1555.0,695.2,464.3,1050.0,586.3,602.1,511.4,1489.4,675.5,334.1,923.8,412.8,556.5,1145.0,1321.9,496.3,489.4,1158.8,754.9,683.8,1443.3,504.9,992.9,1023.0,496.4,1503.3,482.2,683.9,515.2,1525.5,1436.0,1369.6,99.8,1158.0,800.1,1499.2,1228.7,247.5,930.0,1567.1,899.5,708.8,956.9,580.8,964.1,257.9,679.4,953.7,596.7,310.9,1257.0
48,1211.8,355.0,830.8,940.1,1204.0,930.8,1212.7,1326.0,350.6,800.9,471.7,675.0,1133.6,719.4,972.5,1208.0,775.9,400.4,580.2,223.1,874.0,827.6,409.1,1157.3,942.6,872.9,848.9,554.8,859.6,707.3,1096.3,899.8,529.3,952.8,486.2,912.6,1294.1,832.7,951.9,692.1,615.1,760.7,1022.1,667.2,103.0,1425.3,625.7,1181.8,0.0,1159.9,731.4,324.1,859.6,572.8,1219.5,435.3,925.3,908.3,1165.7,611.3,1108.9,1349.7,554.6,1189.5,693.7,365.2,976.9,1002.7,828.9,280.7,523.1,751.1,748.0,894.6,490.0,700.5,821.9,961.6,871.9,585.6,1169.4,942.6,837.7,674.2,1281.5,23.8,733.0,803.9,350.6,1262.9,414.4,948.4,1332.9,566.1,368.8,967.4,1244.0,1274.0,600.0,529.2,935.7,931.5,951.1
49,1725.3,979.9,907.4,1458.9,1093.6,742.3,428.8,330.3,916.4,1373.8,1442.6,747.7,1021.4,893.2,723.8,48.2,1094.7,858.4,1167.9,982.2,285.9,631.7,1281.0,763.2,799.0,960.9,925.5,696.1,856.3,1505.7,984.1,559.5,726.3,713.2,768.9,247.2,362.2,626.6,644.3,655.5,654.7,493.3,820.7,730.7,1185.3,871.6,1213.4,726.5,1159.9,0.0,1172.5,1010.8,856.3,1043.2,1092.3,893.3,1092.0,251.5,1053.4,1212.0,102.4,962.1,696.3,405.6,871.1,969.7,595.4,753.9,630.4,1002.1,990.0,1192.1,965.9,645.9,765.5,696.1,637.5,776.8,623.2,1060.3,1057.2,799.0,709.5,951.0,727.8,1136.1,1305.9,781.6,1071.0,479.0,745.4,840.6,326.4,1029.5,877.1,519.0,237.6,654.1,1187.7,726.3,1102.4,758.6,530.5
50,923.6,839.4,1215.2,385.4,479.5,430.2,896.4,1349.4,538.0,211.7,484.0,498.6,510.3,1103.8,650.5,1220.7,1283.5,699.4,209.3,768.4,961.3,593.6,322.4,639.7,1327.0,272.5,1233.4,830.1,1244.0,343.6,416.7,613.0,806.9,1337.2,763.9,999.9,1381.3,588.5,1336.3,940.5,635.5,848.0,504.5,1015.6,707.6,781.7,227.9,664.2,731.4,1172.5,0.0,831.7,1244.0,352.5,495.0,734.2,200.8,995.7,542.4,1119.0,1121.5,625.2,829.9,1011.5,363.4,829.2,1361.3,599.3,592.3,788.3,413.3,19.7,1132.4,607.8,767.7,981.1,591.8,1346.0,585.1,309.8,546.1,1327.0,1222.2,1058.6,763.9,707.7,143.8,1188.3,858.2,904.9,692.1,1332.8,1345.5,366.1,582.0,683.7,1410.1,756.4,195.9,806.9,211.2,413.9,1335.5
51,1458.4,30.9,506.8,1074.9,1210.2,876.9,1063.6,1001.9,293.7,901.2,718.3,621.2,1138.0,395.3,918.7,1059.0,565.9,205.4,680.5,146.4,724.9,773.8,655.6,1161.7,618.5,899.3,524.9,424.4,535.5,953.9,1100.7,846.0,398.8,628.7,355.8,763.6,970.0,778.9,627.9,368.0,561.3,558.5,1026.4,343.2,349.5,1429.7,725.9,1186.1,324.1,1010.8,831.7,0.0,535.5,573.1,1225.6,181.9,1012.9,759.3,1170.0,401.4,959.9,1355.8,424.2,1040.5,639.9,41.2,652.8,948.9,775.1,43.4,516.5,851.4,423.9,840.8,359.6,376.4,768.0,637.5,818.1,593.7,1173.8,618.5,513.7,350.2,1285.9,300.3,833.3,479.8,60.1,1113.9,284.0,624.3,1183.9,559.5,254.4,913.3,919.9,1278.4,700.3,398.8,1023.2,893.3,627.0
52,1993.9,504.6,97.2,1487.2,1579.0,1245.8,1280.8,700.7,706.0,1313.5,1253.8,994.9,1506.8,161.1,1282.1,808.1,710.3,579.1,1092.8,681.9,942.1,1137.2,1142.1,1530.5,414.6,1273.0,115.3,798.1,0.0,1445.4,1469.5,1170.0,772.5,143.1,729.5,980.8,668.8,1142.3,222.8,585.2,920.5,775.6,1395.3,560.3,885.1,1723.7,1138.3,1555.0,859.6,856.3,1244.0,535.5,0.0,985.5,1594.5,555.6,1404.1,976.5,1538.8,686.7,928.6,1724.7,797.9,1257.7,1013.6,494.4,271.6,1312.3,1138.5,578.9,928.8,1263.7,155.8,1204.2,733.3,593.6,1131.4,152.0,1181.5,1006.0,1542.6,414.6,244.1,337.8,1579.8,835.9,1245.6,160.2,595.7,1331.1,657.7,138.7,916.5,971.8,666.7,1210.8,618.7,1506.2,1112.6,772.5,1414.5,1262.1,325.8
53,1133.9,580.8,956.7,595.6,719.2,386.0,927.4,1220.1,279.4,422.0,459.6,295.5,647.0,845.2,564.3,1091.4,1024.9,440.8,201.2,509.8,769.9,448.0,297.9,670.7,1068.4,385.3,974.8,570.2,985.5,553.9,609.7,520.3,547.0,1078.6,504.0,808.6,1252.0,453.2,1077.8,749.2,444.2,656.7,535.5,793.1,598.2,938.7,246.7,695.2,572.8,1043.2,352.5,573.1,985.5,0.0,734.7,475.6,447.6,804.3,679.0,860.4,992.2,864.9,570.0,1042.5,224.2,570.6,1102.7,513.0,449.4,529.8,60.8,372.1,873.8,515.1,507.8,789.7,442.3,1087.5,492.4,42.7,682.8,1068.4,963.6,800.1,794.9,549.0,354.0,929.7,599.7,935.9,432.2,1074.2,1216.2,13.6,323.4,591.0,1280.8,787.4,221.0,547.0,458.0,402.3,1076.9
54,693.8,1194.7,1565.7,458.1,90.8,366.8,663.6,1269.2,952.5,631.8,926.5,609.0,218.6,1454.2,587.1,1140.5,1693.5,1054.7,639.3,1178.4,1002.3,530.2,810.4,542.6,1677.4,383.3,1583.8,963.1,1594.5,690.9,125.0,549.6,993.2,1687.6,1035.8,963.6,1301.1,525.1,1686.8,1022.0,735.4,929.5,407.4,1097.1,1195.7,286.7,651.6,464.3,1219.5,1092.3,495.0,1225.6,1594.5,734.7,0.0,1089.5,353.6,967.9,250.7,1529.0,1041.4,130.2,963.3,778.7,596.0,1184.5,1687.7,535.9,528.9,1198.3,794.4,475.3,1482.8,544.4,1032.4,1062.6,536.0,1696.5,521.7,723.4,254.4,1677.4,1572.6,1409.1,364.6,1195.7,567.4,1538.7,1268.2,613.3,969.5,1683.3,1265.4,748.3,996.5,620.3,1329.9,659.3,619.5,993.3,364.0,350.5,1622.8
55,1515.6,151.0,526.8,977.4,1074.0,740.8,946.1,1022.0,196.2,803.7,793.9,485.1,1001.9,415.4,782.5,941.5,742.2,69.3,582.9,257.6,607.4,637.6,632.2,1025.5,638.6,763.1,544.9,288.3,555.6,935.6,964.5,709.9,262.7,648.8,219.7,646.1,990.1,642.8,647.9,388.1,425.2,494.1,890.3,363.2,460.7,1293.6,628.4,1050.0,435.3,893.3,734.2,181.9,555.6,475.6,1089.5,0.0,894.3,641.8,1033.9,577.6,842.3,1219.7,288.1,923.0,503.8,140.8,672.9,812.7,639.0,225.3,419.0,753.9,444.0,704.7,223.5,396.5,631.9,657.6,682.0,496.2,1037.6,638.6,533.7,370.2,1149.7,411.5,735.7,499.9,242.1,996.3,147.9,644.4,1066.4,462.0,156.9,777.1,940.0,1142.2,602.8,262.6,904.6,757.2,647.1
56,908.7,999.5,1375.3,514.9,338.1,349.8,816.0,1269.0,719.2,341.2,677.9,449.3,369.0,1263.8,570.1,1140.2,1464.7,859.4,345.2,949.6,883.0,513.2,516.3,559.3,1487.1,131.1,1393.4,803.3,1404.1,473.1,275.3,532.5,833.4,1497.3,846.1,921.7,1300.9,508.1,1496.4,862.2,575.7,769.7,424.0,937.3,901.5,640.3,357.4,583.7,925.3,1092.0,200.8,1012.9,1404.1,447.6,353.6,894.3,0.0,917.4,401.0,1300.1,1041.1,483.8,803.5,931.1,390.5,989.2,1521.4,518.8,511.8,969.5,507.5,181.2,1292.4,527.4,849.8,902.8,511.8,1506.1,504.7,436.4,404.7,1487.1,1382.2,1218.7,683.5,901.6,273.3,1348.4,1039.4,824.5,774.2,1492.9,1265.1,461.2,763.1,603.3,1329.7,676.0,325.3,833.5,10.4,333.4,1495.6
57,1600.8,728.4,947.7,1326.8,961.5,610.1,304.3,428.4,664.9,1199.2,1257.9,508.8,889.3,836.2,591.6,299.7,1188.7,606.9,991.1,730.7,34.4,499.6,1096.3,638.8,1050.5,786.2,965.8,444.6,976.5,1331.0,852.0,427.4,474.7,964.7,517.3,4.3,460.3,494.5,895.8,404.0,403.2,241.8,696.2,479.1,933.8,747.2,1036.5,602.1,908.3,251.5,995.7,759.3,976.5,804.3,967.9,641.8,917.4,0.0,921.3,1024.2,200.5,837.7,444.8,281.2,632.2,718.2,846.9,621.8,498.3,750.6,751.1,1015.3,864.8,513.8,514.0,444.6,505.3,1028.3,491.1,845.2,925.1,1050.5,954.6,791.1,603.3,884.6,1131.2,920.8,819.5,354.5,493.9,1065.3,424.6,790.7,625.6,386.9,489.1,529.7,1010.9,474.8,927.7,626.5,782.0
58,944.5,1139.1,1510.1,708.8,235.2,311.2,743.7,1230.4,896.9,682.8,918.2,553.4,32.0,1398.6,531.5,1101.6,1637.9,999.0,643.5,1122.8,955.7,474.6,756.6,487.0,1621.8,430.7,1528.2,907.5,1538.8,814.6,125.7,493.9,937.6,1632.0,980.2,917.0,1262.3,469.4,1631.2,966.4,679.8,873.9,351.7,1041.5,1141.8,537.3,688.9,511.4,1165.7,1053.4,542.4,1170.0,1538.8,679.0,250.7,1033.9,401.0,921.3,0.0,1473.3,1002.5,380.9,907.7,858.8,540.4,1128.8,1648.8,480.2,473.2,1142.7,738.8,522.7,1427.2,488.8,976.8,1006.9,480.3,1640.8,466.1,667.8,85.0,1621.8,1517.0,1353.5,611.2,1141.9,614.8,1483.1,1212.6,752.2,913.8,1627.6,1226.5,692.7,940.8,564.7,1291.1,603.7,663.3,937.6,411.3,294.8,1583.9
59,1745.6,426.6,657.9,1362.1,1513.5,1180.3,1328.5,1056.4,581.0,1188.5,1005.5,924.5,1441.3,537.7,1222.0,1163.8,164.5,573.3,967.7,407.4,989.8,1077.1,942.9,1465.0,412.9,1202.6,676.0,727.7,686.7,1241.1,1404.0,1149.3,702.2,771.1,659.1,1028.5,1024.5,1082.2,756.2,632.9,864.6,823.3,1329.8,608.0,636.8,1733.0,1013.2,1489.4,611.3,1212.0,1119.0,401.4,686.7,860.4,1529.0,577.6,1300.1,1024.2,1473.3,0.0,1224.7,1659.2,727.5,1305.4,943.2,436.9,707.3,1252.2,1078.4,411.1,803.8,1138.6,575.1,1144.1,662.9,641.3,1071.4,780.0,1121.4,880.9,1477.1,412.9,583.4,442.8,1589.2,587.6,1120.5,622.2,341.2,1378.7,587.3,766.7,1272.1,846.8,541.6,1216.6,974.3,1553.9,987.5,702.1,1310.5,1196.6,681.5
60,1674.3,928.9,979.7,1408.0,1042.6,691.3,377.8,227.9,865.5,1322.9,1391.7,696.7,970.4,965.5,672.8,150.6,1167.0,807.5,1116.9,931.2,234.9,580.8,1230.1,712.2,871.3,910.0,997.8,645.2,928.6,1454.7,933.1,508.5,675.3,785.5,717.9,196.2,259.8,575.6,716.6,604.6,603.8,442.3,769.7,679.7,1134.3,820.6,1162.4,675.5,1108.9,102.4,1121.5,959.9,928.6,992.2,1041.4,842.3,1041.1,200.5,1002.5,1224.7,0.0,911.1,645.4,354.6,820.2,918.7,667.7,703.0,579.4,951.2,939.0,1141.2,1038.2,594.9,714.5,645.1,586.5,849.1,572.2,1009.4,1006.2,871.3,781.8,991.7,676.8,1085.1,1254.9,853.9,1020.0,428.0,694.5,912.9,224.0,978.6,826.2,468.1,340.0,603.1,1136.8,675.4,1051.4,707.7,602.8
