,0,1,2,3,4,5,6,7,8,9,10,11,12,13,14,15,16,17,18,19,20,21,22,23,24,25,26,27,28,29,30,31,32,33,34,35,36,37,38,39,40,41,42,43,44,45,46,47,48,49,50,51,52,53,54,55,56,57,58,59,60,61,62,63,64,65,66,67,68,69,70,71,72,73,74,75,76,77,78,79,80,81,82,83,84,85,86,87,88,89,90,91,92,93,94,95,96,97,98,99,100,101,102
0,0.0,1277.8475058924291,1426.1905517471066,499.9081916227105,590.8624987372964,839.1772404129387,1132.0806171707304,1470.6457547077523,1105.0005154194812,529.8814128457325,717.9899076831681,963.5638707267356,705.8440764031285,1454.9798956683774,948.2260612340148,1501.9023042124238,1575.5853807090537,1224.972536631944,750.6540149442728,1221.313243517764,1257.0782897513914,959.6821838618476,788.216479451508,865.6995554817078,1567.408780835667,695.4880632159953,1442.4572296598085,1248.1684172742969,1380.047567132314,530.5329944605787,672.1748231210049,1014.13942042913,1250.7278478571054,1514.973011688948,1224.2433114260784,1275.6277403317094,1502.56339953122,959.2213688038246,1583.055487296694,1267.6716176556567,1090.5026664608863,1237.6793401772948,812.4477104072813,1268.5864190238497,1057.0165906514108,784.8379969426721,715.0284253788969,912.44037076405,1069.106305570019,1458.530022029385,661.5784798444381,1258.2411301724876,1380.047567132314,884.1295818725132,597.6579172375348,1253.9360682082674,591.9013078159593,1239.932457917586,680.7941855835006,1570.2175546390176,1367.2670599470518,664.1387045807052,1233.8407049773282,1177.899722816015,895.6682583254459,1284.2464305975247,1630.382637133925,918.8180351135834,983.2666032804432,1223.420542081961,951.0227947441708,641.8493598007605,1375.7648733344608,954.4600229180028,1228.2655808037618,1313.7216924478312,984.0611289397248,1470.385558935947,955.7984033408948,875.4794205108875,766.185324894692,1567.408780835667,1550.8357216138347,1498.6726009215083,887.7151492551887,1093.2851566558174,597.9052153851458,1478.7266287272255,1302.136835275085,1085.8466747101406,1197.4937039380625,1432.2265704939432,1306.7949687122027,897.4737352674359,1148.4571549555176,1012.0270858889296,1688.7712871630204,982.7372056394884,732.1053017586065,1257.9395939653857,577.273814382402,822.8731071824103,1667.6765190679764
1,1277.8475058924291,0.0,368.9488998953629,804.366297357859,865.7569143245665,599.843574840147,746.1668557137361,543.7577884667182,173.20479588865874,748.4412351036341,601.3206867135644,422.08232669111385,811.5601273953847,325.0280192435559,655.5001626057333,656.1517852717004,298.3137495409392,66.82696637125342,527.4400788430358,159.178609024702,556.2025794465914,542.4449092129055,541.6718603276449,705.8899061515673,359.2132206051329,634.5545806110964,370.1205743538262,187.3176837759617,404.3253470064116,772.934713761677,819.6158807550747,565.0309650368065,157.2544121925383,469.6631151109666,117.89792537556468,593.4992923394045,559.5572707018747,547.4237305282351,509.2745657471147,252.34418133360103,331.49629808115213,379.8188460357224,727.0068552279629,206.37170004306736,347.0169676533353,859.4321395546752,563.0327687056455,829.6840300677458,322.5418657826239,655.0616298508588,617.2637146732284,30.98750870420207,404.3253470064116,396.0066158332317,935.10187904192,55.59483658003294,722.19225530874,597.6202202255863,880.4136148425374,311.40455587853626,632.3067687762178,929.95866446066,186.36832945413,682.9760608091308,429.4847340641928,10.147968741582671,547.5798498232937,663.5385777526259,537.321363114773,75.27336709607933,327.38796957611925,637.1588225027047,292.3542158869125,607.1941011794801,117.48133298318956,273.54700638036803,530.4590760844432,473.1329590657402,585.2321472315723,402.4271173660911,787.3858348168955,359.2132206051329,435.6824517538417,269.1521416056615,879.9462959210124,322.4131851669692,680.5375951074511,391.0381935725509,61.59489450980004,760.2667248756059,117.243026492784,469.0902726609551,446.3152415729628,382.9637984712174,133.6039502518064,610.445320152244,746.5599560924552,694.586665272779,550.0564768794503,158.11376299924203,735.6966636843205,608.0058593464518,590.7249285683251
2,1426.1905517471066,368.9488998953629,0.0,926.2946882438828,899.3800234496128,608.54889806527,549.4727718139578,182.2977899665607,457.4998223065751,929.3102380320968,856.4043103624838,462.64702453626825,807.1681193114435,78.49094758149602,571.1550830779126,299.1022459679788,421.8591729064641,351.2247296277376,729.6712329173101,527.0826648392581,306.54227853427665,497.7466935856143,814.5023848983511,652.0199934292822,206.21055800612905,730.9043729518106,18.477855102576434,225.93045244040596,77.92829046436071,990.50206618786,829.1585783417082,471.9807797904151,245.1634446961812,107.7346660850673,298.8535915001049,330.1284700811509,192.89289291817065,500.412110930618,166.29417775857226,173.5019642616226,336.4968803967136,200.1249475877796,695.1210013087738,197.72036816736565,692.3970576632871,807.1176074757354,760.3177830842372,725.8893969485364,668.3852020464578,310.47743206623187,791.9564258118307,397.56466406640857,77.92829046436071,591.3572744754625,946.5424514845124,330.4178592002554,834.3359978935267,354.68448144640166,869.1133084340528,507.4355865882396,322.0317457590173,915.2972558490663,238.64977961384375,467.705132916485,535.9735015934377,359.6008320444412,213.2932152037841,593.587949862498,478.3647652768386,435.10699412030607,547.1623200512561,809.2095061144216,78.2899538954169,536.1051590050828,295.3806129991858,125.81792928118176,474.51580112783984,104.91779200138906,522.4092325723672,614.3926176653334,760.5686820307766,206.21055800612905,125.37759939409104,216.4787385286479,780.6179542940669,675.3488250978872,868.3959581579986,53.30636657825139,419.0389596866587,584.5162652068784,329.5923256420169,111.6386290252876,176.7391064831354,579.1760278620619,450.8244883060685,502.332995395294,379.3570720705487,580.5617909839481,767.5138755314945,239.26908043853703,848.9793714887804,623.3988442083449,255.60437557154248
3,499.9081916227105,804.366297357859,926.2946882438828,0.0,214.5562495330446,351.35030375782446,687.6533646566421,975.856907849717,636.3710639732468,151.20389044903555,361.56097575458097,463.6576722335919,295.7716812781343,956.2799925666342,483.5737450626325,1015.7227377237076,1101.8117009011144,745.8457072476272,301.11705458688493,778.2096403139042,771.2894546103099,470.27882409807216,418.42065503596086,413.8418921288497,1071.6284792846095,195.69919275711572,942.6020360175444,753.2809502094308,880.7384662647132,255.08137481745857,264.70028373643925,530.967842414539,758.242733849719,1015.54441704523,736.7785725081684,794.0108021593709,1007.62687920862,470.62890237843146,1083.500087306645,769.1559215168861,590.8682493385243,738.6163401033231,365.58238189877017,772.3466956057384,658.3524287726764,404.1744925282053,269.64683584605933,510.0123691186415,662.2634846282862,975.009713638258,204.5912555865853,788.9875801549306,880.7384662647132,410.2096329861086,285.2450650566681,773.2614772281734,92.01825084686786,760.2686698252194,317.8700010986936,1109.6941630764427,886.4103939092666,339.3971088038894,739.198049425254,716.0605629125663,398.7729760910409,809.46384306595,1130.910041173812,455.3946568726165,494.21581945101485,759.8900602198288,480.170125678212,186.54673932386152,876.7764093313682,477.7045090298848,740.6232207423161,814.6991156917535,493.9815135510291,971.8421522769596,474.24142934650735,410.2109459353247,345.6120138930787,1071.6284792846095,1051.0078721433774,1006.6376777196144,509.8268970222281,689.9024064853685,185.50866133767184,978.8717062995328,837.7865445625831,648.2230002902429,712.4706012615987,934.3257376922696,810.1446544013625,422.7566951840402,683.0975322888596,537.8294084589319,1199.174212615866,529.7303835610743,304.723768000098,765.2962688109473,77.42631272287989,335.083997708434,1168.6133196004848
4,590.8624987372964,865.7569143245665,899.3800234496128,214.5562495330446,0.0,291.89710735986984,541.2210819898727,908.335822209346,715.1845853034823,361.68460072807096,549.422790241129,460.9533479584439,114.98162200109346,945.1078458460626,364.4299899095196,924.5092099786668,1151.5726676190918,800.942898112077,443.9989865013327,877.6575062147894,682.8247547076697,403.163628140164,594.8381211209528,278.64434773450984,1072.7927172379443,245.32232867022176,917.2468202349352,769.171160061896,840.1161865764608,468.816544633964,81.60854392774101,444.0132247243196,782.1330749824718,973.0949842200724,775.3432210573125,696.5180554039321,940.1185587966136,401.0956345563361,1041.355750372863,766.0334824360624,586.0150433817932,700.1019213611225,225.55003857220785,781.7459504412305,799.4278945007331,206.0841714781083,422.7948790904784,328.04000628359387,797.8051756279351,878.8425403202524,363.2796095123554,857.4362275589422,840.1161865764608,504.5847559467106,80.93323292187378,824.0560917821207,209.15059418492535,659.6631291327924,107.330013282529,1177.1386908030795,786.2252978141132,125.01823092187792,756.7262037446221,589.0365765281667,436.3700794593138,868.5562759251771,1086.870397771131,335.3654028112382,424.3745151835304,837.6432103873643,570.2087268243847,352.119171385918,865.7120053366881,379.8254837002198,778.5538368441185,805.5695054798391,427.2306339618585,922.4266512304276,386.6487093677048,517.0198088091524,175.32601032277014,1072.7927172379443,1023.9122502338224,1022.2527077503836,314.2700184429011,825.9623935446729,378.85131643381897,952.5851051669192,910.488176748838,495.2201521722622,757.9473694429269,881.5786500280532,753.8991134292777,514.0783406233528,763.1222293761529,432.619178043005,1113.8901411709344,393.5287252442085,465.0612047878142,788.339006133505,205.98907770273112,278.0196592172992,1119.8022971792916
5,839.1772404129387,599.843574840147,608.54889806527,351.35030375782446,291.89710735986984,0.0,363.0528794397616,632.0621513249395,471.3842294235587,420.3111639859866,494.0568768078531,178.89320476651667,214.1563241299141,653.2109822008464,154.5751483823089,665.2154731872771,873.0735218970415,533.1967024182682,338.1616073956444,643.2738139571865,420.3854127580954,120.51439635106436,505.7838791062457,133.9040748965463,781.2727013764433,174.43954559661444,626.2558268910053,482.6790008104746,551.8951034207438,519.9995898336974,228.13759163087013,179.79297465572185,498.3007819702923,686.1333861630299,498.5582862065463,442.6636520001279,664.0150137408738,120.2143854731014,754.6071513713571,475.0874004083656,296.9408320097458,410.3838514690573,132.6828768551992,493.1614901866526,621.6847845080822,264.7000415129656,341.7005435981885,277.1059956350713,612.287715522392,623.8641438021431,320.2528239209285,596.8692362195853,551.8951034207438,309.7449552955656,347.25098195530626,552.7090260177179,265.4797344509521,409.1114590732224,282.502616919839,907.8799437837702,535.0629437783355,332.02606789200547,471.02133529515567,374.2303791034957,193.83201603202608,601.0079384606918,800.9207784142197,134.24629666033695,144.19014402581865,585.3173216605034,355.7238996245615,325.8854066479686,573.8362195157578,132.0394328399608,501.3289659229456,513.8551364738375,144.88824546081304,637.5984524056165,124.3352997253156,335.1329465027204,188.2063090017953,781.2727013764433,733.502634865092,733.0896964550758,313.59741559132766,638.7800563754013,386.8747883087792,661.8335558689132,651.1269149256605,334.619112024425,485.7654156908656,597.8228039354076,470.69446609242215,312.9468222810037,516.980770094109,191.85233232145012,850.33661129958,211.36536102769813,379.5135871877045,504.0469558445658,278.3274436552643,16.37226190670917,835.6858342961242
6,1132.0806171707304,746.1668557137361,549.4727718139578,687.6533646566421,541.2210819898727,363.0528794397616,0.0,462.8279258249893,691.0008526098459,779.5821472240592,849.4357458623624,413.5868957246629,426.2417008551739,622.8433739101418,209.82889025786355,430.563568103976,940.3365944848132,686.0703366479668,690.2719501030138,852.252517858105,244.2117500871779,285.5651921047289,851.1673111961736,274.36545467743326,755.5917393640675,534.9097671836573,566.9522049229413,567.4691893447462,471.8492827257018,882.0353247715769,460.0502067610021,221.9034553311512,595.6732700829037,571.8933804364013,628.2897333074066,229.43915133370965,489.7887272705106,281.3271717706824,630.4505912571707,517.2981499099133,428.2836576677819,388.0301758960853,325.2859741927758,558.8171203206114,904.2661111683142,359.8136141729238,699.273764273693,236.41292166607576,888.3470372766262,380.8634844993401,682.9654352595858,758.2074094608416,471.8492827257018,622.017821667688,545.592475137443,690.6026972516576,613.7008812450923,197.597687770092,458.17829056284654,1007.0446395879836,292.66896670357903,487.955647983721,564.0841284508911,83.36853930573784,494.5590889257367,742.3181246457518,666.1854803801615,235.236384875964,270.57365462034767,767.9554289031375,640.2101620595095,688.9368756472168,563.6123036608192,235.28571155623453,628.7093951418768,527.054783263765,276.5385157575147,514.5220830916772,251.29686283886696,652.1390264011354,365.9120522355504,755.5917393640675,649.0087488582341,749.1293834252292,281.93580217749565,910.4978261150268,749.6926664343504,592.4987848640907,807.3988208297415,49.88412102424334,634.8146080162654,474.19345481612686,373.0663340840645,619.4264162837324,723.7199755185392,183.8382573609241,615.7984097263438,158.2030044294804,733.7948207754675,597.4436120784405,624.2990168263257,376.1182868179492,685.8017747695835
7,1470.6457547077523,543.7577884667182,182.2977899665607,975.856907849717,908.335822209346,632.0621513249395,462.8279258249893,0.0,607.0061688108277,1005.6815308453156,968.7543926831815,526.2989548652142,803.6381480691568,253.00949454479652,550.6580114608847,117.00307460171182,593.4346043513578,516.7829723410812,826.9031352580317,699.0165812987792,233.30692812732315,511.9204901412934,936.172050598392,637.6138696084986,351.0137311704324,782.3776344714566,188.7990460438754,378.46540588631353,142.6733923848659,1080.8379288148078,830.9694328151194,464.3336786060788,403.89261735837664,128.2240829473385,458.3767997473438,235.253248361682,31.95773679546491,512.8154993617148,172.07352119229273,312.8823914904808,419.8479208188432,252.18060164992096,687.5935743267166,351.47465196773305,849.0881952111322,778.8104743278933,853.4041381470939,676.3889130774966,825.8691253801679,135.7611590348101,873.34169887401,570.7815196429326,142.6733923848659,697.7769371459829,941.6645668474408,500.0418165872927,884.9883774884106,270.99382012910337,857.5770607099561,683.500921972445,181.2722721103498,899.0987830190904,388.0255136266164,380.4320002759087,614.6720022261643,534.9233369456765,203.7668769063817,577.9105626320103,488.76502125209214,605.0098154230761,667.1118472925951,888.3308551091197,252.7839401704653,528.7118423783922,455.5709245127424,275.80348820380294,487.3993914466945,82.96929363674383,522.0285289728132,724.7501428762986,749.4133558886774,351.0137311704324,213.68912859026128,388.5540700199379,729.0378472067108,836.0282140183986,950.9792798390672,189.34464769941323,597.059209815146,507.0753326947469,485.9290948445183,74.68456760971816,167.96718886979764,687.2138288593364,609.2173655137725,479.58206040808346,234.4221332843895,541.5008110509314,868.5404671617028,399.4727550131898,899.1787501430268,648.2605044171095,223.82698232270985
8,1105.0005154194812,173.20479588865874,457.4998223065751,636.3710639732468,715.1845853034823,471.3842294235587,691.0008526098459,607.0061688108277,0.0,575.3892901873509,433.7017238766392,306.20077303282267,674.113993714099,439.1277540183324,558.5916677600677,707.1353940526506,470.6100914547143,129.55319681299218,354.4055211902876,172.59116443826906,549.1006348685511,442.5321650270772,378.2809765272221,592.2166327455916,507.84451563844914,475.924480691164,465.0540294105341,232.31323242914684,465.2250680852031,600.941650313498,677.4866364878287,482.9833297131693,212.76791442892863,565.1365236462493,161.23656401201416,588.0058824535548,629.7453154302638,447.7755473348496,617.8219473457688,294.4972714706773,264.9173524436128,385.58646504695,603.5435712036754,260.5245448678637,243.63821818269685,736.059183633679,390.0197954453769,727.4440944658913,221.4572674068953,693.8935365819834,445.2748272888554,153.65468794608483,465.2250680852031,226.19506959536423,788.6367574955102,159.71914138362322,557.3301613163699,581.1390721575344,742.4246662332214,473.34881470925774,648.6425639567926,791.3288133377293,220.79756398015175,642.6813409430932,283.7051052804192,180.19595634763925,661.5767608512315,559.880123728034,444.4326973529761,124.20593062738878,156.4053145082199,465.2017364295592,380.7175128388928,509.9661218097825,165.16951131880975,336.06795603553024,437.34182996453296,551.9370763908919,487.1928190408433,230.05197609027744,658.5797749152018,507.84451563844914,553.4445166866128,423.133107507717,773.2186984654485,235.89331107915635,507.44565355106266,494.52662817630346,201.4377436304904,694.0658476331417,129.16406426933668,535.2143623672773,470.6908276641157,213.62322457834185,48.00980832472255,528.8544098658896,831.4880717613777,606.5179644822391,377.00577471047217,219.09245311857387,570.3238709955917,476.3429974569668,705.3177444028848
9,529.8814128457325,748.4412351036341,929.3102380320968,151.20389044903555,361.68460072807096,420.3111639859866,779.5821472240592,1005.6815308453156,575.3892901873509,0.0,223.89289411952203,479.42466368692726,427.4603122217636,947.2760021114716,569.8992181539151,1060.9765770175468,1045.8534027463168,697.0646505604718,221.0013745183869,694.944580798458,822.203802782976,527.3253331125281,288.4670707097571,514.7333407870625,1050.7733382076692,245.89444731813728,944.0049860824348,732.8488384378059,894.8643715528016,110.01411838931068,400.1590407909366,594.5408796838053,731.7866238507646,1026.8205895040735,700.653708822675,850.0793899439311,1036.5978532872914,529.1144229161218,1092.8685564941272,761.5567248623634,595.4130950680644,757.2356001117623,473.5885060590933,755.6696646285129,547.5882277499511,537.178900791549,185.41465091429865,630.1620007305403,555.6404524062962,1024.68913014063,138.15214653975534,728.4428959280651,894.8643715528016,357.6965259538397,435.4251645962934,726.4321580032919,174.8254062197158,819.6864164377221,460.2985030703909,1041.0852633016236,941.2564269800388,486.54531141824606,718.2841546436667,794.4668339587962,394.7416124678153,755.0350828026965,1140.548506400754,544.5495238115861,550.5071061631133,693.5785479180131,422.6234130488229,120.17345710535562,870.3421080964463,552.3480800571822,704.7746772407436,809.323878030172,548.3831369272457,989.1906954454922,543.186796429494,346.61317668682125,468.9135921738881,1050.7733382076692,1050.5930689675015,977.1987082185658,638.2298404380257,581.9391286081396,68.02385741531086,979.8364755339492,772.3142770884311,745.7191943871919,672.4802411778968,955.1068379200084,837.7143612343335,371.109282095108,618.5876785395777,611.9468173881564,1236.5353864228543,622.619827125714,203.6548933548212,739.1205355097152,169.15557730110004,405.72949635976863,1180.8282295413062
10,717.9899076831681,601.3206867135644,856.4043103624838,361.56097575458097,549.422790241129,494.0568768078531,849.4357458623624,968.7543926831815,433.7017238766392,223.89289411952203,0.0,468.3427309237493,584.2352502544819,856.2477592731366,646.9198229506184,1045.0866691757928,887.8621470003987,563.1808177595879,159.5401115785877,513.820067020991,826.2995922431664,567.5609768891318,70.2391995649863,618.4109182065461,939.1542735516434,348.8219524221526,868.0792817717722,637.4997202868618,839.9098976823539,187.57294501348764,564.9750796311679,635.9825563530634,627.7307717629768,961.7158910625144,584.8158489521711,860.3558999179129,997.1498032007372,571.1448747721546,1022.5831683546976,682.9047855760438,550.2517593042064,717.5290602175983,591.7479607887976,664.1648689398215,339.0284496613689,688.4496004219033,152.6087704123364,754.2115297393516,351.50335022114103,1016.9417427693164,192.3927525971608,576.0320305255234,839.9098976823539,271.029262253792,629.028020895624,593.384863909653,340.50733774394536,836.8299690852804,633.1237379821192,867.7186294680098,944.998365759372,668.8309221715235,623.3256781469318,842.2733711446334,373.7751935976293,609.6292184793136,1069.0974261158776,628.2753100111945,586.6045648303677,535.1748051818945,309.43419914114673,199.22380930018505,786.7149844725767,614.4410997699373,589.0308572449579,730.7473380157967,582.0497995719631,934.504714018846,598.2443366324214,244.2931319258209,609.5159967458528,939.1542735516434,967.7262528586753,856.3064372475513,776.0050263278297,375.3263128259363,176.15452054472345,901.707503113545,611.0434944558134,826.3308058283193,553.1933522619697,906.98974650373,805.8761354385033,281.5762215655558,467.8326507587043,667.0010062482128,1203.0900055186282,704.5488263620358,115.64350082974732,634.9510613472994,343.59893179350223,484.4641571023619,1111.882764624968
11,963.5638707267356,422.08232669111385,462.64702453626825,463.6576722335919,460.9533479584439,178.89320476651667,413.5868957246629,526.2989548652142,306.20077303282267,479.42466368692726,468.3427309237493,0.0,392.7250825484776,495.6179621696982,253.9675836442385,586.7621689218162,694.7518401545879,355.2894150593331,313.28800902402304,478.47639951795503,358.6469026031641,139.1611657988326,454.526627205249,287.64286055784413,617.2738861568841,268.3050925096168,479.0330494760648,308.2501575061122,419.16678267705765,556.9287750400041,404.50977167686864,192.32065235239932,321.60320875901874,553.2990201117642,319.7010702247035,392.1058294121357,557.1744187802686,144.36108217379106,620.8338997335179,310.3761158760716,128.9987441687841,278.85264368181583,305.0772094030338,321.6958724792681,494.0248260847425,437.7790428017883,334.6547188231216,421.2433250124029,479.8191882079572,554.2712338682906,347.7886113134113,420.6810991077794,419.16678267705765,213.0502732514053,522.8512026376376,374.06173012069377,371.6893830407603,368.72253057155456,461.2719057851617,729.1038818863301,478.0338062869792,510.8289498469676,295.77650231230587,386.72422900510486,94.763789151637,422.87951010823343,668.4054791308394,253.763585376417,146.26648280568614,412.53543356060015,226.8611857543316,362.2567595171878,415.6565775130837,206.03763829232557,322.505828302606,353.7836910716017,139.54188886291232,512.1682218613956,183.4201252442894,243.7394233450957,365.4341649664258,617.2738861568841,587.4802648473823,562.1039584341687,467.42283577008686,503.6649121931956,425.30670999871546,515.2987886151195,474.9564596065098,405.75316499561256,307.1487440719782,476.7212945020173,358.3421353460972,208.51714137594536,348.7855641262938,235.0759278602517,757.9430868493369,305.0366821063086,357.4135456999135,327.66464674223226,386.3323471511393,188.6794296040009,707.0306345145593
12,705.8440764031285,811.5601273953847,807.1681193114435,295.7716812781343,114.98162200109346,214.1563241299141,426.2417008551739,803.6381480691568,674.113993714099,427.4603122217636,584.2352502544819,392.7250825484776,0.0,857.974007980747,254.60195046016992,814.3639057767075,1087.220738529339,745.2176056492087,454.868543681874,843.1439762287434,574.9587507970979,309.93648594048057,618.7203394249946,167.50781624841113,988.8190468825928,242.63731706997305,825.3545202506598,696.1444891482964,744.0328364887243,537.4545387603034,34.491253393007405,341.3085824420383,712.3112197245978,874.9867247484091,712.3929503521802,586.5196695998768,835.1925597557437,306.9967248460106,942.7709819819474,685.0733861700767,509.7976975371877,607.0432087611455,116.0657519388523,705.6321438401696,791.8408328821964,109.7479139083271,441.7182266635989,218.4367863332428,786.7113920130722,767.9864457895175,391.8667716754438,806.9547098809948,744.0328364887243,482.7930741561216,139.6130539520146,765.6653268179888,255.3286644019823,549.3399222267847,68.85686276855367,1120.9103733136255,675.1084554060592,118.40503628479502,684.7285417660896,475.0056975556666,390.4337263375589,813.1665289956148,987.388066106718,226.2968127825274,328.80358812761546,792.4088567973034,541.7065857768525,386.04249195694587,779.7536420590732,276.02736917860443,715.2228137676516,721.4000787578266,332.7336342980985,822.6679757719703,286.2448803598244,501.2211577011988,60.35020880636506,988.8190468825928,930.2784443865748,944.60677363225,214.05709212580712,814.4644057704947,427.7507462101288,859.9561308942193,861.0093815420925,380.3757390113613,698.7461275765842,781.2251535785342,654.0101478370109,489.9123235909535,721.1246917263514,324.657391021303,1004.1425391078092,279.66307486078176,484.89766943378015,717.9895525553162,258.7551814574335,204.1779392666284,1018.7313882962952
13,1454.9798956683774,325.0280192435559,78.49094758149602,956.2799925666342,945.1078458460626,653.2109822008464,622.8433739101418,253.00949454479652,439.1277540183324,947.2760021114716,856.2477592731366,495.6179621696982,857.974007980747,0.0,630.2480953497953,369.72945421413374,344.10019186842425,320.64014317873165,739.6922918487536,484.0676392974466,381.7095849153956,548.2097411987424,809.2336762709211,708.0982112425695,135.3011117991486,762.5598182616351,65.78805275845129,219.06774048162168,154.59427650837074,1000.9773430218185,877.9963280811465,529.7183839499438,229.4997354710561,149.43542804096603,277.97578351505445,406.9521575439262,258.0881643456448,551.3736579681093,184.39350659227733,187.32362143305176,366.6987069459833,256.2642885853897,748.5398986277481,193.4444484604244,663.1076992788456,865.3362266177521,772.0539962306074,790.3401815970374,638.6927508934458,385.22529608973935,809.1494777892657,355.32386303154425,154.59427650837074,599.0091423558099,996.4898762196548,295.5366845529911,864.8908030858178,430.05042988329154,921.8287086732272,431.3727671639926,400.4318419638059,969.0549060444916,233.45167857846,541.9723664199381,559.6395328742918,315.10184820917704,224.6093341637359,650.9606103183661,530.581729653525,396.45545595531735,547.7898782601055,827.2676818343674,80.00731789019841,592.229183692752,273.9933265371565,141.86616175201,526.0603920613422,170.87926518457422,576.780522742256,619.2369651532689,814.2695543942417,135.3011117991486,114.42067047673028,138.37465693220125,845.0968232513188,642.6226927629654,884.021469927596,69.42350628583905,368.33740298732175,656.068873961856,310.21196706685834,187.06684779900985,250.0388292512095,586.1917135189349,424.5004577729824,563.3701424720446,425.5731089516054,644.2255167418517,774.8999043017725,222.49266388599352,879.5464684499651,667.2844336605659,268.2884756096178
14,948.2260612340148,655.5001626057333,571.1550830779126,483.5737450626325,364.4299899095196,154.5751483823089,209.82889025786355,550.6580114608847,558.5916677600677,569.8992181539151,646.9198229506184,253.9675836442385,254.60195046016992,630.2480953497953,0.0,560.2386225934564,899.4641930349933,589.6378710974703,489.33151924171744,729.8177580219221,320.5037347848213,116.11993821861284,654.7173185362294,87.24887453137791,764.7244861842014,325.08715008274453,589.6192613080194,503.5880419391475,502.3905385166315,672.2436807959766,284.15596156334414,100.96470229187123,526.2022736038034,629.0215785164174,542.2009140602871,332.25311315090045,581.9811321271378,110.8867580306635,695.7740271384121,475.1027290616026,325.0384761872691,374.0422899035605,139.1461678728157,505.5383017714964,742.7202917371746,235.98400924762743,495.0905765513381,174.35993185940688,730.1340117672046,514.4129302338124,474.7560149072911,659.5787781790837,502.3905385166315,440.4985599053148,391.2460018188778,602.6728698364276,405.8548682705685,295.27643955940493,306.9736903851297,949.0879934625364,421.8236731539816,349.5361143082022,495.2190901064764,233.0344984858505,313.6903879441828,654.323609444859,739.083193973316,29.409052115740145,118.18067495906242,657.8838800001952,472.8081744171925,479.9740729934577,555.9792827675379,48.85743245640458,543.9590868840402,503.019704214629,125.06946202043316,574.8542045545772,71.5429502051604,468.9194546177881,198.8393266356007,764.7244861842014,690.4336485816377,733.3429090189007,226.11250740676132,754.9193613549345,540.2001243326532,622.4935800542252,712.9743396419382,180.0867680515915,538.2896779632891,532.915607063938,407.5297828125898,440.65457178364335,599.2455556706475,71.3135595852972,749.8400529794524,57.88465799142558,531.7298568725423,530.3492137619722,417.051409570671,166.8171958276194,768.5521000975225
15,1501.9023042124238,656.1517852717004,299.1022459679788,1015.7227377237076,924.5092099786668,665.2154731872771,430.563568103976,117.00307460171182,707.1353940526506,1060.9765770175468,1045.0866691757928,586.7621689218162,814.3639057767075,369.72945421413374,560.2386225934564,0.0,708.2116965145248,625.2205212203955,896.7631891539507,809.3153039722226,245.00194838783065,545.4726935629674,1018.0330319094512,646.9251677588824,461.0914911355943,827.2550872203178,305.78962462603613,484.1977156141036,251.8796828095048,1143.3676552151867,844.3890241654375,487.8258751897688,511.2281735704421,236.2091038354008,565.0468344652995,227.99823333694857,115.58568193060997,545.2560152672346,261.3567712408252,416.7829072197852,495.8662646695226,331.9066067921684,699.378462132029,458.3778168717358,950.6182196110798,774.0729381254489,920.5266140100885,660.5719951497006,927.9619501135546,49.75714070023407,933.5428800790974,682.2900872008396,251.8796828095048,774.9934384315599,948.3667637375884,610.3851841620216,927.129683193389,265.0320075155964,861.7962070668524,799.3750763785067,140.9760448857427,899.3519266260213,492.3795485255384,354.9166858733736,679.5549083256113,647.5997777752219,277.8618254436841,589.1711045545948,521.548107469173,714.7471996085303,751.8842257744569,946.9873581386844,367.6089535502183,548.0039094952078,562.5503034106894,384.45544093783207,521.7537604501787,198.99325230259188,546.1164152253428,803.4882883210463,756.7965142529428,461.0914911355943,319.3282831793111,504.2135604760074,709.9803918232808,939.7597190018886,1010.6440338559636,304.7441640406344,710.8684999113744,479.03710533340296,590.8641577233797,189.21245012773116,242.25379913035496,765.4938709198572,713.4826980955679,492.24516943966125,189.94680998016804,539.1586315700774,939.8395937176984,507.4274596559668,940.7770244409628,681.5825368226499,281.27943133386736
16,1575.5853807090537,298.3137495409392,421.8591729064641,1101.8117009011144,1151.5726676190918,873.0735218970415,940.3365944848132,593.4346043513578,470.6100914547143,1045.8534027463168,887.8621470003987,694.7518401545879,1087.220738529339,344.10019186842425,899.4641930349933,708.2116965145248,0.0,356.31937447344524,824.9396946804042,383.6150394094918,710.4874298765081,795.5615679682481,823.9506666217901,963.1947559723964,256.6314643381316,927.7117841382268,409.8532750963494,396.49898271107,493.7863073263106,1065.4120142038337,1099.0944747161277,800.7745118254921,376.4878852439121,474.0055551959074,376.28412318200594,740.484381867399,593.2719843766853,800.0028732010051,473.1553706504895,428.73455594268216,581.4921277156935,552.7242058412321,992.376210693864,394.2275529066604,589.5674085010605,1121.482381557757,860.5635317789404,1071.6296877415466,567.5800701679929,727.8859618722802,915.4976102719096,317.4517655249034,493.7863073263106,694.2850164127608,1216.943410603766,330.06970992615294,1018.3281813488652,758.31119813561,1155.516005733158,98.6599798010164,743.4474580611886,1204.9773079683623,406.0273240923491,864.2352836432705,718.740326611087,292.61699568366777,489.0373885371764,913.401509351596,784.8319613331289,354.3857862090207,625.6752592009232,935.40255014793,381.5105199368774,854.0723151895461,373.14697283020166,413.3338199062287,778.6582631479924,510.4731282533077,834.1116754857483,700.4832837464085,1055.9851026389306,256.6314643381316,398.0654656022878,205.8105321634825,1124.9514807033415,555.9431265132251,977.8633847693192,404.09117766676985,276.99035768997817,966.3388956986576,394.5380603491664,530.9241906904094,579.1452336252146,681.2098294631462,427.5686165981084,842.4417422427869,721.8353243217116,927.872288652796,845.7800936452353,371.431541541284,1032.0530941134066,883.406710451899,521.9336986403058
17,1224.972536631944,66.82696637125342,351.2247296277376,745.8457072476272,800.942898112077,533.1967024182682,686.0703366479668,516.7829723410812,129.55319681299218,697.0646505604718,563.1808177595879,355.2894150593331,745.2176056492087,320.64014317873165,589.6378710974703,625.2205212203955,356.31937447344524,0.0,476.6521009144898,185.58794544597575,505.5949692472656,476.1370683416743,507.6108282837816,639.1807282222733,379.23872829257135,572.1674554064344,355.67375406438447,142.6778040393225,374.5686140963181,728.2573365224631,753.6781852545876,500.2815958413961,114.22626177618356,456.73563317585086,62.837230709184425,543.6611674610137,535.6596499131315,481.1424610633962,503.5927651395768,210.70281419314907,266.62253234394313,330.2243596179145,660.1850718930417,167.03626695915457,342.91968041990884,792.6054758432135,511.99251679848976,763.679698647147,318.61452490130404,619.6235608229562,563.4152932588634,72.16717563891974,374.5686140963181,340.9284239844179,869.570436767406,30.23033769444497,662.0088096683778,544.9643319517928,814.0610409726141,376.5091832928091,589.1548202594719,863.6226016754296,137.5222170590792,625.463978127649,365.14177806323033,67.96686988991783,545.1866222308226,597.231320389452,471.4698739738969,90.895442906984,274.44389139967586,583.1877132925556,272.93659551337146,541.2058575688211,64.31977716791891,241.19213016764544,464.568482833798,452.1926040973991,519.1380635713865,350.5405434315684,720.6369188409348,379.23872829257135,434.7049591500341,293.6737155334906,813.6850194266785,324.30329140375454,629.546048541119,381.4519866908984,123.67983853059008,698.3573379081214,51.9124021146074,442.496483291193,403.67632852194913,327.6304735556275,104.6049391743856,545.9218152748927,730.4165681282511,629.6132263700913,502.5594854764244,117.7934482027965,675.7408960445964,541.5013392299792,588.902073750673
18,750.6540149442728,527.4400788430358,729.6712329173101,301.11705458688493,443.9989865013327,338.1616073956444,690.2719501030138,826.9031352580317,354.4055211902876,221.0013745183869,159.5401115785877,313.28800902402304,454.868543681874,739.6922918487536,489.33151924171744,896.7631891539507,824.9396946804042,476.6521009144898,0.0,480.8161709534609,671.9143824700845,408.0226415388783,169.19562929795703,466.397749656628,836.5119674154627,212.242168288307,743.0159127446861,521.8933293188992,704.4447280376685,261.37619269523856,441.4174594248629,476.4877516310098,517.8823085918569,831.7583504209133,483.27102463683855,704.9836557808006,856.3975370698953,411.60558687830303,895.5105398709542,557.748217140794,407.2485902079197,574.7306783396375,444.73808956427695,546.3862014238122,360.8072608895224,552.421192144911,35.62601955251324,605.6909460032851,362.7844300112684,866.272845101722,97.01893890208468,507.5927401591237,704.4447280376685,141.17803336188766,524.8507184773824,506.2176726950608,243.04283284574063,680.2094145785968,511.73090575691526,822.0819709206089,791.3126376722458,553.0640171288563,507.3175806997168,682.8630511637533,218.63621155839897,534.0541583438819,942.8400748624756,471.8686816842338,427.1575653854881,473.3791930186845,202.40299116614696,116.23393717574224,665.312898825087,455.55759233745385,487.446681872624,606.0255155244284,422.672268340821,799.5861668516374,438.9948830968577,126.20810178199832,470.84446933093966,836.5119674154627,847.0571274038953,760.1696509477415,632.0265386903441,390.7181166940857,153.12884376482003,778.0470444462437,552.148611013795,668.0884124760114,454.1283497730918,769.1002661321505,661.0847987988432,154.34001004927467,397.9345678231271,507.56686288541295,1061.0847464093922,547.1409791724237,44.54398156207644,525.247952743039,252.0071536381388,329.8063199544057,984.5610206361268
19,1221.313243517764,159.178609024702,527.0826648392581,778.2096403139042,877.6575062147894,643.2738139571865,852.252517858105,699.0165812987792,172.59116443826906,694.944580798458,513.820067020991,478.47639951795503,843.1439762287434,484.0676392974466,729.8177580219221,809.3153039722226,383.6150394094918,185.58794544597575,480.8161709534609,0.0,687.3421429642681,613.6996978114333,446.8470765078562,764.8068008125042,507.9436789708086,634.2980902086545,528.8759496602436,328.2613105331424,557.7790568058037,697.6145554697473,844.7528345426718,650.8531492944595,299.54884820113125,628.7203287802438,248.0112270736027,725.8232370290664,716.204752131682,618.931254761011,668.1637086023095,396.2602058424407,424.1015164819674,513.6279712811398,775.6688736774346,352.1553027845017,207.5352689283905,907.9624519394154,515.337347298499,899.6352953677651,184.68875503253264,804.9093073855802,577.2775807108367,129.60292290250456,557.7790568058037,375.49436540173326,953.2063589200434,199.04476901012995,706.4900314570494,724.6820205814035,910.9880071241596,354.0614519329273,774.2854781685693,959.4751132574746,322.8112812772489,797.859093368552,453.2614778733523,169.012497259353,705.8272996848283,731.9203026298875,614.4073519858368,94.84498133591748,307.72506769037204,596.8357775763761,449.7427178945175,681.0519958334808,249.78880672577657,424.86505981365,607.3102717228813,630.6569147153215,658.3002858967534,369.42223615044594,829.8247745328724,507.9436789708086,593.900619222715,416.76277748243547,945.7202535489436,176.30787053393658,627.7844683787404,550.2118990722721,124.6786979414766,858.9482358373326,228.52410043484363,624.389565337467,589.099739582285,364.85481197342494,130.74675238495632,696.9472656395162,905.4367246299838,776.4335392638662,491.3154770120171,302.6531367352191,718.4208665385372,647.7227205557574,748.7460078632502
20,1257.0782897513914,556.2025794465914,306.54227853427665,771.2894546103099,682.8247547076697,420.3854127580954,244.2117500871779,233.30692812732315,549.1006348685511,822.203802782976,826.2995922431664,358.6469026031641,574.9587507970979,381.7095849153956,320.5037347848213,245.00194838783065,710.4874298765081,505.5949692472656,671.9143824700845,687.3421429642681,0.0,301.0801400607022,807.7923973141981,407.7523421341169,512.7113946614523,584.6231547186034,323.66508861557395,368.9769591713708,228.6372185858971,909.15811852815,603.7214245087481,242.93938295903683,399.0072170257925,330.33221010186026,443.1547074679916,38.90972151301269,263.7392196089999,300.66064158164016,392.0068231033936,307.0619206019289,296.5554984002457,176.38619135165877,459.077351824006,352.6614004707302,787.0386784506193,545.6859214103995,692.3702873340973,444.0314172561396,766.9127545705741,203.9009234308708,698.9600802510633,574.7318168121176,228.6372185858971,562.50323752176,711.5692789061891,501.9225247802749,683.3289361902309,48.37397081925222,626.4486814542815,784.6217447286624,119.8535158062181,666.9523482414062,370.2189917114021,161.53155231724364,453.3873767021122,550.251201998763,431.1422648929574,348.67355858179815,277.1369907789156,595.0027463222538,553.2642396422331,711.120336997709,329.1664711764274,304.11491968703405,442.3058018238082,303.37696900352864,277.70185214819315,273.09884754333456,301.30731107260465,592.6018620752274,519.1429542552511,512.7113946614523,405.3118057643263,512.5906774144387,497.2611814342863,784.010333093168,775.0585499890145,348.3811613092757,617.3591193267192,282.84374237802297,458.9996104049926,231.8022854766921,132.3665925585128,554.94893219101,569.5418148716959,250.4661726912433,432.216049880801,308.2797947386618,716.0598736390149,398.62343138006736,696.814265285397,436.7432024914669,455.88010036685137
