,0,1,2,3,4,5,6,7,8,9,10,11,12,13,14,15,16,17,18,19,20,21,22,23,24,25,26,27,28,29,30,31,32,33,34,35,36,37,38,39,40,41,42,43,44,45,46,47,48,49,50,51,52,53,54,55,56,57,58,59,60,61,62,63,64,65,66,67,68,69,70,71,72,73,74,75,76,77,78,79,80,81,82,83,84,85,86,87,88,89,90,91,92,93,94,95,96,97,98,99,100,101,102
0,0.0,984.9266273161772,1560.6305528138644,1069.0304418580247,1015.9877655593934,1358.484045864726,905.9766436221178,1235.4938562057423,886.626268111129,1060.668031851806,830.241742764487,1401.9925447794426,529.8814128457325,615.1173623203979,715.0284253788969,1046.4537318254747,1347.53992915731,1253.591828705279,1006.0855584517992,959.3928786745364,1294.125920888477,1077.5194103201284,924.4079475538643,967.9212587573936,685.2184627401351,1128.34759618127,1347.6725690608407,1539.4587400379903,1346.230930788572,653.9519105639847,1543.0839807922412,1215.9338985535055,997.094081727315,1375.591478707552,1367.2670599470518,920.610829392171,682.0011656445489,1082.0416402001306,488.92893987548416,1254.4580249623348,1541.8492893494447,1209.046031389859,742.4200377265865,1291.3868487577388,1228.3487485860608,1436.5010146935538,850.2061292048338,522.8308548862334,897.1342159125545,1230.9174268759773,984.3982869899615,910.1792189935412,1472.6080129947488,1343.0423092933477,1412.9990254434754,1143.428360578994,1562.0724221849332,676.1465725641601,737.7389091321176,1026.6123892573614,1064.2461149676517,652.4190976690473,1119.9372780456422,1278.7878822078974,1662.1726963080837,1486.930150662155,1018.927920133349,884.1295818725132,1306.7949687122027,863.5513660544357,1201.962668762938,1644.7213391090231,1058.9806062750554,581.1423165275761,1527.4732834530437,552.4406206240087,1438.4648492488975,829.4778323333586,1248.1571431309317,1374.408733663317,581.7169854712918,1347.6725690608407,1075.7213001890734,1576.4807016265263,1069.106305570019,1373.153347426868,1578.9658440265266,897.9770211727216,1614.379382023223,1231.766342922588,1015.4230008833008,589.8586499855053,1498.6726009215083,551.0447974107234,639.4939639699573,694.8242826074763,1273.9308166310288,587.06294870148,873.0146491919542,1408.6793050341523,1614.379382023223,822.8731071824103,1667.6765190679764
1,984.9266273161772,0.0,814.1937648432297,278.8556552890471,31.665088032195463,604.1466527691995,83.22218752779033,713.5849363957493,259.0789253102463,630.0798516809858,369.2087416320222,422.9041979506828,546.323436587857,388.428606445262,432.4678571386178,173.88571379979857,363.5300512887473,331.8272655732675,131.91462495781832,313.50245966339105,605.4187316451612,645.7624199741177,206.23863457208307,282.0412762270325,337.2682879778346,267.6381326320404,374.4354792164835,712.2377537139382,370.38591892832017,365.04335345011066,696.9584929085979,413.931656973005,130.15308783232194,400.45591071923377,396.00420962459833,95.19066694177454,451.88847850668526,625.0901106712388,643.0519842778815,399.4305786605415,557.3618675877439,323.2126465202813,263.18849366409927,495.3287804249328,258.418669453002,451.93297247101935,269.1665084254692,603.6085552088413,106.61375026355216,345.2428879581653,201.60000874948568,256.45021055668184,743.6493742159486,556.702967006378,662.8294108187323,336.90262072158936,691.2203915674049,443.12748833005855,283.08907034145074,206.2228507436932,98.63644134928704,390.8518305286008,389.1528958500799,738.9855124205485,677.2465364400185,502.2535825987847,35.577712461953496,339.51973528976663,325.51331312161267,144.39995361326407,255.8711945819827,659.7947972405561,594.8786326034895,441.5947636690392,547.3292302488068,638.5512862008899,464.2107056420523,159.1276715156447,642.4268522203746,396.9720838903033,414.5822670096464,374.4354792164835,618.7072380357343,776.885140748381,612.2776538308739,394.9230596218915,594.0698024806514,99.6472175307384,629.9117576682887,414.298510870698,35.534471032721655,507.43001927059805,614.198015078373,633.716200001551,368.3801088516229,335.97483525811634,732.750122336606,409.60283840296887,112.60275476495856,431.6851588793769,629.9117576682887,162.16565682628507,691.1771540962427
2,1560.6305528138644,814.1937648432297,0.0,1043.3598842570475,804.6319906643103,217.55587075798445,835.9841390908069,383.57677172312026,1073.2634957928854,537.3929417967871,1182.4481434355298,621.4489221602884,1031.6365384770368,1119.3602306645466,848.2349476353921,646.813671942477,676.2525185894867,937.206831544554,924.7807092122006,627.1107004391711,266.5493747379076,526.7758862783332,709.2196201875058,1085.5690065089218,921.789657716022,547.5188588902909,598.436282126869,161.97937151728797,611.6840198619502,948.4673102900206,199.97524426005225,404.2731236945602,927.5268123803958,601.3401856325432,826.8682910964139,906.6455241664142,880.5682114397741,511.3946737186439,1077.6941561784026,416.9951776405576,693.4923076670469,495.4661031294367,899.5328133294563,319.9852309600438,819.1034944173747,727.9872919198829,1081.828683079174,1040.270233381247,910.3180579872952,475.8688662576778,1001.7239122897786,696.2828493138989,88.06619514997234,258.09109532218736,157.17749030289056,486.49070733124256,250.76568532543016,887.9830272929646,885.7461790458023,988.7254163562664,833.8568870425662,932.897937614331,468.06641098266033,348.39336458145465,753.8286267527719,691.926192017465,788.3517611151701,690.8828685437567,654.7530835284356,942.5354694285836,590.3140764010135,749.1416270768963,523.9310464273057,1003.9458420456782,629.1545411074743,1021.8390578600906,586.8643506152674,927.0312013869706,325.85609368903454,614.6629285466026,1030.979123269469,598.436282126869,515.4663954067025,98.0647985825448,519.9245574978902,619.8412937525069,736.5787750197484,900.0982629671429,709.6689587982785,400.783294613658,815.8247219564266,971.8530276930064,297.7334306791939,1021.6573635583724,970.5409169045178,907.9881984562824,349.52290255651246,1026.184683283957,866.208933060171,803.4785946108063,709.6689587982785,910.5190741163544,625.9836290338616
3,1069.0304418580247,278.8556552890471,1043.3598842570475,0.0,268.9528744092884,847.0879770092351,325.88342421072497,988.1364805650176,182.4219227086837,908.8865964423496,261.4408561170021,512.3490349007232,737.3620637836424,462.1288628905542,671.8055833228944,441.7558526938249,437.6685717028524,208.7823483430068,147.7098202999671,592.0159242853432,864.0899390873398,924.6157810245824,482.073086402293,105.47121086497654,540.4990916714887,519.75908370996,492.9510743826338,918.2595599795924,482.43696484075446,559.1992524128497,895.0133184642771,663.0505203211898,151.26992646644518,507.8609890902416,362.69785791403945,236.6894603164223,683.165007366359,903.9114486666198,835.8613706088184,629.8399780920505,591.5500738020538,551.5401317253878,468.6294081874524,736.2522488156981,261.261595097379,475.951759023226,218.86622723038852,802.2936707390669,257.0545677598399,569.1729693667895,101.5605625526712,531.159322987479,982.7884483108554,794.1694975473808,901.9793679149108,595.4192944797882,875.7832698561408,671.3656712255391,498.04685887938257,74.64976410696705,215.74050342196955,596.4446551468187,658.2084093627966,1011.2364277427606,686.7884631735074,540.6608662555348,285.6640159971712,611.6123289170482,428.39609994849104,265.36200263372206,453.07313139372775,670.2398697923284,873.7342870414459,623.0417601235533,612.0694708970038,849.252596988948,561.8142582833518,317.779936954587,911.8097864044124,497.84519109350265,574.1155750462101,492.9510743826338,897.5478299504175,989.6672642778088,891.1303720035187,493.44511472217147,607.6183863245526,265.83696303562726,656.3394936576568,658.0831800438355,256.7604481451353,714.6283533425831,798.0508856596475,843.7163950344878,551.4019255121374,545.7105799833521,1005.0953195432462,570.5902534286669,328.14696723820686,411.6993053680586,656.3394936576568,341.5564141323484,753.0300347697641
4,1015.9877655593934,31.665088032195463,804.6319906643103,268.9528744092884,0.0,597.2711189029325,114.74995743450746,719.4694587130145,270.5890143753864,642.9297848725106,382.9906431691656,393.898804205534,577.33416716653,417.26854265561593,460.3390718717483,174.18925659227938,333.23059346699387,304.7806432002705,126.42419668639116,328.2593469496473,603.4365261043356,658.0889364643824,225.5984799926172,283.9909684145223,368.4012404443156,261.4276542712354,346.86026359941377,697.8714077508942,342.28270599399576,396.3790576370141,681.1969884877964,407.9592538553764,126.8453107354602,372.3670776257788,364.55785534100966,115.60472086803404,480.59459850069095,636.7497405996544,673.8219213510787,388.1691608213263,526.7262220981374,310.5991847111151,294.5578466100056,487.4291769644833,227.3701849199676,420.6531517353296,284.3305524142294,634.1870548744952,131.2005155931288,331.8703908831396,201.1278017622872,276.09815014821834,736.2198644511487,548.2046974889222,655.1659133736305,333.7909933243308,673.3760462914543,472.173688919798,313.96900844989284,199.1562131297564,71.79171044981383,421.6805540218582,391.21731759454,743.341214249027,646.2449025791486,471.53620243373615,17.15100505042272,360.0404187228908,296.2305683673093,169.3144156340241,235.4680945666166,628.7796585897225,607.1174887093166,473.0638994902398,517.8575839041137,668.3760807877775,436.05001091578765,188.73625745403336,645.0975553266252,368.4121755580892,446.24184486971615,346.86026359941377,630.5586930224068,763.9514392415886,624.3389711334282,366.1940876783413,562.9805570763936,125.79425084377044,599.2626414082955,406.7054851576305,12.288246021050576,537.7958180345199,595.8680658451559,663.5974343469654,399.94220194013616,366.8348674457423,737.1596210164012,441.2648151987194,144.15773349267533,400.0368868054419,599.2626414082955,193.11530085203376,662.1591521909053
5,1358.484045864726,604.1466527691995,217.55587075798445,847.0879770092351,597.2711189029325,0.0,620.8558724664845,288.67509518789194,862.7668058810939,388.7595661229164,970.142591858337,487.6932510245524,828.631767810053,901.8977374673284,643.5037958180485,433.484684359886,525.8052087656948,764.6923005258383,720.5723008944058,412.2626987443607,94.11979276008492,384.4744231396776,491.67392974276726,880.7108197090029,707.2157110351438,336.5389669586896,448.38882731148135,194.0431157865173,461.2306200949463,734.6270038528625,212.86033367477685,190.4066004605405,722.5334874499621,459.88869377806566,677.4735469273672,694.7556123503097,676.4841804929689,362.7493307281541,882.5280973605109,218.6285279019945,597.4583926956282,295.8881231178164,682.5987623408339,110.8563185107181,642.8633455032995,599.1953036563324,869.4471046615373,843.3037101279825,696.9932379241492,279.9053019904165,797.1431133592804,479.6766544822833,139.77674365932103,57.06431379102144,60.484575008880974,270.9636438576575,255.07497679320332,682.6469253864179,669.5683375364373,787.7683873129816,633.2603255092888,721.2302729024111,251.316406474472,275.39181004800434,686.7079453933534,579.5850398141249,580.5520268259821,479.54498007317966,493.6745215896128,728.1710955890325,399.6632800986736,677.4064425070368,364.1404473767744,792.9722038379098,535.4264761513937,831.1882164310609,466.4694120154196,710.806445193523,192.77261458109,472.6372192566494,817.0277476466373,448.38882731148135,364.2879868192233,218.20213903431497,366.2426642134965,477.3515114375989,646.8476312033903,686.5269195460982,634.1486023972823,190.64920735464415,608.8951122922903,768.6544743832746,238.66103874707943,830.3380128966736,756.1847010282349,693.6956374067912,272.3871239865909,812.1352961657082,650.3157264375235,664.0787609885972,634.1486023972823,693.7542715341124,582.4570068686693
6,905.9766436221178,83.22218752779033,835.9841390908069,325.88342421072497,114.74995743450746,620.8558724664845,0.0,695.644918183559,255.3773402840585,594.3384367647483,353.4516728542763,497.3037507723809,463.5913275639486,320.53023557580144,357.3745392530666,190.6695740921912,441.60463781730215,409.44128632723897,181.51494162803004,279.1646078251406,609.4046938627737,611.2716579700622,164.74462308571927,302.2201410143609,254.4218355805043,291.6370553645193,445.5213591173966,747.2161633180335,442.80069927503706,281.91187142751414,735.6506262930455,431.7141844364064,176.10141719080227,472.6317665717261,479.22600555885685,93.8767866621203,374.4893220259023,592.6094085393605,560.6943210279508,430.7849843773725,635.9805826728253,360.0270641441888,180.04213336679774,516.2667650824899,341.46002253140404,532.7868975718055,253.9260789531234,521.6180715583059,83.58615890757545,383.171189384886,233.09620206932416,210.20700457316667,760.4010021221643,578.2067648215341,680.9216996950347,349.9150632520261,735.3240300713418,364.8847542944976,200.7957147582852,251.27301172990613,178.9810330868887,308.5202426853917,386.9160191496828,724.8683590394872,756.9346724910134,581.2064005903514,114.18329307620644,287.18943387088274,401.1485021328919,108.29872972508268,312.7246427535823,739.5422171575998,561.1775030517298,358.37428754240005,622.5658395032195,558.096829650412,536.2170345851222,95.26524674061464,633.7318471204065,470.3584337313291,332.2214314658593,445.5213591173966,585.7795320476519,807.6987992847743,578.8554427372235,468.7508208365811,674.1245473232904,72.24849572414894,708.4826473519597,436.1591284539215,118.04059676966034,425.9348443029035,660.1244930492348,553.1429406922942,285.1925281352095,253.64004134340468,718.5450551914969,327.18151755884,35.37378330117146,514.694783082328,708.4826473519597,88.29893552902769,764.816035150298
7,1235.4938562057423,713.5849363957493,383.57677172312026,988.1364805650176,719.4694587130145,288.67509518789194,695.644918183559,0.0,950.8668884637088,174.98968570667438,1042.6290948793903,740.9997412013481,722.7624300495804,900.9300417784642,556.4806045018831,546.6164466490211,762.2119750954572,958.9356050862328,844.5760490279617,420.6334828066178,198.51241140073472,158.9729924544531,533.4730704995089,992.6799643900146,674.300712435976,481.8865762210636,691.0043681081036,459.32173553005794,702.4241670367854,693.3513984276047,487.8892044509276,367.073236455546,843.5295474997466,709.0831148168131,906.1534022685588,786.2393945032671,584.0063021664479,153.7238806088072,746.6774260377206,433.1484909355495,868.1714539863941,488.1757522034755,681.115113936283,342.8053771471046,838.206905289062,850.1982401252907,946.4270541675828,714.7149910326135,779.2080517980795,483.8554718685491,914.782114133562,496.4643188876311,307.1443520641483,329.7747762689167,299.7019187756531,406.0534175059325,536.3526237227184,595.2974299989912,657.169693247564,918.3410006318252,775.9598517977175,665.126117636915,332.7570138124758,43.34046450207749,966.4178245272208,842.4124385811608,702.6022313015917,447.634403850245,721.1210118755529,800.2499402404942,592.9621763990242,955.8026375576652,179.61095233794236,727.8787788613097,809.1556065398421,683.591113261754,729.9082594571361,765.845036191709,100.68601270031937,720.4406896356247,771.4366581521443,691.0043681081036,160.33618702797372,447.837160483976,167.32465836814083,724.4317642990036,919.0026091854124,767.8710334010386,912.1201428147548,383.47575851655216,731.7297488352858,666.570995853478,527.3106596146613,684.6977814309292,717.7930307425731,659.3262343838065,38.90300533059955,767.6359613100583,714.5082265686603,903.2511796529182,912.1201428147548,742.3764505547689,868.8958583469803
8,886.626268111129,259.0789253102463,1073.2634957928854,182.4219227086837,270.5890143753864,862.7668058810939,255.3773402840585,950.8668884637088,0.0,843.5444211473475,114.08846811564716,623.9666190570388,579.285398324122,282.2376635234212,545.6958653049849,430.11647512608135,552.4917188732023,376.93954069165454,168.77914873191398,532.5082923824859,859.834156132752,861.1305010409792,418.2095829974322,86.57058460422854,399.1344920346799,526.4810335750066,589.6020526366443,968.405906180934,581.8267264539652,411.4274274060813,951.2584323503478,672.3906438627324,162.17604613667837,610.7095309564495,515.0543321739231,169.0094836182324,550.2314742806624,843.724904596981,675.8734377004639,657.9386208826936,729.5051035499042,580.894407172696,336.44272536841186,754.3181147887342,388.9944865315483,613.7113759848623,36.456657544460086,645.766855348214,172.05847688872072,602.3733372138496,109.22390004903322,459.9217478771297,1002.4041567733984,815.7579451584985,921.693902162438,593.8577352431083,941.7306396637348,536.8509627115957,368.0639080651454,149.84297425357175,262.9566102819724,452.1710936638804,639.2472790949391,980.2439623418836,836.0068280848246,675.3603037843095,286.08906816332563,528.729761398237,529.2138551753982,152.3984639425507,502.939857033104,818.817873665056,811.8531076364004,465.3680353750636,738.1555479623783,697.4971655715623,671.473792736163,196.426106740252,888.5431650583755,603.4209954473164,410.3271312583784,589.6020526366443,836.7027137139943,1034.4768782100812,829.5575606209186,599.945841601627,753.682165503829,183.35434640306357,798.8696828169675,673.2727488595903,260.3121559914318,565.2259763089393,863.8116050452387,691.7280809672494,398.7622691595387,407.6735343807352,973.9211067504796,407.5250232244173,237.7800973532743,562.3287090268288,798.8696828169675,222.744141052892,883.4675772083667
9,1060.668031851806,630.0798516809858,537.3929417967871,908.8865964423496,642.9297848725106,388.7595661229164,594.3384367647483,174.98968570667438,843.5444211473475,0.0,924.719005052725,757.9710820887938,551.5615542416405,755.6094062802997,393.5576781883551,482.2116099290621,762.1633543911724,915.9262159477952,761.4385155782305,317.2254815004545,296.9128279962989,19.302182071761823,430.1144922297302,896.5585665359326,524.7457265106981,447.5510021938672,700.8418328802419,580.0540158063494,710.2384408477708,539.9889499170098,601.5024651843071,380.20214135359294,758.7074125533147,723.8444917464197,892.4619247997985,688.0693134140597,418.50844052415937,26.43126517365926,571.9850480446404,452.0997901335303,900.1429226872223,482.3794388223265,543.8925356422453,395.3496750430578,801.4456825298514,859.6817602032146,833.6532780114989,540.6488665464126,676.49829630485,486.46843328573857,824.7642143054755,384.5473177416827,453.2834554766041,409.579266941072,421.747889956374,382.667754217146,643.0504591129204,430.84183881611045,516.6299738811522,835.6108800282698,707.8778541605008,507.7700186830783,302.14171206006694,218.32929855482453,1010.3622499968244,865.182066470203,627.2507297217242,317.02252812506083,715.9815558389525,691.164631462444,573.4512530573837,997.5084754956524,37.82059726814416,565.8914809206503,847.4576895417699,508.6231064031791,758.3131387834817,650.0401447166344,212.5624787824363,733.1980686995727,614.1703076022928,700.8418328802419,24.642263105724098,585.7215540668374,24.901024364972415,736.2698171669974,951.4961833676754,665.3497941405925,954.1355996071604,401.08443859903394,654.6795051522053,496.8623611722474,614.916805693381,509.7654911430329,564.5505521551386,509.899455208772,213.67403571553996,610.8177146182892,606.3540768009533,899.0760436172586,954.1355996071604,624.7222014223455,931.7608506790676
10,830.241742764487,369.2087416320222,1182.4481434355298,261.4408561170021,382.9906431691656,970.142591858337,353.4516728542763,1042.6290948793903,114.08846811564716,924.719005052725,0.0,735.6937079736224,594.6476980392304,266.2990879914761,595.9014180845147,536.6589648915366,663.4300037973695,468.6643658786169,282.12865837317133,622.0285559971578,962.673999467519,942.946015165512,509.6955945349604,156.7183245514496,442.3783501353313,634.9538466014718,702.7887137745936,1080.6920644563963,694.7593402162486,447.0638989874831,1064.1666185273898,779.8183001722499,275.8558087799853,723.4126124228164,615.8995073783682,275.8034455228012,594.3776465479045,927.2572276116452,685.896443205462,768.6274557761525,836.3308099642883,692.2616310022319,392.75090290629953,862.7829416636007,495.9856124333264,720.1189229191692,100.69793161466876,661.3027481181679,273.5187938333588,714.0637487565116,216.1448559148511,546.7561536249088,1109.917138058556,924.4992379976968,1029.5689610626468,699.8546508249975,1055.3452142805636,580.0417336880998,423.8896057800745,252.24174551535788,376.8859360534939,489.39439074388457,740.3655869263097,1074.0344579235486,939.362315353647,782.8697449034869,397.9947018584369,607.6980732509929,641.8024914302935,245.3200071768161,616.5485412489502,922.3827457874404,895.0399141384156,485.74533900128415,847.8704762989801,717.7906204348318,783.6146263746992,276.9063690800904,985.6719196687236,715.8119799383935,424.4837393324303,702.7887137745936,920.0287873970408,1145.9999484685238,912.6480987898244,712.2194686912123,858.0042699730595,284.26805143219326,904.5208277687568,781.7913194461396,373.1199441918531,592.016011407821,977.5002892055708,711.8740072672098,429.4129737152708,453.6731316697309,1067.6968866619932,423.01484943932974,329.6380523551623,664.1542238188475,904.5208277687568,301.07319564083696,992.6252956040072
11,1401.9925447794426,422.9041979506828,621.4489221602884,512.3490349007232,393.898804205534,487.6932510245524,497.3037507723809,740.9997412013481,623.9666190570388,757.9710820887938,735.6937079736224,0.0,925.6751397134132,811.1309689283003,768.518956153972,375.8888022033984,74.69992001597038,344.54939272468323,455.8231597997848,537.1778514721709,553.2406747814471,764.7617575711848,506.153516489083,593.2826992179431,727.8181558168894,335.98925838310504,61.50849513812668,467.5955827362055,57.8471359385444,758.7182355323214,434.8911817027604,381.2509971361661,463.1387170527399,34.531315708246694,208.32586462913997,504.6128960356524,797.4530424357413,739.1933932525172,1013.9554122545492,310.5017199348642,152.6738664470735,278.3225399882445,662.4121630559706,400.6600468842129,251.2584197642768,111.50880351547777,649.4044021704674,971.7630360566112,523.6271799399076,271.6973413784255,520.1173983981862,541.1709953794829,590.4797947749212,431.9842542831837,521.6950870788037,380.9943244468755,399.9117556090852,794.1118506959123,672.3669711820049,488.1056818728016,366.64890257404056,772.904047011114,458.6924121046406,742.8275120771981,275.31430940269627,108.27106235883802,387.5415464565148,609.4394089138339,97.86997532467572,561.3706510060117,217.1081304642558,259.1891665658385,721.186012564169,836.2595135466923,125.48531730602409,991.1530999599933,49.50104244887132,582.031764739492,641.5497048178564,28.968589951184857,822.5628510005051,61.50849513812668,736.2222583130998,542.6228606225046,733.4344832526066,29.077541682942744,201.26534362255737,519.25878043134,220.96739211794016,361.9219767708325,397.5646160565953,875.4061904552242,330.33676345649263,987.523542120669,768.566342403188,721.5993932429897,738.2375711331173,817.296314080286,531.4381255071946,182.05779340054573,220.96739211794016,583.4797547662916,268.2867144071256
12,529.8814128457325,546.323436587857,1031.6365384770368,737.3620637836424,577.33416716653,828.631767810053,463.5913275639486,722.7624300495804,579.285398324122,551.5615542416405,594.6476980392304,925.6751397134132,0.0,334.4899030539941,185.41465091429865,551.7922219476525,883.662372333367,868.119411760246,620.8134923966097,435.2421325594245,765.0972020316809,569.9076392906138,422.04966746173017,663.6128497856279,209.1894464870739,619.3967951791858,866.6168897917506,1010.870548899956,867.937737273279,183.18150535158512,1015.8715887387076,691.347564103239,612.7693338694011,895.3265078188833,941.2564269800388,519.5436470028103,152.22845225873348,569.7594202977587,98.88556368772748,735.5799337145979,1074.896440869063,699.1608358620301,284.1948657378971,764.0157338934285,804.6908242712536,982.2705103038616,548.902790005987,66.85397933991008,494.92490063239217,719.5521675625097,636.2691456398372,396.5128058298312,943.7145861048948,814.2048038186393,883.1663406478112,623.2082484972034,1037.358588653687,147.3367553048888,263.4295286020252,671.5716597339302,642.1976402216882,156.08801256627805,592.6791178857347,765.3765381129681,1198.2856483534665,1022.5514773046334,573.7239367708582,357.6965259538397,837.7143612343335,475.6226800371268,712.3572025965581,1181.3931245465278,543.2619542291868,114.48878066303398,1049.059216264357,124.38006175763896,954.9863134247104,425.25313186367,724.1536408005335,896.8654349805167,170.76140677393656,866.6168897917506,562.8397338451266,1046.6850435589083,555.6404524062962,896.6873500149507,1118.22953678973,490.04229521295855,1145.8134531560345,708.3611360266613,581.531180485583,59.97859154481001,977.1987082185658,118.45427342382897,186.60768290484185,210.66342932145352,760.0259990871191,172.8345584787517,440.169665202782,974.1886419167756,1145.8134531560345,405.72949635976863,1180.8282295413062
13,615.1173623203979,388.428606445262,1119.3602306645466,462.1288628905542,417.26854265561593,901.8977374673284,320.53023557580144,900.9300417784642,282.2376635234212,755.6094062802997,266.2990879914761,811.1309689283003,334.4899030539941,0.0,378.83977266113,498.665618783994,749.5465143077562,638.785316142486,391.3477866753033,499.53542620756537,869.2216759565787,774.8319220678713,410.4626222728514,368.1763753351057,231.41850638978784,596.7610487541151,762.6205276451897,1050.0876488325812,758.7883009425323,221.14562057163744,1042.6828605073783,722.3615569748996,382.3632025092667,788.848482162331,754.4286399226082,311.233653951968,367.1462964255925,764.5507506837293,421.8024531013237,736.2884530645345,941.497556140342,672.0116761845461,223.38231008946264,807.1614705924941,616.5860344951545,831.4995759433048,246.49684489877797,400.1300094705983,289.5634497460578,695.3244738611597,371.5160186780311,425.48785777453855,1037.2787466524346,867.6681010612942,962.1871250001728,639.878154768377,1047.4075561042391,352.32928213434406,244.23118233157672,413.28737274824937,455.7256414608341,260.4688241388981,651.8361650544894,938.3388614626134,1058.4631898816003,886.0993164895974,423.9464142239232,454.4960041712862,713.499083643492,253.3206895072271,633.1910178999765,1040.950777351966,732.7745430334405,233.98656138300507,935.0581273818552,458.835429709426,852.6090275201742,229.58587970742687,865.8792100508946,785.383743043316,170.42447981512774,762.6205276451897,757.0475618000345,1104.6281447887568,749.3234243718666,783.2890027907889,974.7973845412962,292.6492460104411,1013.7974865934104,731.5240076437751,414.1706583292802,341.78057389383343,974.212116142271,452.9042980291133,197.78597494199147,246.0754560324201,932.1605481411908,170.58405949595323,285.15940887620667,797.2987486319496,1013.7974865934104,232.26690783600387,1079.4105195314726
14,715.0284253788969,432.4678571386178,848.2349476353921,671.8055833228944,460.3390718717483,643.5037958180485,357.3745392530666,556.4806045018831,545.6958653049849,393.5576781883551,595.9014180845147,768.518956153972,185.41465091429865,378.83977266113,0.0,393.1336048819074,734.6532624295,764.2859181481952,535.4695798473944,253.7537637684435,581.9458673966531,412.74283851449536,264.16213514762,620.331986922178,154.408450719596,447.29772413298633,707.8328456674697,825.5203735431776,710.7736518287799,157.84946059615504,830.884279749433,507.922792062932,528.9038425691763,736.4513834866375,812.0863831823216,436.4843393835717,33.34838246877854,407.63634444685766,253.24983869312263,555.3360093959432,920.378102322492,525.0673267004679,209.29894640286145,579.1062810752888,682.2928946166006,836.3815589989919,523.6265986932021,211.0114804728098,414.9148675901418,544.2166123026619,571.7314612028702,227.72154719529823,760.5141330667191,628.8300231997566,698.4941309978428,442.8952197698466,853.2900906690963,39.99160452785824,177.7919972572826,599.1877976853227,531.0242799099369,119.08375015988412,408.0130282407667,597.7996698908036,1043.6459131144902,870.2866502462032,452.2665982711279,174.90940124343615,686.8093537312151,409.3055208128997,551.7472219108622,1027.2525124350268,378.16675623366496,172.34966139497612,888.783031685527,222.70116008163612,793.2559133529339,357.26515141196904,546.9585628231766,739.5531438554832,222.9279932813716,707.8328456674697,400.2963041319202,861.4537877168308,392.6946497800985,740.008498721448,966.316738964936,406.6451791669895,989.4510358634932,525.5530649183373,467.5712773288124,125.57171231878368,794.6630624165197,219.21432057166905,181.0850644146945,142.327158769212,592.0883871510406,220.1095784218897,345.91833899783603,839.3568160581622,989.4510358634932,331.9031578846684,1014.7380069972504
15,1046.4537318254747,173.88571379979857,646.813671942477,441.7558526938249,174.18925659227938,433.484684359886,190.6695740921912,546.6164466490211,430.11647512608135,482.2116099290621,536.6589648915366,375.8888022033984,551.7922219476525,498.665618783994,393.1336048819074,0.0,342.7165732731688,435.31473301155097,300.5266063675432,184.44927804426595,431.5393711659262,495.8870485802083,130.3753701169338,455.61721340134136,362.02316558727904,100.98958844924412,315.7577255339094,557.0279310700398,318.055422593596,393.382233723739,546.5552716547618,243.2111889209877,300.50947891704544,344.47380302551375,437.44888380173217,261.50361419813424,421.6532853307999,473.1265627172096,638.4060709388094,240.613477715658,527.3396634441085,173.35015070533373,306.1428585650188,326.82846964550123,326.0668701126739,445.3303732577984,435.9649240611556,596.1256335458853,263.64874220351044,196.66029816550332,374.0552234584674,167.28475201055645,573.260425732419,388.7382748264939,492.9989421797666,163.74575141817044,548.9686862665789,418.224987835083,308.71832196237483,373.24051530396974,229.9189139503741,402.03383139302025,217.0320645463321,569.5407535956422,650.6945953345718,477.1875608918966,157.08758728722023,243.3972872365396,294.3662973660383,295.8381139101374,160.59003665354427,634.2231569137195,445.1844590929274,469.1180112841581,497.8282537389777,615.5504613957385,403.285683118975,284.6049913841738,470.9164892303246,346.92882193485764,465.4440118589221,315.7577255339094,467.4422838127592,617.0312597347883,461.7890839246507,347.1989465012098,573.203223264894,253.32519538742517,596.8367385460793,246.1911974361328,186.4683614724867,500.13624770569606,475.5616190602453,611.8398712905852,406.9607099035193,353.70246332202106,563.385718607282,460.0853916011666,223.09342667399483,457.2297114819562,596.8367385460793,271.9686641102944,629.3610801632087
16,1347.53992915731,363.5300512887473,676.2525185894867,437.6685717028524,333.23059346699387,525.8052087656948,441.60463781730215,762.2119750954572,552.4917188732023,762.1633543911724,663.4300037973695,74.69992001597038,883.662372333367,749.5465143077562,734.6532624295,342.7165732731688,0.0,273.42701412139303,385.2093771200063,516.2159788485013,582.4670452773314,770.6824499782866,470.4984605243509,519.4645892633498,681.2531342737702,322.7017693353424,78.41850742427154,527.2249535346036,65.21022974032273,711.6196679703374,496.4819100145781,395.9326418074764,392.8187271658665,77.70850990355082,152.27061972932796,440.1350766001298,762.0466405452609,745.3213619134327,974.692930947412,329.3491267200787,194.4149195096217,280.5349361815809,612.8852145900703,429.73084926376487,176.5599621109878,103.15062872537806,578.9214594529541,932.9205455552512,460.3900354548352,280.0942261341187,447.469235136875,510.0013015975025,638.32447058285,468.9373096170851,565.5109282013906,379.7118336777979,465.2071988027845,757.5021362176972,625.4697945109183,414.5645927037584,298.9205541700415,728.9397541488573,460.0410705417845,768.1069097708057,316.3157987652276,140.01064477666364,328.90978957068467,583.8370764478619,48.9360900767237,497.60995770356766,195.21205793490503,299.08989768102174,724.6811115408101,789.4610799255773,187.3872525162662,956.1952656814487,124.19573230758893,521.9346709619746,664.8756178650251,65.10822718254933,771.4500688298367,78.41850742427154,741.6731057329606,602.2604584374153,738.171426777379,59.99271388547952,234.8095153317084,456.9012341185169,266.8846234625832,378.7766047729498,335.5006289803209,835.8469111803621,392.4478820224166,952.2556698445596,719.6961193647688,676.1990161855502,763.1290815437236,766.2638399944925,474.6249161935917,141.11686338779393,266.8846234625832,525.5604610010175,333.17962520401704
17,1253.591828705279,331.8272655732675,937.206831544554,208.7823483430068,304.7806432002705,764.6923005258383,409.44128632723897,958.9356050862328,376.93954069165454,915.9262159477952,468.6643658786169,344.54939272468323,868.119411760246,638.785316142486,764.2859181481952,435.31473301155097,273.42701412139303,0.0,252.52215324249767,615.7024665507988,803.2126721988333,928.7272437471906,525.2032087819327,311.9597262779882,660.0319721919954,477.90068796832674,345.02426772465213,794.9294933494795,332.32904124734563,684.9379066470719,766.1221786507436,600.8976910151076,261.306942947054,350.80001589309245,160.52127175222577,350.4582120221372,783.2303328271842,905.1572139907528,966.4717957124392,549.1381462015181,393.9494034929232,478.3494368435901,584.6285437950105,658.0767921187831,122.45698818459483,282.24918359776615,411.7180034128045,928.6435820600916,375.41616622132017,489.16231701940575,271.1950083913232,575.1169368149331,889.8809313511093,708.1626541639883,812.3579801270091,552.9574318939951,737.4635291873188,774.0441896464695,608.664800703583,228.84364986299343,233.39944886004548,715.5489170674807,629.0546315535537,973.8797923824354,481.040416779479,347.19500990582594,314.8097354053451,659.3163196480432,283.8984957833632,401.27332020439553,370.6390001457007,464.8964801315388,878.4966374993774,757.8390395008444,423.9152857994677,967.1995280640716,392.6271191567345,446.7682178773357,870.0516920523171,338.48340650150243,719.6176812453582,345.02426772465213,899.8791473916215,869.4510651574403,894.6348135511638,333.4020275403778,404.1989694786713,379.0422576655332,454.4594011797229,589.6386911811754,296.87993406055074,834.1682005243741,663.1562982550029,962.168779443012,683.568839805217,661.0219836182803,968.1945178583896,715.2500538862394,428.7007210315215,209.0582340490217,454.4594011797229,463.5078494997104,558.0620384886294
18,1006.0855584517992,131.91462495781832,924.7807092122006,147.7098202999671,126.42419668639116,720.5723008944058,181.51494162803004,844.5760490279617,168.77914873191398,761.4385155782305,282.12865837317133,455.8231597997848,620.8134923966097,391.3477866753033,535.4695798473944,300.5266063675432,385.2093771200063,252.52215324249767,0.0,444.42012193634486,729.4522964979133,777.2967032895182,334.4345736409475,160.79249071539596,415.587719913938,386.3107024869224,420.8346273636776,810.9437220934674,413.0559418656736,438.2592708748666,791.5732139936945,532.3840411526842,8.991569821583546,441.9894904993936,364.5244628341304,101.6539984065793,549.8861762069852,756.8111279447694,719.6305763580565,507.8275484956748,566.8754088574633,429.3159768827556,340.83467573333274,610.1311940828953,229.6570482228114,452.3312421207144,193.72231666593245,683.231068788098,125.95433426532338,449.28587377572313,76.9486116980127,383.6983066403159,858.7858796651551,670.1481129711618,777.6553287966544,459.7265085578383,779.0146002715697,539.1103123358067,367.7610705850881,74.31621054131247,95.82977270143488,471.8073700157592,517.503535562808,869.1452198911361,677.7417016341209,512.0295932498168,143.5710866613948,464.750011080362,360.5578329127644,148.85527170437916,341.9045280150071,660.3429243299211,726.4615352591379,508.6911651240376,571.8562497106843,725.543630826105,503.0073748877505,196.06788759543687,771.3501759389371,434.8376586070864,467.9169887000874,420.8346273636776,750.3852789126175,879.3251223944326,743.9035148230774,431.4302746593948,594.4772207224378,131.6876768854982,637.55722797936,529.965740133659,114.18933441471803,591.0933428169127,700.84595535061,720.257703165507,434.7212477231664,418.4684099722636,862.9423757304105,463.6652650796179,189.66163526723665,409.0775694849304,637.55722797936,215.22192623496093,717.5479790251244
19,959.3928786745364,313.50245966339105,627.1107004391711,592.0159242853432,328.2593469496473,412.2626987443607,279.1646078251406,420.6334828066178,532.5082923824859,317.2254815004545,622.0285559971578,537.1778514721709,435.2421325594245,499.53542620756537,253.7537637684435,184.44927804426595,516.2159788485013,615.7024665507988,444.42012193634486,0.0,370.3710574286565,333.47599419522453,114.50716497342503,580.8213603447145,294.96880300584667,202.92329912195643,475.6703728191106,582.3249751425037,480.8840900866129,322.476875712005,584.0734186630507,256.6748278412268,441.5546272912632,503.4501028052075,620.9756653122071,372.2678074213085,286.6171183945558,313.9555401165172,506.7551008307631,301.58334873278176,689.7071361725184,275.8591306422159,276.36496031437207,333.0621708254176,509.8832475032496,619.3209723433172,526.387408699044,464.6609076975452,362.3684087724576,293.4182172363055,507.7345507570554,76.73282665822406,542.3411567900034,387.8090328324716,471.16336766172645,189.1644182472882,602.9576287966131,288.6659462580149,259.597150502976,518.5069835571345,395.9163456407432,311.3619816487856,162.86862242156826,452.8979993375236,811.1937484563365,643.4813620833515,313.310469390647,79.08357232114186,467.2807147032892,380.7735199310307,322.4798579545795,795.5966140511956,282.9125963985725,383.65566966224,651.3325207908154,470.3340292381756,555.3391462024471,345.2116510405444,370.1772925549749,508.6823082234331,404.8058941720692,475.6703728191106,307.262062019451,625.693135873835,300.5112417232854,510.02985188331496,738.286598043344,351.0800973506285,755.5336357434369,273.2045186874241,339.6685762806115,376.8181397571074,541.9585642858482,467.68967273832345,343.922056070266,281.43934493334814,446.5662863384799,399.8944467438,294.96723617516227,638.5121902144767,755.5336357434369,321.86076821772764,769.747676110011
20,1294.125920888477,605.4187316451612,266.5493747379076,864.0899390873398,603.4365261043356,94.11979276008492,609.4046938627737,198.51241140073472,859.834156132752,296.9128279962989,962.673999467519,553.2406747814471,765.0972020316809,869.2216759565787,581.9458673966531,431.5393711659262,582.4670452773314,803.2126721988333,729.4522964979133,370.3710574286565,0.0,291.62941843440206,464.7792441950967,886.7955607421898,661.974271247543,344.3916792771419,507.6551568705469,283.16076227666395,519.8468693135277,687.4082426700177,305.2066917142398,203.6664204635477,730.2658294120444,522.9116378267191,731.3576141005268,690.8391686518289,614.1597502095008,270.66346405887623,812.1540512278207,256.52272048341945,673.7403425577561,324.9743444118916,646.5046286883307,153.04706216143595,680.7759746849456,664.1046148644092,862.5802289218042,774.2931338972744,689.6929323982656,314.57615967831384,804.5078712219017,443.771294519907,178.6300411057496,131.322466940129,126.92031102425472,269.7277955306346,348.90969800877264,621.7643617570475,629.803685597192,800.0434172530213,648.3562005280726,669.5276614699619,223.159350374044,191.51856527711848,769.0769002094079,651.0575860274159,586.3228823181637,428.34637718330976,545.3817317715091,717.7018275263915,432.65948851381415,758.8419373235353,274.52482393877875,739.8601079404111,613.5043678445012,757.6009469408883,537.8320570571448,694.023114912771,99.75324632832024,534.9862518319751,769.7920261164264,507.6551568705469,272.6783929703096,294.36325461374577,275.16381359706827,539.3376803807635,724.1348691882644,678.7307506531955,715.244764921781,213.5832848346118,615.5365361963613,705.3314409124858,331.1485664104456,757.1892754204835,710.1618815472907,647.771803764026,187.546492162328,765.1505461302404,635.6466681815206,723.1197313307024,715.244764921781,674.4421981421244,670.3990400137069
