,0,1,2,3,4,5,6,7,8,9,10,11,12,13,14,15,16,17,18,19,20,21,22,23,24,25,26,27,28,29,30,31,32,33,34,35,36,37,38,39,40,41,42,43,44,45,46,47,48,49,50,51,52,53,54,55,56,57,58,59,60,61,62,63,64,65,66,67,68,69,70,71,72,73,74,75,76,77,78,79,80,81,82,83,84,85,86,87,88,89,90,91,92,93,94,95,96,97,98,99,100,101,102
0,0.0,763.3,650.2,663.6,439.7,1220.1,1032.1,877.9,1088.1,1231.4,1347.1,1463.4,428.5,585.8,1317.2,906.1,869.5,652.6,817.6,1399.5,1120.7,929.7,1183.6,795.4,569.6,928.4,833.8,1171.6,891.7,1067.3,1477.0,910.6,620.4,657.7,1119.5,538.6,1097.3,955.9,463.1,1240.1,1116.6,1359.0,582.5,637.8,758.1,1038.9,1151.5,937.3,549.6,879.3,983.9,727.9,671.8,678.7,938.0,1017.5,424.1,854.9,450.7,1232.3,810.3,823.3,929.9,1536.1,1036.0,965.8,1022.0,1031.1,728.8,939.0,733.3,798.2,848.3,806.1,419.7,507.9,992.5,928.4,1131.9,1150.7,1006.3,648.9,833.2,869.5,1150.7,1112.4,972.5,1068.8,442.2,1464.4,551.7,722.8,839.8,727.5,1072.0,609.9,1065.4,1145.5,1220.2,721.3,1465.3,721.3,1513.9
1,763.3,0.0,174.3,157.5,347.1,658.3,457.0,398.1,634.1,669.6,888.7,1005.0,430.1,344.3,798.4,602.5,565.9,146.5,337.8,941.1,536.9,354.6,621.8,234.8,293.8,451.2,534.4,741.5,411.9,637.2,958.2,205.8,331.2,252.4,689.4,248.2,566.0,478.7,323.7,678.3,541.5,840.2,388.4,149.0,238.0,690.4,643.7,460.1,313.8,399.5,637.6,207.8,385.8,224.2,574.7,468.3,362.7,367.5,452.3,773.9,192.9,394.3,384.5,1017.3,687.5,619.5,667.9,601.0,34.5,270.9,256.1,318.4,368.5,326.3,367.1,397.6,550.8,451.2,673.5,570.6,657.8,142.8,181.8,565.9,570.6,550.6,495.3,537.5,403.3,945.6,235.1,207.3,360.0,138.2,540.7,195.6,503.6,561.7,701.4,241.5,946.5,241.5,995.1
2,650.2,174.3,0.0,74.6,345.0,595.3,407.3,331.5,648.8,606.6,822.1,938.4,428.0,428.9,813.1,687.1,650.5,63.6,271.2,874.5,547.9,304.9,558.8,170.6,180.7,384.6,467.8,795.6,345.3,691.3,972.9,285.4,221.3,256.8,743.5,246.1,580.7,412.1,321.6,615.3,491.8,854.9,473.0,146.9,322.6,623.8,658.4,393.5,200.7,332.9,714.1,292.4,272.7,277.8,651.2,405.0,360.6,303.3,450.2,707.3,185.5,327.7,320.3,1032.0,620.9,696.0,722.0,655.1,139.8,288.8,189.5,251.8,301.9,259.7,365.0,395.5,604.9,384.6,606.9,525.9,591.2,59.9,192.8,650.5,525.9,487.6,428.7,552.2,401.2,960.3,233.0,291.9,293.4,222.8,555.4,82.5,440.6,535.0,716.1,174.9,961.2,174.9,1009.8
3,663.6,157.5,74.6,0.0,328.2,669.9,481.9,406.1,723.4,681.2,896.7,1013.0,411.2,446.7,887.7,704.9,668.3,11.0,345.8,949.1,622.5,379.5,633.4,245.2,194.1,459.2,542.4,846.2,419.9,741.9,1047.5,310.5,234.7,240.0,794.1,229.3,655.3,486.7,304.8,689.9,566.4,929.5,490.8,130.1,340.4,698.4,733.0,468.1,214.1,407.5,740.5,310.2,286.1,261.0,677.6,479.6,343.8,377.9,433.4,781.9,260.1,402.3,394.9,1106.6,695.5,722.4,772.6,705.7,123.0,363.4,264.1,326.4,376.5,334.3,348.2,378.7,655.5,459.2,681.5,600.5,665.8,14.7,267.4,668.3,600.5,562.2,503.3,626.8,384.4,1034.9,216.2,309.7,368.0,212.4,630.0,95.9,515.2,609.6,790.7,249.5,1035.8,249.5,1084.4
4,439.7,347.1,345.0,328.2,0.0,889.9,678.8,676.5,725.7,901.2,1167.1,1266.8,83.0,240.3,890.0,560.6,524.0,317.2,616.2,1219.5,681.0,640.8,903.8,515.6,464.5,729.6,810.0,826.1,690.3,721.8,1049.8,470.9,505.1,218.0,774.0,98.9,657.6,757.1,23.4,909.9,744.2,931.8,237.0,198.1,318.4,968.8,735.3,738.5,484.5,677.9,638.4,288.2,556.5,239.0,592.5,750.0,15.6,648.3,105.2,1052.3,479.1,672.7,665.3,1108.9,965.9,620.3,676.5,685.6,312.6,530.2,534.5,596.8,646.9,604.7,20.0,148.1,642.4,729.6,951.9,714.9,936.2,313.5,468.0,524.0,714.9,832.6,773.7,629.1,153.8,1037.2,112.0,287.7,638.4,287.8,632.3,366.3,785.6,705.8,793.0,519.9,1038.1,519.9,1086.7
5,1220.1,658.3,595.3,669.9,889.9,0.0,298.4,564.4,229.0,11.3,612.7,657.5,888.6,731.3,280.7,531.8,530.3,658.9,578.9,665.1,366.7,326.3,294.1,451.7,707.5,733.5,684.8,303.6,550.6,284.2,440.5,492.9,656.7,713.3,310.9,791.0,273.5,702.8,866.5,20.0,298.7,322.5,775.4,742.2,571.5,469.3,190.2,742.4,727.5,474.0,469.3,602.2,725.3,685.1,379.1,250.6,905.5,442.2,866.4,497.9,466.3,719.8,389.8,499.6,473.2,472.9,437.6,286.0,640.0,427.8,581.6,515.9,482.0,523.8,909.9,940.4,336.2,733.5,397.5,332.8,519.1,655.2,477.6,530.3,332.8,222.9,719.4,287.0,946.1,427.9,777.9,622.2,601.1,656.7,290.2,677.8,175.9,341.9,161.9,523.2,428.8,536.2,477.4
6,1032.1,457.0,407.3,481.9,678.8,298.4,0.0,376.7,322.4,309.7,580.5,696.8,717.5,560.2,486.7,474.6,473.1,470.9,390.9,632.9,154.9,125.0,261.9,263.7,519.5,588.7,652.6,469.2,362.9,364.9,646.5,291.6,468.7,502.2,417.1,579.9,254.3,616.2,655.4,318.4,86.9,528.5,604.3,545.1,372.5,437.1,332.0,597.6,539.5,286.3,423.2,390.6,537.3,474.0,333.0,124.1,694.4,254.5,695.3,465.7,265.0,531.8,202.1,705.6,441.0,415.7,395.6,328.7,438.7,226.5,393.6,328.2,294.3,336.1,698.8,729.3,278.5,588.7,365.3,121.0,486.9,467.2,276.3,473.1,121.0,190.7,632.8,225.8,735.0,633.9,566.8,423.2,413.1,455.4,229.0,489.8,143.7,130.1,389.7,335.2,634.8,348.2,683.4
7,877.9,398.1,331.5,406.1,676.5,564.4,376.7,0.0,649.4,575.7,635.8,752.1,759.5,602.6,806.3,755.5,754.0,395.1,199.3,688.2,529.2,274.7,476.2,187.5,340.9,410.1,493.3,796.2,13.8,691.9,966.1,354.5,290.1,510.7,744.1,577.6,581.3,437.6,653.1,584.4,461.2,848.1,646.7,478.4,436.1,492.4,659.0,419.0,360.9,146.6,714.7,432.0,358.7,482.5,651.8,315.8,692.1,122.2,737.7,521.0,229.4,353.2,200.6,1025.2,496.3,696.6,722.6,655.7,379.8,289.4,215.0,79.7,82.4,71.8,696.5,720.5,605.5,410.1,420.6,495.3,542.2,391.4,252.3,754.0,495.3,456.7,454.2,552.8,654.8,953.5,564.5,465.6,221.5,396.5,556.0,355.0,409.7,504.4,687.5,176.0,954.4,156.6,916.7
8,1088.1,634.1,648.8,723.4,725.7,229.0,322.4,649.4,0.0,240.3,802.9,605.9,659.6,502.3,229.1,302.8,301.3,712.4,659.9,669.8,236.3,438.6,484.3,532.7,788.5,857.7,875.0,168.8,635.6,55.2,388.9,428.3,737.7,549.1,114.8,626.8,109.3,885.2,702.3,249.0,301.2,270.9,546.4,617.6,407.3,659.5,63.4,866.6,808.5,598.0,240.3,438.0,806.3,520.9,150.1,383.7,727.0,527.2,637.4,688.1,498.6,800.8,522.1,448.0,663.4,243.9,212.7,57.0,615.8,374.4,662.6,600.9,567.0,608.8,722.6,776.2,107.2,857.7,587.7,270.2,709.3,708.7,475.2,301.3,270.2,413.1,901.8,122.8,781.9,376.3,613.7,458.0,682.1,540.5,126.0,731.3,366.1,261.1,132.1,604.2,377.2,617.2,425.8
9,1231.4,669.6,606.6,681.2,901.2,11.3,309.7,575.7,240.3,0.0,624.0,668.8,899.9,742.6,292.0,543.1,541.6,670.2,590.2,676.4,378.0,337.6,305.4,463.0,718.8,744.8,696.1,314.9,561.9,295.5,451.8,504.2,668.0,724.6,322.2,802.3,284.8,714.1,877.8,8.7,310.0,333.8,786.7,753.5,582.8,480.6,201.5,753.7,738.8,485.3,480.6,613.5,736.6,696.4,390.4,261.9,916.8,453.5,877.7,509.2,477.6,731.1,401.1,510.9,484.5,484.2,448.9,297.3,651.3,439.1,592.9,527.2,493.3,535.1,921.2,951.7,347.5,744.8,408.8,344.1,530.4,666.5,488.9,541.6,344.1,234.2,730.7,298.3,957.4,439.2,789.2,633.5,612.4,668.0,301.5,689.1,187.2,353.2,173.2,534.5,440.1,547.5,488.7
10,1347.1,888.7,822.1,896.7,1167.1,612.7,580.5,635.8,802.9,624.0,0.0,221.3,1250.1,1093.2,648.3,979.6,978.1,885.7,689.9,157.4,648.8,608.4,318.6,667.3,831.5,593.4,544.7,877.5,622.0,858.1,590.0,765.8,780.7,1001.3,884.8,1068.2,748.2,562.7,1143.7,632.7,580.8,674.9,1137.3,969.0,915.9,329.2,764.1,602.3,851.5,508.0,917.1,911.8,849.3,973.1,826.9,532.7,1182.7,560.0,1228.3,197.6,709.2,653.4,517.6,531.9,333.1,920.7,889.5,822.6,870.4,700.7,705.6,587.3,553.4,595.2,1187.1,1211.1,772.4,593.4,215.2,614.9,379.0,882.0,732.1,978.1,614.9,389.8,579.3,719.7,1145.4,551.8,1055.1,956.2,712.1,887.1,722.9,845.6,436.8,624.0,735.8,666.6,620.7,647.2,401.4
11,1463.4,1005.0,938.4,1013.0,1266.8,657.5,696.8,752.1,605.9,668.8,221.3,0.0,1265.5,1108.2,427.0,908.7,907.2,1002.0,806.2,63.9,765.1,724.7,434.9,783.6,947.8,709.7,661.0,680.5,738.3,661.1,368.7,882.1,897.0,1090.2,687.8,1167.9,650.4,679.0,1243.4,677.5,697.1,453.6,1152.3,1085.3,948.4,445.5,567.1,718.6,967.8,624.3,846.2,979.1,965.6,1062.0,756.0,649.0,1282.4,676.3,1243.3,313.9,825.5,769.7,633.9,310.6,449.4,849.8,814.5,662.9,986.7,817.0,821.9,703.6,669.7,711.5,1286.8,1317.3,713.1,709.7,331.5,731.2,495.3,998.3,848.4,907.2,731.2,506.1,695.6,663.9,1261.7,330.5,1154.8,999.1,828.4,1003.4,667.1,961.9,553.1,740.3,560.6,782.9,399.4,763.5,180.1
12,428.5,430.1,428.0,411.2,83.0,888.6,717.5,759.5,659.6,899.9,1250.1,1265.5,0.0,157.3,888.7,477.6,441.0,400.2,699.2,1302.5,719.7,710.7,977.9,593.6,547.5,812.6,893.0,743.1,773.3,638.8,1048.5,531.8,588.1,301.0,691.0,181.9,684.2,840.1,106.4,908.6,782.9,930.5,154.0,281.1,345.0,1051.8,723.0,821.5,567.5,760.9,555.4,360.8,639.5,322.0,509.5,824.4,67.4,726.3,22.2,1135.3,551.7,755.7,743.3,1107.6,1048.9,537.3,593.5,602.6,395.6,586.6,617.5,679.8,729.9,687.7,63.0,231.1,564.0,812.6,1034.9,753.6,1019.2,396.5,540.5,441.0,753.6,906.7,856.7,655.7,236.8,1035.9,195.0,294.3,721.4,370.8,658.9,449.3,859.7,744.5,791.7,602.9,1036.8,602.9,1085.4
13,585.8,344.3,428.9,446.7,240.3,731.3,560.2,602.6,502.3,742.6,1093.2,1108.2,157.3,0.0,731.4,320.3,283.7,435.7,542.3,1145.6,562.4,553.4,820.6,436.3,583.0,655.7,738.9,585.8,616.4,481.5,891.2,374.5,535.7,248.1,533.7,325.8,526.9,683.2,263.7,751.3,625.6,773.2,44.1,316.6,187.7,894.9,565.7,664.6,603.0,604.0,398.1,203.5,604.3,219.9,352.2,667.1,224.7,569.0,135.1,978.4,394.4,598.8,586.0,950.3,892.0,380.0,436.2,445.3,326.0,429.3,460.6,522.9,573.0,530.8,220.3,388.4,406.7,655.7,878.0,596.3,862.3,432.0,383.2,283.7,596.3,749.4,699.8,498.4,394.1,878.6,312.7,137.0,564.5,239.5,501.6,484.8,702.4,587.2,634.4,446.0,879.5,446.0,928.1
14,1317.2,798.4,813.1,887.7,890.0,280.7,486.7,806.3,229.1,292.0,648.3,427.0,888.7,731.4,0.0,531.9,530.4,876.7,820.8,490.9,400.6,568.2,536.0,693.6,949.4,975.4,926.7,303.7,792.5,284.3,210.0,592.6,898.6,713.4,311.0,791.1,273.6,944.7,866.6,300.7,465.5,92.0,775.5,781.9,571.6,711.2,190.3,984.3,969.4,715.9,469.4,602.3,967.2,685.2,379.2,492.5,905.6,684.1,866.5,642.6,662.9,961.7,631.7,269.1,715.1,473.0,437.7,286.1,780.1,538.7,823.5,757.8,723.9,765.7,910.0,940.5,336.3,975.4,639.4,434.5,761.0,873.0,639.5,530.4,434.5,464.8,961.3,287.1,946.2,197.4,778.0,622.3,843.0,704.8,290.3,895.6,417.8,425.4,183.8,765.1,213.4,778.1,246.9
15,906.1,602.5,687.1,704.9,560.6,531.8,474.6,755.5,302.8,543.1,979.6,908.7,477.6,320.3,531.9,0.0,36.6,693.9,766.0,972.6,399.6,544.7,661.0,638.8,841.2,913.9,997.1,280.6,741.7,282.0,691.7,472.6,793.9,506.3,278.5,584.0,361.0,941.4,584.0,551.8,464.5,573.7,364.4,574.8,440.9,836.2,366.2,922.8,861.2,704.1,115.2,461.7,862.5,478.1,152.7,547.0,545.0,633.3,455.4,864.8,604.7,857.0,628.5,750.8,840.1,97.1,153.3,245.8,584.2,480.5,718.8,707.0,673.1,714.9,540.6,708.7,207.2,913.9,764.4,433.5,886.0,690.2,581.3,36.6,433.5,589.8,958.0,332.5,714.4,679.1,570.9,395.2,788.2,497.7,335.7,743.0,542.8,424.4,434.9,704.2,680.0,704.2,728.6
16,869.5,565.9,650.5,668.3,524.0,530.3,473.1,754.0,301.3,541.6,978.1,907.2,441.0,283.7,530.4,36.6,0.0,657.3,763.9,971.1,398.1,543.2,659.5,637.3,804.6,877.3,960.5,317.2,740.2,280.5,690.2,471.1,757.3,469.7,315.1,547.4,359.5,904.8,547.4,550.3,463.0,572.2,327.8,538.2,409.3,834.7,364.7,886.2,824.6,702.6,151.8,425.1,825.9,441.5,151.2,545.5,508.4,631.8,418.8,863.3,603.2,820.4,627.0,749.3,838.6,133.7,189.9,244.3,547.6,479.0,682.2,705.5,671.6,713.4,504.0,672.1,205.7,877.3,762.9,432.0,884.5,653.6,579.8,0.0,432.0,588.3,921.4,331.0,677.8,677.6,534.3,358.6,786.1,461.1,334.2,706.4,541.3,422.9,433.4,667.6,678.5,667.6,727.1
17,652.6,146.5,63.6,11.0,317.2,658.9,470.9,395.1,712.4,670.2,885.7,1002.0,400.2,435.7,876.7,693.9,657.3,0.0,334.8,938.1,611.5,368.5,622.4,234.2,183.1,448.2,531.4,835.2,408.9,730.9,1036.5,299.5,223.7,229.0,783.1,218.3,644.3,475.7,293.8,678.9,555.4,918.5,479.8,119.1,329.4,687.4,722.0,457.1,203.1,396.5,729.5,299.2,275.1,250.0,666.6,468.6,332.8,366.9,422.4,770.9,249.1,391.3,383.9,1095.6,684.5,711.4,761.6,694.7,112.0,352.4,253.1,315.4,365.5,323.3,337.2,367.7,644.5,448.2,670.5,589.5,654.8,3.7,256.4,657.3,589.5,551.2,492.3,615.8,373.4,1023.9,205.2,298.7,357.0,201.4,619.0,84.9,504.2,598.6,779.7,238.5,1024.8,238.5,1073.4
18,817.6,337.8,271.2,345.8,616.2,578.9,390.9,199.3,659.9,590.2,689.9,806.2,699.2,542.3,820.8,766.0,763.9,334.8,0.0,742.3,543.4,288.5,530.3,127.2,280.6,349.8,433.0,806.7,213.1,702.4,980.6,312.9,229.8,450.4,754.6,517.3,591.8,377.3,592.8,598.9,475.4,862.6,586.4,418.1,375.8,546.5,669.5,358.7,300.6,200.7,725.2,371.7,298.4,422.2,662.3,338.9,631.8,176.3,677.4,575.1,169.1,292.9,251.3,1039.7,550.4,707.1,733.1,666.2,319.5,299.9,154.7,119.6,169.7,127.5,636.2,660.2,616.0,349.8,474.7,509.5,556.4,331.1,192.0,763.9,509.5,471.2,393.9,563.3,594.5,968.0,504.2,405.3,22.2,336.2,566.5,294.7,424.2,518.6,702.0,115.7,968.9,96.3,970.8
19,1399.5,941.1,874.5,949.1,1219.5,665.1,632.9,688.2,669.8,676.4,157.4,63.9,1302.5,1145.6,490.9,972.6,971.1,938.1,742.3,0.0,701.2,660.8,371.0,719.7,883.9,645.8,597.1,744.4,674.4,725.0,432.6,818.2,833.1,1053.7,751.7,1120.6,714.3,615.1,1196.1,685.1,633.2,517.5,1189.7,1021.4,968.3,381.6,631.0,654.7,903.9,560.4,910.1,964.2,901.7,1025.5,819.9,585.1,1235.1,612.4,1280.7,250.0,761.6,705.8,570.0,374.5,385.5,913.7,878.4,726.8,922.8,753.1,758.0,639.7,605.8,647.6,1239.5,1263.5,777.0,645.8,267.6,667.3,431.4,934.4,784.5,971.1,667.3,442.2,631.7,727.8,1197.8,394.4,1107.5,1008.6,764.5,939.5,731.0,898.0,489.2,676.4,624.5,719.0,463.3,699.6,244.0
20,1120.7,536.9,547.9,622.5,681.0,366.7,154.9,529.2,236.3,378.0,648.8,765.1,719.7,562.4,400.6,399.6,398.1,611.5,543.4,701.2,0.0,277.5,330.2,416.2,672.0,741.2,720.9,383.1,515.4,278.8,560.4,333.2,621.2,504.4,331.0,582.1,168.2,738.9,657.6,386.7,68.0,442.4,606.5,572.9,374.7,505.4,245.9,750.1,692.0,438.8,337.1,392.8,689.8,476.2,246.9,216.2,696.6,407.0,697.5,534.0,397.7,684.3,354.6,619.5,509.3,340.7,309.5,242.6,518.6,273.5,546.1,480.7,446.8,488.6,701.0,731.5,192.4,741.2,433.6,33.9,555.2,607.8,374.3,398.1,33.9,259.0,755.5,139.7,737.2,547.8,569.0,425.4,565.6,495.8,142.9,630.4,212.0,24.8,303.6,487.7,548.7,500.7,597.3
21,929.7,354.6,304.9,379.5,640.8,326.3,125.0,274.7,438.6,337.6,608.4,724.7,710.7,553.4,568.2,544.7,543.2,368.5,288.5,660.8,277.5,0.0,289.8,161.3,417.1,486.3,569.5,585.4,260.9,481.1,728.0,189.2,366.3,467.2,533.3,541.9,370.5,513.8,617.4,346.3,209.5,610.0,597.5,442.7,365.7,465.0,448.2,495.2,437.1,223.3,503.9,364.2,434.9,439.0,441.0,137.5,656.4,152.5,688.5,493.6,162.6,429.4,168.4,787.1,468.9,485.8,511.8,444.9,336.3,124.1,291.2,226.2,192.3,234.1,660.8,691.3,394.7,486.3,393.2,243.6,514.8,364.8,173.9,543.2,243.6,218.6,530.4,342.0,697.0,715.4,528.8,416.4,310.7,353.0,345.2,387.4,171.6,252.7,449.4,232.8,716.3,245.8,764.9
22,1183.6,621.8,558.8,633.4,903.8,294.1,261.9,476.2,484.3,305.4,318.6,434.9,977.9,820.6,536.0,661.0,659.5,622.4,530.3,371.0,330.2,289.8,0.0,415.2,671.0,439.4,390.7,558.9,462.4,539.5,695.8,456.4,620.2,734.4,566.2,804.9,429.6,408.7,880.4,314.1,262.2,577.8,864.7,705.7,632.9,175.2,445.5,448.3,691.0,348.4,598.5,631.4,688.8,706.2,508.3,214.1,919.4,400.4,955.7,203.8,429.8,499.4,353.3,730.0,179.1,602.1,570.9,504.0,603.5,391.3,545.1,427.7,393.8,435.6,923.8,954.3,453.8,439.4,103.4,296.3,225.0,618.7,441.1,659.5,296.3,71.2,425.3,401.1,960.0,683.2,791.8,683.6,552.5,620.2,404.3,641.3,118.2,305.4,417.2,486.7,684.1,487.6,599.5
23,795.4,234.8,170.6,245.2,515.6,451.7,263.7,187.5,532.7,463.0,667.3,783.6,593.6,436.3,693.6,638.8,637.3,234.2,127.2,719.7,416.2,161.3,415.2,0.0,268.8,338.0,421.2,679.5,201.3,575.2,853.4,185.7,218.0,347.4,627.4,416.7,464.6,365.5,492.2,471.7,348.2,735.4,480.4,317.5,248.6,523.9,542.3,346.9,288.8,188.9,598.0,244.5,286.6,319.2,535.1,237.3,531.2,132.7,571.4,552.5,41.9,281.1,149.7,912.5,527.8,579.9,605.9,539.0,216.5,172.7,142.9,107.8,157.9,115.7,535.6,566.1,488.8,338.0,452.1,382.3,544.6,230.5,64.8,637.3,382.3,344.0,382.1,436.1,571.8,840.8,403.6,299.3,149.4,233.2,439.3,253.1,297.0,391.4,574.8,98.5,841.7,84.5,890.3
24,569.6,293.8,180.7,194.1,464.5,707.5,519.5,340.9,788.5,718.8,831.5,947.8,547.5,583.0,949.4,841.2,804.6,183.1,280.6,883.9,672.0,417.1,671.0,268.8,0.0,369.8,444.4,935.3,354.7,831.0,1109.2,441.5,50.8,376.3,883.2,365.6,720.4,397.3,441.1,727.5,604.0,991.2,627.1,266.4,476.7,609.0,798.1,378.7,20.0,342.3,853.8,446.5,102.2,397.3,790.9,480.5,480.1,317.9,569.7,716.7,297.7,312.9,392.9,1168.3,606.1,835.7,861.7,794.8,259.3,428.5,174.7,261.2,311.3,269.1,484.5,457.7,744.6,369.8,616.3,638.1,576.4,179.4,320.6,804.6,638.1,599.8,413.9,691.9,392.0,1096.6,352.5,446.0,302.8,348.7,695.1,140.4,552.8,647.2,830.6,184.3,1097.5,184.3,1112.4
25,928.4,451.2,384.6,459.2,729.6,733.5,588.7,410.1,857.7,744.8,593.4,709.7,812.6,655.7,975.4,913.9,877.3,448.2,349.8,645.8,741.2,486.3,439.4,338.0,369.8,0.0,261.6,998.3,423.9,900.2,1062.9,510.7,319.0,563.8,952.4,630.7,789.6,73.5,706.2,753.5,673.2,1017.2,699.8,531.5,549.4,285.2,867.3,8.9,389.8,411.5,923.0,519.2,387.6,535.6,860.1,549.7,745.2,387.1,790.8,478.6,366.9,121.5,462.1,1004.8,282.3,904.9,930.9,864.0,432.9,497.7,195.1,330.4,380.5,338.3,749.6,771.0,813.8,0.0,378.2,707.3,252.6,444.5,389.8,877.3,707.3,510.6,90.1,761.1,705.3,1024.7,617.6,518.7,372.0,449.6,764.3,405.5,557.6,716.4,856.6,253.5,1093.6,253.5,874.3
26,833.8,534.4,467.8,542.4,810.0,684.8,652.6,493.3,875.0,696.1,544.7,661.0,893.0,738.9,926.7,997.1,960.5,531.4,433.0,597.1,720.9,569.5,390.7,421.2,444.4,261.6,0.0,949.6,507.1,930.2,1014.2,593.9,402.2,647.0,956.9,713.9,820.3,258.0,786.6,704.8,652.9,968.5,783.0,614.7,632.6,236.5,836.2,270.5,424.4,494.7,989.2,602.4,470.8,618.8,899.0,604.8,825.6,470.3,874.0,429.9,450.1,140.1,545.3,956.1,233.6,988.1,961.6,894.7,516.1,580.9,278.3,413.6,463.7,421.5,830.0,721.9,844.5,261.6,329.5,687.0,203.9,527.7,473.0,960.5,687.0,461.9,274.6,791.8,656.2,976.0,700.8,601.9,455.2,532.8,795.0,488.7,508.9,696.1,807.9,336.7,1044.9,336.7,825.6
27,1171.6,741.5,795.6,846.2,826.1,303.6,469.2,796.2,168.8,314.9,877.5,680.5,743.1,585.8,303.7,280.6,317.2,835.2,806.7,744.4,383.1,585.4,558.9,679.5,935.3,998.3,949.6,0.0,782.4,120.3,463.5,535.7,884.5,656.5,58.1,734.2,278.1,967.6,809.7,323.6,448.0,345.5,629.9,725.0,514.7,734.1,162.0,1007.2,955.3,738.8,215.4,545.4,953.1,628.3,233.6,515.4,810.5,674.0,720.9,762.7,645.4,947.6,654.6,522.6,738.0,233.5,178.8,156.5,723.2,521.2,809.4,747.7,713.8,755.6,806.1,883.6,190.7,998.3,662.3,417.0,783.9,831.5,622.0,317.2,417.0,487.7,984.2,291.6,889.3,450.9,721.1,565.4,828.9,647.9,294.8,878.1,440.7,407.9,206.7,751.0,451.8,764.0,500.4
28,891.7,411.9,345.3,419.9,690.3,550.6,362.9,13.8,635.6,561.9,622.0,738.3,773.3,616.4,792.5,741.7,740.2,408.9,213.1,674.4,515.4,260.9,462.4,201.3,354.7,423.9,507.1,782.4,0.0,678.1,952.3,340.7,303.9,524.5,730.3,591.4,567.5,451.4,666.9,570.6,447.4,834.3,660.5,492.2,449.9,478.6,645.2,432.8,374.7,132.8,700.9,445.8,372.5,496.3,638.0,302.0,705.9,108.4,751.5,507.2,243.2,367.0,186.8,1011.4,482.5,682.8,708.8,641.9,393.6,275.6,228.8,93.5,68.6,85.6,710.3,734.3,591.7,423.9,406.8,481.5,528.4,405.2,266.1,740.2,481.5,442.9,468.0,539.0,668.6,939.7,578.3,479.4,235.3,410.3,542.2,368.8,395.9,490.6,673.7,189.8,940.6,170.4,902.9
29,1067.3,637.2,691.3,741.9,721.8,284.2,364.9,691.9,55.2,295.5,858.1,661.1,638.8,481.5,284.3,282.0,280.5,730.9,702.4,725.0,278.8,481.1,539.5,575.2,831.0,900.2,930.2,120.3,678.1,0.0,444.1,431.4,780.2,552.2,62.2,629.9,164.5,927.7,705.4,304.2,343.7,326.1,525.6,620.7,410.4,714.7,118.6,909.1,851.0,640.5,219.5,441.1,848.8,524.0,129.3,426.2,706.2,569.7,616.6,743.3,541.1,843.3,564.6,503.2,718.6,223.1,188.9,36.2,618.9,416.9,705.1,643.4,609.5,651.3,701.8,779.3,86.4,900.2,642.9,312.7,764.5,727.2,517.7,280.5,312.7,468.3,944.3,178.0,785.0,431.5,616.8,461.1,724.6,543.6,181.2,773.8,421.3,303.6,187.3,646.7,432.4,659.7,481.0
30,1477.0,958.2,972.9,1047.5,1049.8,440.5,646.5,966.1,388.9,451.8,590.0,368.7,1048.5,891.2,210.0,691.7,690.2,1036.5,980.6,432.6,560.4,728.0,695.8,853.4,1109.2,1062.9,1014.2,463.5,952.3,444.1,0.0,752.4,1058.4,873.2,470.8,950.9,433.4,1032.2,1026.4,460.5,625.3,135.7,935.3,941.7,731.4,798.7,350.1,1071.8,1129.2,875.7,629.2,762.1,1127.0,845.0,539.0,652.3,1065.4,843.9,1026.3,584.3,822.7,1121.5,791.5,94.3,802.6,632.8,597.5,445.9,939.9,698.5,983.3,917.6,883.7,925.5,1069.8,1100.3,496.1,1062.9,684.7,594.3,848.5,1032.8,799.3,690.2,594.3,624.6,1048.8,446.9,1106.0,209.3,937.8,782.1,1002.8,864.6,450.1,1055.4,577.6,585.2,343.6,924.9,49.7,937.9,188.6
31,910.6,205.8,285.4,310.5,470.9,492.9,291.6,354.5,428.3,504.2,765.8,882.1,531.8,374.5,592.6,472.6,471.1,299.5,312.9,818.2,333.2,189.2,456.4,185.7,441.5,510.7,593.9,535.7,340.7,431.4,752.4,0.0,390.7,294.3,483.6,372.0,360.2,538.2,447.5,512.9,376.1,634.4,418.6,293.9,186.8,622.4,437.9,519.6,461.5,303.1,431.8,182.7,459.3,266.1,368.9,302.9,486.5,232.3,509.6,651.0,144.1,453.8,248.2,811.5,626.3,413.7,462.1,395.2,187.5,65.1,315.6,293.5,272.1,301.4,490.9,521.4,345.0,510.7,550.6,366.9,672.2,295.8,120.9,471.1,366.9,385.2,554.8,331.7,527.1,739.8,358.9,237.5,335.1,204.2,334.9,348.6,338.2,358.0,495.6,257.2,740.7,270.2,789.3
32,620.4,331.2,221.3,234.7,505.1,656.7,468.7,290.1,737.7,668.0,780.7,897.0,588.1,535.7,898.6,793.9,757.3,223.7,229.8,833.1,621.2,366.3,620.2,218.0,50.8,319.0,402.2,884.5,303.9,780.2,1058.4,390.7,0.0,416.9,832.4,406.2,669.6,346.5,481.7,676.7,553.2,940.4,579.8,307.0,429.4,558.2,747.3,327.9,70.8,291.5,803.0,399.2,68.6,415.6,740.1,429.7,520.7,267.1,610.3,665.9,246.9,262.1,342.1,1117.5,555.3,784.9,810.9,744.0,299.9,377.7,123.9,210.4,260.5,218.3,525.1,508.5,693.8,319.0,565.5,587.3,525.6,220.0,269.8,757.3,587.3,549.0,363.1,641.1,442.8,1045.8,393.1,398.7,252.0,329.6,644.3,181.0,502.0,596.4,779.8,133.5,1046.7,133.5,1061.6
33,657.7,252.4,256.8,240.0,218.0,713.3,502.2,510.7,549.1,724.6,1001.3,1090.2,301.0,248.1,713.4,506.3,469.7,229.0,450.4,1053.7,504.4,467.2,734.4,347.4,376.3,563.8,647.0,656.5,524.5,552.2,873.2,294.3,416.9,0.0,604.4,119.1,481.0,591.3,194.6,733.3,567.6,755.2,292.2,109.9,141.8,803.0,558.7,572.7,396.3,512.1,541.9,111.6,468.3,62.4,479.0,580.9,233.6,480.1,323.2,886.5,305.5,506.9,497.1,932.3,800.1,523.8,580.0,516.0,224.4,353.6,368.7,431.0,481.1,438.9,238.0,268.5,465.8,563.8,786.1,538.3,770.4,225.3,294.4,469.7,538.3,663.2,607.9,452.5,274.2,860.6,106.0,111.1,472.6,147.6,455.7,278.1,616.2,529.2,616.4,354.1,861.5,354.1,910.1
34,1119.5,689.4,743.5,794.1,774.0,310.9,417.1,744.1,114.8,322.2,884.8,687.8,691.0,533.7,311.0,278.5,315.1,783.1,754.6,751.7,331.0,533.3,566.2,627.4,883.2,952.4,956.9,58.1,730.3,62.2,470.8,483.6,832.4,604.4,0.0,682.1,224.1,974.9,757.6,330.9,395.9,352.8,577.8,672.9,462.6,741.4,169.3,961.3,903.2,692.7,163.3,493.3,901.0,576.2,181.5,478.4,758.4,621.9,668.8,770.0,593.3,895.5,616.8,529.9,745.3,181.4,126.7,98.4,671.1,469.1,757.3,695.6,661.7,703.5,754.0,831.5,138.6,952.4,669.6,364.9,791.2,779.4,569.9,315.1,364.9,495.0,991.5,237.6,837.2,458.2,669.0,513.3,776.8,595.8,240.8,826.0,448.0,355.8,214.0,698.9,459.1,711.9,507.7
35,538.6,248.2,246.1,229.3,98.9,791.0,579.9,577.6,626.8,802.3,1068.2,1167.9,181.9,325.8,791.1,584.0,547.4,218.3,517.3,1120.6,582.1,541.9,804.9,416.7,365.6,630.7,713.9,734.2,591.4,629.9,950.9,372.0,406.2,119.1,682.1,0.0,558.7,658.2,75.5,811.0,645.3,832.9,335.9,99.2,219.5,869.9,636.4,639.6,385.6,579.0,619.6,189.3,457.6,140.1,556.7,651.1,114.5,549.4,204.1,953.4,380.2,573.8,566.4,1010.0,867.0,601.5,657.7,593.7,213.7,431.3,435.6,497.9,548.0,505.8,118.9,149.4,543.5,630.7,853.0,616.0,837.3,214.6,369.1,547.4,616.0,733.7,674.8,530.2,155.1,938.3,13.1,188.8,539.5,188.9,533.4,267.4,686.7,606.9,694.1,421.0,939.2,421.0,987.8
36,1097.3,566.0,580.7,655.3,657.6,273.5,254.3,581.3,109.3,284.8,748.2,650.4,684.2,526.9,273.6,361.0,359.5,644.3,591.8,714.3,168.2,370.5,429.6,464.6,720.4,789.6,820.3,278.1,567.5,164.5,433.4,360.2,669.6,481.0,224.1,558.7,0.0,817.1,634.2,293.5,233.1,315.4,571.0,549.5,339.2,604.8,118.9,798.5,740.4,529.9,298.5,369.9,738.2,452.8,208.3,315.6,673.2,459.1,662.0,633.4,430.5,732.7,454.0,492.5,608.7,302.1,270.9,166.3,547.7,306.3,594.5,532.8,498.9,540.7,677.6,708.1,153.8,789.6,533.0,202.1,654.6,640.6,407.1,359.5,202.1,358.4,833.7,54.7,713.8,420.8,545.6,389.9,614.0,472.4,57.9,663.2,311.4,193.0,176.6,536.1,421.7,549.1,470.3
37,955.9,478.7,412.1,486.7,757.1,702.8,616.2,437.6,885.2,714.1,562.7,679.0,840.1,683.2,944.7,941.4,904.8,475.7,377.3,615.1,738.9,513.8,408.7,365.5,397.3,73.5,258.0,967.6,451.4,927.7,1032.2,538.2,346.5,591.3,974.9,658.2,817.1,0.0,733.7,722.8,670.9,986.5,727.3,559.0,576.9,254.5,854.2,82.4,417.3,439.0,950.5,546.7,415.1,563.1,887.6,577.2,772.7,414.6,818.3,447.9,394.4,149.0,489.6,974.1,251.6,932.4,958.4,891.5,460.4,525.2,222.6,357.9,408.0,365.8,777.1,798.5,841.3,73.5,347.5,705.0,221.9,472.0,417.3,904.8,705.0,479.9,16.6,788.6,732.8,994.0,645.1,546.2,399.5,477.1,791.8,433.0,526.9,714.1,825.9,281.0,1062.9,281.0,843.6
38,463.1,323.7,321.6,304.8,23.4,866.5,655.4,653.1,702.3,877.8,1143.7,1243.4,106.4,263.7,866.6,584.0,547.4,293.8,592.8,1196.1,657.6,617.4,880.4,492.2,441.1,706.2,786.6,809.7,666.9,705.4,1026.4,447.5,481.7,194.6,757.6,75.5,634.2,733.7,0.0,886.5,720.8,908.4,260.4,174.7,295.0,945.4,711.9,715.1,461.1,654.5,661.8,264.8,533.1,215.6,615.9,726.6,39.0,624.9,128.6,1028.9,455.7,649.3,641.9,1085.5,942.5,643.7,699.9,669.2,289.2,506.8,511.1,573.4,623.5,581.3,43.4,124.7,619.0,706.2,928.5,691.5,912.8,290.1,444.6,547.4,691.5,809.2,750.3,605.7,130.4,1013.8,88.6,264.3,615.0,264.4,608.9,342.9,762.2,682.4,769.6,496.5,1014.7,496.5,1063.3
39,1240.1,678.3,615.3,689.9,909.9,20.0,318.4,584.4,249.0,8.7,632.7,677.5,908.6,751.3,300.7,551.8,550.3,678.9,598.9,685.1,386.7,346.3,314.1,471.7,727.5,753.5,704.8,323.6,570.6,304.2,460.5,512.9,676.7,733.3,330.9,811.0,293.5,722.8,886.5,0.0,318.7,342.5,795.4,762.2,591.5,489.3,210.2,762.4,747.5,494.0,489.3,622.2,745.3,705.1,399.1,270.6,925.5,462.2,886.4,517.9,486.3,739.8,409.8,519.6,493.2,492.9,457.6,306.0,660.0,447.8,601.6,535.9,502.0,543.8,929.9,960.4,356.2,753.5,417.5,352.8,539.1,675.2,497.6,550.3,352.8,242.9,739.4,307.0,966.1,447.9,797.9,642.2,621.1,676.7,310.2,697.8,195.9,361.9,181.9,543.2,448.8,556.2,497.4
40,1116.6,541.5,491.8,566.4,744.2,298.7,86.9,461.2,301.2,310.0,580.8,697.1,782.9,625.6,465.5,464.5,463.0,555.4,475.4,633.2,68.0,209.5,262.2,348.2,604.0,673.2,652.9,448.0,447.4,343.7,625.3,376.1,553.2,567.6,395.9,645.3,233.1,670.9,720.8,318.7,0.0,507.3,669.7,629.6,437.9,437.4,310.8,682.1,624.0,370.8,402.0,456.0,621.8,539.4,311.8,148.2,759.8,339.0,760.7,466.0,349.5,616.3,286.6,684.4,441.3,405.6,374.4,307.5,523.2,311.0,478.1,412.7,378.8,420.6,764.2,794.7,257.3,673.2,365.6,34.1,487.2,551.7,360.8,463.0,34.1,191.0,687.5,204.6,800.4,612.7,632.2,488.6,497.6,539.9,207.8,574.3,144.0,43.2,368.5,419.7,613.6,432.7,662.2
41,1359.0,840.2,854.9,929.5,931.8,322.5,528.5,848.1,270.9,333.8,674.9,453.6,930.5,773.2,92.0,573.7,572.2,918.5,862.6,517.5,442.4,610.0,577.8,735.4,991.2,1017.2,968.5,345.5,834.3,326.1,135.7,634.4,940.4,755.2,352.8,832.9,315.4,986.5,908.4,342.5,507.3,0.0,817.3,823.7,613.4,753.0,232.1,1026.1,1011.2,757.7,511.2,644.1,1009.0,727.0,421.0,534.3,947.4,725.9,908.3,669.2,704.7,1003.5,673.5,211.0,756.9,514.8,479.5,327.9,821.9,580.5,865.3,799.6,765.7,807.5,951.8,982.3,378.1,1017.2,681.2,476.3,802.8,914.8,681.3,572.2,476.3,506.6,1003.1,328.9,988.0,224.0,819.8,664.1,884.8,746.6,332.1,937.4,459.6,467.2,225.6,806.9,121.4,819.9,273.5
42,582.5,388.4,473.0,490.8,237.0,775.4,604.3,646.7,546.4,786.7,1137.3,1152.3,154.0,44.1,775.5,364.4,327.8,479.8,586.4,1189.7,606.5,597.5,864.7,480.4,627.1,699.8,783.0,629.9,660.5,525.6,935.3,418.6,579.8,292.2,577.8,335.9,571.0,727.3,260.4,795.4,669.7,817.3,0.0,360.7,231.8,939.0,609.8,708.7,647.1,648.1,442.2,247.6,648.4,264.0,396.3,711.2,221.4,613.1,131.8,1022.5,438.5,642.9,630.1,994.4,936.1,424.1,480.3,489.4,370.1,473.4,504.7,567.0,617.1,574.9,217.0,385.1,450.8,699.8,922.1,640.4,906.4,476.1,427.3,327.8,640.4,793.5,743.9,542.5,390.8,922.7,349.0,181.1,608.6,283.6,545.7,528.9,746.5,631.3,678.5,490.1,923.6,490.1,972.2
43,637.8,149.0,146.9,130.1,198.1,742.2,545.1,478.4,617.6,753.5,969.0,1085.3,281.1,316.6,781.9,574.8,538.2,119.1,418.1,1021.4,572.9,442.7,705.7,317.5,266.4,531.5,614.7,725.0,492.2,620.7,941.7,293.9,307.0,109.9,672.9,99.2,549.5,559.0,174.7,762.2,629.6,823.7,360.7,0.0,210.3,770.7,627.2,540.4,286.4,479.8,610.4,180.1,358.4,130.9,547.5,551.9,213.7,450.2,303.3,854.2,281.0,474.6,467.2,1000.8,767.8,592.3,648.5,584.5,114.5,359.0,336.4,398.7,448.8,406.6,218.1,248.6,534.3,531.5,753.8,606.8,738.1,115.4,269.9,538.2,606.8,634.5,575.6,521.0,254.3,929.1,86.1,179.6,440.3,89.7,524.2,168.2,587.5,597.7,684.9,321.8,930.0,321.8,978.6
44,758.1,238.0,322.6,340.4,318.4,571.5,372.5,436.1,407.3,582.8,915.9,948.4,345.0,187.7,571.6,440.9,409.3,329.4,375.8,968.3,374.7,365.7,632.9,248.6,476.7,549.4,632.6,514.7,449.9,410.4,731.4,186.8,429.4,141.8,462.6,219.5,339.2,576.9,295.0,591.5,437.9,613.4,231.8,210.3,0.0,772.5,416.9,558.3,496.7,437.5,400.1,59.9,498.0,113.6,337.2,479.4,334.0,381.3,322.8,801.1,206.7,492.5,398.3,790.5,776.4,382.0,438.2,374.2,219.7,241.6,354.3,356.4,406.5,364.3,338.4,368.9,324.0,549.4,700.7,408.6,756.0,325.7,195.5,409.3,408.6,561.7,593.5,310.7,374.6,718.8,206.4,50.7,398.0,133.2,313.9,378.5,514.7,399.5,474.6,320.1,719.7,333.1,768.3
45,1038.9,690.4,623.8,698.4,968.8,469.3,437.1,492.4,659.5,480.6,329.2,445.5,1051.8,894.9,711.2,836.2,834.7,687.4,546.5,381.6,505.4,465.0,175.2,523.9,609.0,285.2,236.5,734.1,478.6,714.7,798.7,622.4,558.2,803.0,741.4,869.9,604.8,254.5,945.4,489.3,437.4,753.0,939.0,770.7,772.5,0.0,620.7,294.1,629.0,364.6,773.7,758.4,626.8,774.8,683.5,389.3,984.4,416.6,1030.0,214.4,565.8,345.2,374.2,740.6,24.9,777.3,746.1,679.2,672.1,557.3,434.3,443.9,410.0,451.8,988.8,927.0,629.0,285.2,114.0,471.5,70.8,683.7,588.7,834.7,471.5,246.4,271.1,576.3,861.3,760.5,856.8,757.9,568.7,688.8,579.5,644.7,293.4,480.6,592.4,492.7,829.4,492.7,610.1
46,1151.5,643.7,658.4,733.0,735.3,190.2,332.0,659.0,63.4,201.5,764.1,567.1,723.0,565.7,190.3,366.2,364.7,722.0,669.5,631.0,245.9,448.2,445.5,542.3,798.1,867.3,836.2,162.0,645.2,118.6,350.1,437.9,747.3,558.7,169.3,636.4,118.9,854.2,711.9,210.2,310.8,232.1,609.8,627.2,416.9,620.7,0.0,876.2,818.1,607.6,303.7,447.6,815.9,530.5,213.5,393.3,750.9,536.8,700.8,649.3,508.2,810.4,531.7,409.2,624.6,307.3,276.1,120.4,625.4,384.0,672.2,610.5,576.6,618.4,755.3,785.8,170.6,867.3,548.9,279.8,670.5,718.3,484.8,364.7,279.8,374.3,870.8,132.4,791.5,337.5,623.3,467.6,691.7,550.1,135.6,740.9,327.3,270.7,93.3,613.8,338.4,626.8,387.0
47,937.3,460.1,393.5,468.1,738.5,742.4,597.6,419.0,866.6,753.7,602.3,718.6,821.5,664.6,984.3,922.8,886.2,457.1,358.7,654.7,750.1,495.2,448.3,346.9,378.7,8.9,270.5,1007.2,432.8,909.1,1071.8,519.6,327.9,572.7,961.3,639.6,798.5,82.4,715.1,762.4,682.1,1026.1,708.7,540.4,558.3,294.1,876.2,0.0,398.7,420.4,931.9,528.1,396.5,544.5,869.0,558.6,754.1,396.0,799.7,487.5,375.8,130.4,471.0,1013.7,291.2,913.8,939.8,872.9,441.8,506.6,204.0,339.3,389.4,347.2,758.5,779.9,822.7,8.9,387.1,716.2,261.5,453.4,398.7,886.2,716.2,519.5,99.0,770.0,714.2,1033.6,626.5,527.6,380.9,458.5,773.2,414.4,566.5,725.3,865.5,262.4,1102.5,262.4,883.2
48,549.6,313.8,200.7,214.1,484.5,727.5,539.5,360.9,808.5,738.8,851.5,967.8,567.5,603.0,969.4,861.2,824.6,203.1,300.6,903.9,692.0,437.1,691.0,288.8,20.0,389.8,424.4,955.3,374.7,851.0,1129.2,461.5,70.8,396.3,903.2,385.6,740.4,417.3,461.1,747.5,624.0,1011.2,647.1,286.4,496.7,629.0,818.1,398.7,0.0,362.3,873.8,466.5,122.2,417.3,810.9,500.5,500.1,337.9,589.7,736.7,317.7,332.9,412.9,1188.3,626.1,855.7,881.7,814.8,279.3,448.5,194.7,281.2,331.3,289.1,504.5,437.7,764.6,389.8,636.3,658.1,596.4,199.4,340.6,824.6,658.1,619.8,433.9,711.9,372.0,1116.6,372.5,466.0,322.8,368.7,715.1,160.4,572.8,667.2,850.6,204.3,1117.5,204.3,1132.4
49,879.3,399.5,332.9,407.5,677.9,474.0,286.3,146.6,598.0,485.3,508.0,624.3,760.9,604.0,715.9,704.1,702.6,396.5,200.7,560.4,438.8,223.3,348.4,188.9,342.3,411.5,494.7,738.8,132.8,640.5,875.7,303.1,291.5,512.1,692.7,579.0,529.9,439.0,654.5,494.0,370.8,757.7,648.1,479.8,437.5,364.6,607.6,420.4,362.3,0.0,663.3,433.4,360.1,483.9,600.4,225.4,693.5,70.8,739.1,393.2,230.8,354.6,114.4,919.4,368.5,645.2,671.2,604.3,381.2,238.0,216.4,98.1,64.2,106.0,697.9,721.9,554.1,411.5,292.8,404.9,414.4,392.8,253.7,702.6,404.9,366.3,455.6,501.4,656.2,863.1,565.9,467.0,222.9,397.9,504.6,356.4,319.3,414.0,597.1,177.4,864.0,158.0,788.9
50,983.9,637.6,714.1,740.5,638.4,469.3,423.2,714.7,240.3,480.6,917.1,846.2,555.4,398.1,469.4,115.2,151.8,729.5,725.2,910.1,337.1,503.9,598.5,598.0,853.8,923.0,989.2,215.4,700.9,219.5,629.2,431.8,803.0,541.9,163.3,619.6,298.5,950.5,661.8,489.3,402.0,511.2,442.2,610.4,400.1,773.7,303.7,931.9,873.8,663.3,0.0,430.8,871.6,513.7,111.9,484.5,622.8,592.5,533.2,802.3,563.9,866.1,587.7,688.3,777.6,18.1,38.1,183.3,619.3,439.7,727.9,666.2,632.3,674.1,618.4,769.0,144.7,923.0,701.9,371.0,823.5,725.8,540.5,151.8,371.0,527.3,967.1,270.0,774.7,616.6,606.5,450.8,747.4,533.3,273.2,778.6,480.3,361.9,372.4,669.5,617.5,682.5,666.1
51,727.9,207.8,292.4,310.2,288.2,602.2,390.6,432.0,438.0,613.5,911.8,979.1,360.8,203.5,602.3,461.7,425.1,299.2,371.7,964.2,392.8,364.2,631.4,244.5,446.5,519.2,602.4,545.4,445.8,441.1,762.1,182.7,399.2,111.6,493.3,189.3,369.9,546.7,264.8,622.2,456.0,644.1,247.6,180.1,59.9,758.4,447.6,528.1,466.5,433.4,430.8,0.0,467.8,83.4,367.9,477.9,303.8,377.2,338.6,797.0,202.6,462.3,394.2,821.2,755.5,412.7,468.9,404.9,189.5,242.0,324.1,352.3,402.4,360.2,308.2,338.7,354.7,519.2,696.6,426.7,725.8,295.5,191.4,425.1,426.7,560.2,563.3,341.4,344.4,749.5,176.2,66.5,393.9,103.0,344.6,348.3,513.2,417.6,505.3,309.5,750.4,309.5,799.0
52,671.8,385.8,272.7,286.1,556.5,725.3,537.3,358.7,806.3,736.6,849.3,965.6,639.5,604.3,967.2,862.5,825.9,275.1,298.4,901.7,689.8,434.9,688.8,286.6,102.2,387.6,470.8,953.1,372.5,848.8,1127.0,459.3,68.6,468.3,901.0,457.6,738.2,415.1,533.1,745.3,621.8,1009.0,648.4,358.4,498.0,626.8,815.9,396.5,122.2,360.1,871.6,467.8,0.0,484.2,808.7,498.3,572.1,335.7,661.7,734.5,315.5,330.7,410.7,1186.1,623.9,853.5,879.5,812.6,351.3,446.3,192.5,279.0,329.1,286.9,576.5,559.9,762.4,387.6,634.1,655.9,594.2,271.4,338.4,825.9,655.9,617.6,431.7,709.7,494.2,1114.4,444.5,467.3,320.6,398.2,712.9,232.4,570.6,665.0,848.4,202.1,1115.3,202.1,1130.2
53,678.7,224.2,277.8,261.0,239.0,685.1,474.0,482.5,520.9,696.4,973.1,1062.0,322.0,219.9,685.2,478.1,441.5,250.0,422.2,1025.5,476.2,439.0,706.2,319.2,397.3,535.6,618.8,628.3,496.3,524.0,845.0,266.1,415.6,62.4,576.2,140.1,452.8,563.1,215.6,705.1,539.4,727.0,264.0,130.9,113.6,774.8,530.5,544.5,417.3,483.9,513.7,83.4,484.2,0.0,450.8,552.7,254.6,451.9,344.2,858.3,277.3,478.7,468.9,904.1,771.9,495.6,551.8,487.8,205.9,325.4,340.5,402.8,452.9,410.7,259.0,289.5,437.6,535.6,757.9,510.1,742.2,246.3,266.2,441.5,510.1,635.0,579.7,424.3,295.2,832.4,127.0,82.9,444.4,119.4,427.5,299.1,588.0,501.0,588.2,325.9,833.3,325.9,881.9
54,938.0,574.7,651.2,677.6,592.5,379.1,333.0,651.8,150.1,390.4,826.9,756.0,509.5,352.2,379.2,152.7,151.2,666.6,662.3,819.9,246.9,441.0,508.3,535.1,790.9,860.1,899.0,233.6,638.0,129.3,539.0,368.9,740.1,479.0,181.5,556.7,208.3,887.6,615.9,399.1,311.8,421.0,396.3,547.5,337.2,683.5,213.5,869.0,810.9,600.4,111.9,367.9,808.7,450.8,0.0,394.3,576.9,529.6,487.3,712.1,501.0,803.2,524.8,598.1,687.4,93.8,148.0,93.1,556.4,376.8,665.0,603.3,569.4,611.2,572.5,706.1,54.5,860.1,611.7,280.8,733.3,662.9,477.6,151.2,280.8,437.1,904.2,179.8,711.8,526.4,543.6,387.9,684.5,470.4,183.0,715.7,390.1,271.7,282.2,606.6,527.3,619.6,575.9
55,1017.5,468.3,405.0,479.6,750.0,250.6,124.1,315.8,383.7,261.9,532.7,649.0,824.4,667.1,492.5,547.0,545.5,468.6,338.9,585.1,216.2,137.5,214.1,237.3,480.5,549.7,604.8,515.4,302.0,426.2,652.3,302.9,429.7,580.9,478.4,651.1,315.6,577.2,726.6,270.6,148.2,534.3,711.2,551.9,479.4,389.3,393.3,558.6,500.5,225.4,484.5,477.9,498.3,552.7,394.3,0.0,765.6,193.6,802.2,417.9,276.3,492.8,141.2,711.4,393.2,488.1,456.9,390.0,450.0,237.8,354.6,267.3,233.4,275.2,770.0,800.5,339.8,549.7,317.5,182.3,439.1,464.9,287.6,545.5,182.3,142.9,593.8,287.1,794.4,639.7,638.0,530.1,361.1,466.7,290.3,487.5,95.9,191.4,373.7,315.6,640.6,296.2,689.2
56,424.1,362.7,360.6,343.8,15.6,905.5,694.4,692.1,727.0,916.8,1182.7,1282.4,67.4,224.7,905.6,545.0,508.4,332.8,631.8,1235.1,696.6,656.4,919.4,531.2,480.1,745.2,825.6,810.5,705.9,706.2,1065.4,486.5,520.7,233.6,758.4,114.5,673.2,772.7,39.0,925.5,759.8,947.4,221.4,213.7,334.0,984.4,750.9,754.1,500.1,693.5,622.8,303.8,572.1,254.6,576.9,765.6,0.0,663.9,89.6,1067.9,494.7,688.3,680.9,1124.5,981.5,604.7,660.9,670.0,328.2,545.8,550.1,612.4,662.5,620.3,4.4,163.7,631.4,745.2,967.5,730.5,951.8,329.1,483.6,508.4,730.5,848.2,789.3,644.7,169.4,1052.8,127.6,303.3,654.0,303.4,647.9,381.9,801.2,721.4,808.6,535.5,1053.7,535.5,1102.3
57,854.9,367.5,303.3,377.9,648.3,442.2,254.5,122.2,527.2,453.5,560.0,676.3,726.3,569.0,684.1,633.3,631.8,366.9,176.3,612.4,407.0,152.5,400.4,132.7,317.9,387.1,470.3,674.0,108.4,569.7,843.9,232.3,267.1,480.1,621.9,549.4,459.1,414.6,624.9,462.2,339.0,725.9,613.1,450.2,381.3,416.6,536.8,396.0,337.9,70.8,592.5,377.2,335.7,451.9,529.6,193.6,663.9,0.0,704.1,445.2,174.6,330.2,78.4,903.0,420.5,574.4,600.4,533.5,349.2,167.2,192.0,73.7,39.8,81.6,668.3,697.5,483.3,387.1,344.8,373.1,466.4,363.2,197.5,631.8,373.1,334.5,431.2,430.6,631.8,831.3,536.3,432.0,198.5,365.9,433.8,332.0,287.5,382.2,565.3,153.0,832.2,133.6,840.9
58,450.7,452.3,450.2,433.4,105.2,866.4,695.3,737.7,637.4,877.7,1228.3,1243.3,22.2,135.1,866.5,455.4,418.8,422.4,677.4,1280.7,697.5,688.5,955.7,571.4,569.7,790.8,874.0,720.9,751.5,616.6,1026.3,509.6,610.3,323.2,668.8,204.1,662.0,818.3,128.6,886.4,760.7,908.3,131.8,303.3,322.8,1030.0,700.8,799.7,589.7,739.1,533.2,338.6,661.7,344.2,487.3,802.2,89.6,704.1,0.0,1113.5,529.5,733.9,721.1,1085.4,1027.1,515.1,571.3,580.4,417.8,564.4,595.7,658.0,708.1,665.9,85.2,253.3,541.8,790.8,1013.1,731.4,997.4,418.7,518.3,418.8,731.4,884.5,834.9,633.5,259.0,1013.7,217.2,272.1,699.6,374.6,636.7,471.5,837.5,722.3,769.5,581.1,1014.6,581.1,1063.2
59,1232.3,773.9,707.3,781.9,1052.3,497.9,465.7,521.0,688.1,509.2,197.6,313.9,1135.3,978.4,642.6,864.8,863.3,770.9,575.1,250.0,534.0,493.6,203.8,552.5,716.7,478.6,429.9,762.7,507.2,743.3,584.3,651.0,665.9,886.5,770.0,953.4,633.4,447.9,1028.9,517.9,466.0,669.2,1022.5,854.2,801.1,214.4,649.3,487.5,736.7,393.2,802.3,797.0,734.5,858.3,712.1,417.9,1067.9,445.2,1113.5,0.0,594.4,538.6,402.8,526.2,218.3,805.9,774.7,707.8,755.6,585.9,590.8,472.5,438.6,480.4,1072.3,1096.3,657.6,478.6,100.4,500.1,264.2,767.2,617.3,863.3,500.1,275.0,464.5,604.9,1030.6,546.1,940.3,841.4,597.3,772.3,608.1,730.8,322.0,509.2,621.0,551.8,615.0,532.4,395.7
60,810.3,192.9,185.5,260.1,479.1,466.3,265.0,229.4,498.6,477.6,709.2,825.5,551.7,394.4,662.9,604.7,603.2,249.1,169.1,761.6,397.7,162.6,429.8,41.9,297.7,366.9,450.1,645.4,243.2,541.1,822.7,144.1,246.9,305.5,593.3,380.2,430.5,394.4,455.7,486.3,349.5,704.7,438.5,281.0,206.7,565.8,508.2,375.8,317.7,230.8,563.9,202.6,315.5,277.3,501.0,276.3,494.7,174.6,529.5,594.4,0.0,310.0,191.6,881.8,569.7,545.8,571.8,504.9,174.6,138.6,171.8,149.7,199.8,157.6,499.1,529.6,454.7,366.9,494.0,383.6,573.5,245.4,23.4,603.2,383.6,358.6,411.0,402.0,535.3,810.1,367.1,257.4,191.3,191.3,405.2,268.0,311.6,392.7,565.9,113.4,811.0,126.4,859.6
61,823.3,394.3,327.7,402.3,672.7,719.8,531.8,353.2,800.8,731.1,653.4,769.7,755.7,598.8,961.7,857.0,820.4,391.3,292.9,705.8,684.3,429.4,499.4,281.1,312.9,121.5,140.1,947.6,367.0,843.3,1121.5,453.8,262.1,506.9,895.5,573.8,732.7,149.0,649.3,739.8,616.3,1003.5,642.9,474.6,492.5,345.2,810.4,130.4,332.9,354.6,866.1,462.3,330.7,478.7,803.2,492.8,688.3,330.2,733.9,538.6,310.0,0.0,405.2,1064.8,342.3,848.0,874.0,807.1,376.0,440.8,138.2,273.5,323.6,281.4,692.7,711.4,756.9,121.5,438.2,650.4,312.6,387.6,332.9,820.4,650.4,570.6,165.6,704.2,645.7,1084.7,560.7,461.8,315.1,392.7,707.4,348.6,565.1,659.5,842.9,196.6,1109.8,196.6,934.3
62,929.9,384.5,320.3,394.9,665.3,389.8,202.1,200.6,522.1,401.1,517.6,633.9,743.3,586.0,631.7,628.5,627.0,383.9,251.3,570.0,354.6,168.4,353.3,149.7,392.9,462.1,545.3,654.6,186.8,564.6,791.5,248.2,342.1,497.1,616.8,566.4,454.0,489.6,641.9,409.8,286.6,673.5,630.1,467.2,398.3,374.2,531.7,471.0,412.9,114.4,587.7,394.2,410.7,468.9,524.8,141.2,680.9,78.4,721.1,402.8,191.6,405.2,0.0,850.6,378.1,569.6,595.3,528.4,366.2,183.1,267.0,152.1,118.2,160.0,685.3,715.8,478.2,462.1,302.4,320.7,424.0,380.2,214.5,627.0,320.7,282.1,506.2,425.5,706.8,778.9,553.3,449.0,273.5,382.9,428.7,402.8,235.1,329.8,512.9,228.0,779.8,208.6,798.5
