,0,1,2,3,4,5,6,7,8,9,10,11,12,13,14,15,16,17,18,19,20,21,22,23,24,25,26,27,28,29,30,31,32,33,34,35,36,37,38,39,40,41,42,43,44,45,46,47,48,49,50,51,52,53,54,55,56,57,58,59,60,61,62,63,64,65,66,67,68,69,70,71,72,73,74,75,76,77,78,79,80,81,82,83,84,85,86,87,88,89,90,91,92,93,94,95,96,97,98,99,100,101,102
0,0.0,1497.8,1536.1,996.6,891.7,629.9,783.9,1138.2,798.2,1444.3,857.6,483.1,826.1,668.5,899.7,773.8,735.5,804.7,663.6,865.4,929.6,1065.0,554.8,441.7,570.1,888.2,960.5,1032.1,889.1,1477.0,1525.9,648.9,1408.3,1234.5,1150.7,768.0,1064.0,810.3,1341.7,1487.4,1260.0,428.5,539.2,1531.2,695.0,1029.4,771.7,756.5,1424.9,1535.8,1514.4,843.5,1112.4,532.1,923.4,848.8,1130.0,1270.8,1529.0,1062.5,633.6,691.5,866.4,1234.9,664.9,728.8,566.8,1385.1,1108.5,1145.9,463.1,1067.3,932.9,915.7,1029.6,650.2,521.9,1497.0,1309.3,1065.4,1432.1,883.2,944.2,1511.0,1171.7,1122.5,690.4,1366.8,983.7,763.3,925.4,852.0,484.6,915.6,667.3,1280.7,686.2,1410.2,836.1,1019.5,1385.1,721.3,1513.9
1,1497.8,0.0,338.0,891.1,1051.2,1092.1,1132.8,702.6,1016.5,421.1,991.9,1105.3,827.0,1221.4,985.6,984.3,1032.1,990.9,1146.4,689.4,1128.2,542.0,1253.1,1146.7,1304.2,1054.7,631.3,745.4,835.0,320.8,273.9,1131.7,388.9,531.6,693.2,1029.9,524.4,921.6,409.1,418.0,645.4,1069.3,1238.5,357.7,996.0,748.1,993.5,813.3,480.5,325.5,315.6,1105.4,476.0,1350.8,857.1,766.1,741.1,619.1,372.8,601.1,1144.1,1076.1,931.3,670.5,979.3,1038.8,1265.1,520.3,732.3,757.0,1125.3,488.5,978.0,999.9,745.8,1127.5,1213.2,408.4,376.7,676.5,191.2,878.7,1074.4,64.9,782.8,661.1,1244.5,379.6,608.2,1112.2,1133.2,870.0,1013.2,804.9,1023.7,609.2,951.4,221.0,1098.0,568.9,520.3,1036.8,261.9
2,1536.1,338.0,0.0,851.3,1011.4,1052.3,1093.0,662.8,976.7,194.6,952.1,1065.5,787.2,1090.0,893.6,944.5,992.3,951.1,1106.6,727.7,996.8,502.2,1213.3,1106.9,1264.4,1014.9,669.6,705.6,795.2,94.3,90.3,1091.9,162.4,491.8,653.4,990.1,484.6,881.8,440.7,286.6,514.0,1107.6,1198.7,55.9,956.2,708.3,953.7,851.6,349.1,77.7,56.3,1065.6,436.2,1226.4,817.3,726.3,701.3,487.7,90.7,561.3,1104.3,1036.3,891.5,539.1,939.5,999.0,1225.3,388.9,692.5,717.2,1085.5,503.2,846.6,886.2,706.0,1087.7,1173.4,277.0,471.9,636.7,160.8,838.9,943.0,273.1,741.9,621.3,1204.7,188.1,568.4,1072.4,1001.8,830.2,1051.5,765.1,983.9,477.8,911.6,158.9,1058.2,529.1,388.9,997.0,130.5
3,996.6,891.1,851.3,0.0,253.5,406.0,384.3,308.9,218.8,759.5,194.2,687.3,376.1,626.7,161.9,222.8,424.0,379.1,460.3,606.1,530.0,422.4,504.6,728.7,555.7,257.0,481.0,202.8,212.4,792.2,841.1,445.6,723.5,404.9,321.4,268.4,421.4,257.0,670.6,694.4,467.0,805.1,490.0,846.4,479.9,200.1,349.4,730.0,631.9,851.0,829.6,343.9,469.8,602.3,265.8,354.0,300.4,477.8,844.2,344.7,395.6,468.0,133.6,441.9,568.8,430.7,516.6,592.1,279.2,316.3,707.3,565.3,516.7,176.2,200.3,379.0,795.2,704.0,701.8,235.8,747.3,306.0,544.6,826.2,342.1,353.5,496.0,682.0,384.0,363.7,525.8,258.2,749.0,275.2,507.6,487.7,540.9,725.4,336.5,402.9,592.1,275.3,829.1
4,891.7,1051.2,1011.4,253.5,0.0,365.6,279.4,469.0,93.5,919.6,59.3,646.9,422.5,521.8,153.2,169.3,386.9,342.0,419.9,718.6,425.1,535.2,399.7,688.3,450.8,3.5,593.5,362.9,269.5,952.3,943.1,405.2,883.6,565.0,481.5,163.5,534.2,243.2,830.7,762.3,534.9,773.3,385.1,1006.5,442.8,360.2,309.0,725.0,699.8,994.7,984.8,239.0,582.6,497.4,322.9,411.1,460.5,545.7,1004.3,476.5,290.7,430.9,119.9,509.8,531.7,393.6,411.7,660.0,439.3,476.4,666.9,678.1,536.1,169.2,360.4,274.1,748.3,771.9,861.9,395.9,907.4,359.6,439.7,986.3,474.3,513.6,391.1,842.1,496.5,258.8,420.9,294.3,717.6,332.3,470.5,555.6,503.8,885.5,231.6,515.7,660.0,170.4,902.9
5,629.9,1092.1,1052.3,406.0,365.6,0.0,260.4,533.7,272.1,960.5,331.5,281.3,341.1,439.5,373.6,222.9,126.2,174.8,54.3,660.7,406.1,568.7,205.4,322.7,256.5,362.1,627.0,427.6,267.9,993.2,1042.1,39.6,924.5,630.0,546.2,241.9,567.7,205.8,871.6,982.7,755.3,407.7,190.8,1047.4,176.4,424.9,141.8,551.8,920.2,1052.0,1030.6,317.4,616.1,303.1,308.8,402.6,525.5,766.1,1045.2,510.0,214.2,82.2,312.1,730.2,243.7,119.5,217.4,880.4,504.0,541.4,301.3,711.6,517.1,389.6,425.1,230.8,389.2,992.3,902.8,460.9,948.3,278.3,420.7,1027.2,567.2,570.0,271.0,883.0,530.0,239.8,401.9,222.1,463.8,356.7,148.7,776.0,265.0,926.4,310.0,549.2,880.4,195.2,1030.1
6,783.9,1132.8,1093.0,384.3,279.4,260.4,0.0,550.3,185.9,1001.2,245.3,541.7,401.7,242.4,287.4,161.5,281.7,236.8,314.7,728.7,145.7,612.8,270.3,583.1,321.4,275.9,671.1,444.2,301.2,1033.9,1013.0,300.0,965.2,646.6,562.8,155.7,611.8,222.4,912.3,832.2,604.8,668.1,255.7,1088.1,337.6,441.5,203.8,619.8,769.7,1064.6,1054.7,231.2,660.2,368.0,359.3,463.2,542.1,615.6,1085.9,554.1,161.3,325.7,254.1,579.7,426.5,288.4,282.3,729.9,520.6,558.0,561.7,755.7,256.7,303.4,441.7,144.7,640.5,841.8,943.5,477.5,989.0,338.8,160.3,1067.9,549.8,594.9,261.7,923.7,574.1,20.6,141.5,273.5,612.4,409.9,365.3,625.5,398.6,967.1,223.8,593.3,729.9,109.0,972.8
7,1138.2,702.6,662.8,308.9,469.0,533.7,550.3,0.0,434.3,571.0,409.7,679.2,399.9,792.7,403.4,401.8,538.1,493.2,588.0,419.8,696.0,179.2,670.6,720.6,721.7,472.5,361.7,108.5,326.5,603.7,652.6,573.3,535.0,334.7,12.5,447.4,178.2,371.1,482.1,742.7,515.3,761.3,656.0,657.9,569.9,111.2,477.1,543.7,680.2,662.5,641.1,522.9,226.6,768.3,364.0,339.0,230.2,526.1,655.7,101.5,561.6,582.1,349.1,490.2,553.2,544.8,682.6,640.4,29.7,246.1,699.2,322.1,565.0,417.7,154.2,545.0,787.1,752.3,513.3,165.6,558.8,390.2,661.4,637.7,271.9,44.6,662.0,493.5,195.9,529.7,691.8,372.3,705.2,354.4,597.6,536.0,525.3,536.9,515.5,159.7,640.4,454.3,640.6
8,798.2,1016.5,976.7,218.8,93.5,272.1,185.9,434.3,0.0,884.9,76.4,553.4,329.0,428.3,118.5,75.8,293.4,248.5,326.4,683.9,331.6,500.5,306.2,594.8,357.3,90.0,558.8,328.2,228.5,917.6,908.4,311.7,848.9,530.3,446.8,70.0,499.5,149.7,796.0,727.6,500.2,679.8,291.6,971.8,349.3,325.5,215.5,631.5,665.1,960.0,950.1,145.5,547.9,403.9,286.6,376.4,425.8,511.0,969.6,441.8,197.2,337.4,85.2,475.1,438.2,300.1,318.2,625.3,404.6,441.7,573.4,643.4,442.6,134.5,325.7,180.6,654.8,737.2,827.2,361.2,872.7,266.1,346.2,951.6,439.6,478.9,297.6,807.4,461.8,165.3,327.4,200.8,624.1,297.6,377.0,520.9,410.3,850.8,138.1,481.0,625.3,76.9,868.2
9,1444.3,421.1,194.6,759.5,919.6,960.5,1001.2,571.0,884.9,0.0,860.3,973.7,695.4,1187.7,854.0,852.7,900.5,859.3,1014.8,635.9,1094.5,410.4,1121.5,1015.1,1172.6,923.1,577.8,613.8,703.4,119.3,248.7,1000.1,51.8,400.0,561.6,898.3,392.8,790.0,355.3,445.0,672.4,1015.8,1106.9,173.5,864.4,616.5,861.9,759.8,507.5,236.1,214.7,973.8,344.4,1219.2,725.5,634.5,609.5,646.1,171.3,469.5,1012.5,944.5,799.7,697.5,847.7,907.2,1133.5,547.3,600.7,625.4,993.7,411.4,944.3,868.3,614.2,995.9,1081.6,435.4,386.5,544.9,229.9,747.1,1040.7,356.2,651.2,529.5,1112.9,77.5,476.6,980.6,1099.5,738.4,959.7,673.3,892.1,636.2,819.8,200.1,966.4,437.3,547.3,905.2,288.9
10,857.6,991.9,952.1,194.2,59.3,331.5,245.3,409.7,76.4,860.3,0.0,612.8,373.9,487.7,93.9,135.2,352.8,307.9,385.8,659.3,391.0,475.9,365.6,654.2,416.7,62.8,534.2,303.6,210.2,893.0,883.8,371.1,824.3,505.7,422.2,129.4,474.9,209.1,771.4,703.0,475.6,739.2,351.0,947.2,408.7,300.9,274.9,690.9,640.5,935.4,925.5,204.9,523.3,463.3,263.6,351.8,401.2,486.4,945.0,417.2,256.6,396.8,60.6,450.5,497.6,359.5,377.6,600.7,380.0,417.1,632.8,618.8,502.0,109.9,301.1,240.0,714.2,712.6,802.6,336.6,848.1,303.8,405.6,927.0,415.0,454.3,357.0,782.8,437.2,224.7,386.8,256.0,683.5,273.0,436.4,496.3,469.7,826.2,197.5,456.4,600.7,136.3,843.6
11,483.1,1105.3,1065.5,687.3,646.9,281.3,541.7,679.2,553.4,973.7,612.8,0.0,343.0,601.3,654.9,504.2,275.9,380.7,284.8,563.3,687.4,581.9,466.1,41.4,502.9,643.4,567.7,635.4,479.4,1006.4,1055.3,270.1,937.7,838.7,671.5,523.2,580.9,435.7,884.8,1199.4,1036.6,126.4,451.5,1060.6,211.9,632.7,388.9,454.4,1201.5,1065.2,1043.8,598.7,629.3,464.9,440.3,365.7,806.8,1047.4,1058.4,579.4,474.9,231.9,593.4,1011.5,181.8,269.2,478.1,1161.7,708.9,822.7,20.0,685.4,798.4,670.9,589.7,491.5,118.7,1189.8,916.0,742.2,961.5,400.1,702.0,1040.4,848.5,639.4,531.7,896.2,500.6,521.1,683.2,433.6,182.5,432.5,184.2,1057.3,203.1,939.6,591.3,536.4,1161.7,476.5,1043.3
12,826.1,827.0,787.2,376.1,422.5,341.1,401.7,399.9,329.0,695.4,373.9,343.0,0.0,644.1,416.0,253.2,216.2,234.3,345.9,414.6,547.4,303.6,522.0,384.4,573.1,419.0,289.5,356.1,170.0,728.1,777.0,331.2,659.4,560.4,392.2,298.8,302.6,179.5,606.5,921.1,771.2,432.3,507.4,782.3,233.7,353.4,242.5,383.6,936.1,786.9,765.5,374.3,351.0,619.7,111.9,61.5,495.3,782.0,780.1,300.1,413.0,260.2,313.3,746.1,217.0,222.9,534.0,896.3,429.6,511.2,363.0,407.1,658.4,432.0,310.4,396.4,450.9,911.5,637.7,430.7,683.2,120.3,562.0,762.1,537.0,360.1,513.4,617.9,222.3,381.1,543.2,165.4,376.2,103.3,261.4,791.9,189.1,661.3,366.9,258.1,896.3,305.7,765.0
13,668.5,1221.4,1090.0,626.7,521.8,439.5,242.4,792.7,428.3,1187.7,487.7,601.3,644.1,0.0,529.8,403.9,524.1,479.2,473.2,971.1,277.5,855.2,264.3,642.7,279.6,518.3,913.5,686.6,543.6,1148.1,999.7,458.5,1151.7,833.1,805.2,398.1,854.2,464.8,1098.8,818.9,591.5,727.7,248.7,1109.7,580.0,683.9,446.2,862.2,756.4,1051.3,1041.4,473.6,902.6,136.4,601.7,705.6,578.2,602.3,1144.5,796.5,343.1,501.1,496.5,566.4,662.6,530.8,276.3,716.6,763.0,562.3,621.3,998.1,264.4,545.8,684.1,359.7,570.6,828.5,1130.0,642.8,1088.7,581.2,292.1,1156.5,536.5,837.3,399.9,1110.2,816.5,263.0,273.3,515.9,783.8,652.3,567.6,612.2,641.0,1118.5,466.2,835.7,716.6,351.4,959.5
14,899.7,985.6,893.6,161.9,153.2,373.6,287.4,403.4,118.5,854.0,93.9,654.9,416.0,529.8,0.0,177.3,394.9,350.0,427.9,700.6,433.1,516.9,407.7,696.3,458.8,156.7,575.5,297.3,252.3,886.7,803.3,413.2,818.0,499.4,415.9,171.5,515.9,251.2,765.1,622.5,395.1,781.3,393.1,913.3,450.8,294.6,317.0,733.0,560.0,854.9,845.0,247.0,564.3,505.4,305.7,393.9,376.2,405.9,938.7,439.2,298.7,438.9,102.7,370.0,539.7,401.6,419.7,520.2,373.7,360.3,674.9,659.8,444.8,16.0,294.8,282.1,756.3,632.1,796.3,330.3,841.8,345.9,447.7,920.7,334.5,448.0,399.1,776.5,478.5,266.8,428.9,298.1,725.6,315.1,478.5,415.8,511.8,819.9,239.6,497.4,520.2,178.4,763.1
15,773.8,984.3,944.5,222.8,169.3,222.9,161.5,401.8,75.8,852.7,135.2,504.2,253.2,403.9,177.3,0.0,241.8,196.9,277.2,647.7,307.2,464.3,281.8,545.6,332.9,165.8,522.6,295.7,152.7,885.4,934.3,262.5,816.7,498.1,414.3,45.6,463.3,73.9,763.8,786.4,559.0,625.6,267.2,939.6,297.7,293.0,166.3,576.9,723.9,944.2,922.8,121.1,511.7,379.5,210.8,314.7,393.6,569.8,937.4,405.6,172.8,285.8,127.6,533.9,386.6,248.5,293.8,684.1,372.1,409.5,524.2,607.2,418.2,193.3,293.2,156.2,612.1,796.0,795.0,329.0,840.5,190.3,321.8,919.4,435.3,446.4,273.2,775.2,425.6,140.9,303.0,125.0,569.5,261.4,325.4,579.7,358.7,818.6,113.7,444.8,684.1,52.5,922.3
16,735.5,1032.1,992.3,424.0,386.9,126.2,281.7,538.1,293.4,900.5,352.8,275.9,216.2,524.1,394.9,241.8,0.0,112.9,129.7,536.8,427.4,508.7,311.0,317.3,362.1,383.4,505.2,432.0,211.6,933.2,982.1,115.0,864.5,647.7,545.6,263.2,507.7,167.9,811.6,1004.0,776.6,402.3,296.4,987.4,145.7,429.3,121.1,427.9,941.5,992.0,970.6,338.7,556.1,408.7,193.6,277.7,543.2,787.4,985.2,453.7,293.0,44.0,331.0,751.5,234.6,6.7,323.0,901.7,508.4,559.1,295.9,612.2,538.4,410.9,429.5,276.4,383.8,1013.6,842.8,478.6,888.3,153.4,442.0,967.2,584.9,513.7,376.6,823.0,427.4,261.1,423.2,165.8,420.5,231.8,143.3,797.3,206.7,866.4,331.3,463.2,901.7,216.5,970.1
17,804.7,990.9,951.1,379.1,342.0,174.8,236.8,493.2,248.5,859.3,307.9,380.7,234.3,479.2,350.0,196.9,112.9,0.0,229.1,559.9,382.5,467.5,357.1,422.1,408.2,338.5,523.3,387.1,166.7,892.0,940.9,214.4,823.3,602.8,500.7,218.3,466.5,123.0,770.4,959.1,731.7,499.7,342.5,946.2,168.8,384.4,76.2,451.0,896.6,950.8,929.4,293.8,514.9,454.8,207.6,295.8,498.3,742.5,944.0,408.8,248.1,156.9,286.1,706.6,257.7,119.6,369.1,856.8,463.5,514.2,400.7,610.4,493.5,366.0,384.6,231.5,488.6,968.7,801.6,433.7,847.1,171.5,397.1,926.0,540.0,468.8,348.5,781.8,428.8,216.2,378.3,120.9,443.6,249.9,196.5,752.4,229.8,825.2,286.4,448.0,856.8,171.6,928.9
18,663.6,1146.4,1106.6,460.3,419.9,54.3,314.7,588.0,326.4,1014.8,385.8,284.8,345.9,473.2,427.9,277.2,129.7,229.1,0.0,664.2,460.4,623.0,239.1,326.2,290.2,416.4,633.1,481.9,322.2,1047.5,1096.4,14.7,978.8,684.3,600.5,296.2,622.0,260.1,925.9,1037.0,809.6,411.2,224.5,1101.7,179.9,479.2,196.1,555.3,974.5,1106.3,1084.9,371.7,670.4,336.8,323.3,407.4,579.8,820.4,1099.5,564.3,247.9,85.7,366.4,784.5,247.2,123.0,251.1,934.7,558.3,595.7,304.8,741.9,571.4,443.9,479.4,264.5,392.7,1046.6,957.1,515.2,1002.6,283.1,475.0,1081.5,621.5,624.3,304.7,937.3,557.1,294.1,456.2,276.4,467.3,361.5,152.2,830.3,268.5,980.7,364.3,592.9,934.7,249.5,1084.4
19,865.4,689.4,727.7,606.1,718.6,660.7,728.7,419.8,683.9,635.9,659.3,563.3,414.6,971.1,700.6,647.7,536.8,559.9,664.2,0.0,874.4,305.6,845.5,521.9,896.6,722.1,152.1,451.5,495.0,668.6,717.5,649.5,599.9,500.9,410.4,693.3,304.6,581.6,533.3,861.6,869.4,436.9,830.9,722.8,489.5,448.8,568.1,180.9,924.1,727.4,706.0,768.8,332.7,943.2,455.3,353.7,584.3,880.2,720.6,318.3,740.0,580.8,598.7,844.3,472.8,543.5,857.5,963.9,449.5,600.2,543.3,258.9,919.1,714.9,405.8,723.4,682.0,852.0,500.9,519.7,623.7,476.9,889.0,702.6,626.0,378.3,840.4,558.4,286.0,708.1,870.2,530.0,380.8,403.1,517.2,890.1,444.9,601.8,761.4,260.1,963.9,663.5,705.5
20,929.6,1128.2,996.8,530.0,425.1,406.1,145.7,696.0,331.6,1094.5,391.0,687.4,547.4,277.5,433.1,307.2,427.4,382.5,460.4,874.4,0.0,758.5,416.0,728.8,467.1,421.6,816.8,589.9,446.9,1054.9,906.5,445.7,1058.5,739.9,708.5,301.4,757.5,368.1,1005.6,725.7,498.3,813.8,401.4,1016.5,483.3,587.2,349.5,765.5,663.2,958.1,948.2,376.9,805.9,413.9,505.0,608.9,485.0,509.1,1051.3,699.8,307.0,471.4,399.8,473.2,572.2,434.1,428.0,623.4,666.3,469.1,707.4,901.4,150.2,449.1,587.4,290.4,786.2,735.3,1036.8,549.6,995.5,484.5,53.8,1063.3,443.3,740.6,407.4,1017.0,719.8,166.3,44.2,419.2,758.1,555.6,511.0,519.0,544.3,1025.3,369.5,739.0,623.4,254.7,866.3
21,1065.0,542.0,502.2,422.4,535.2,568.7,612.8,179.2,500.5,410.4,475.9,581.9,303.6,855.2,516.9,464.3,508.7,467.5,623.0,305.6,758.5,0.0,733.1,623.3,784.2,538.7,247.5,222.0,311.6,443.1,492.0,608.3,374.4,275.4,169.8,509.9,17.6,398.2,321.5,636.1,628.8,651.9,718.5,497.3,472.6,224.7,470.1,429.5,698.6,501.9,480.5,585.4,66.0,830.8,333.7,242.7,343.7,639.6,495.1,77.7,624.1,552.7,415.3,603.7,455.9,515.4,745.1,738.4,208.9,359.6,601.9,174.2,678.5,531.2,222.4,607.5,689.8,626.5,352.7,279.1,398.2,355.3,773.1,477.1,385.4,137.7,724.5,332.9,84.8,592.2,754.3,346.6,595.8,281.5,500.3,649.5,428.0,376.3,578.0,45.5,738.4,516.8,480.0
22,554.8,1253.1,1213.3,504.6,399.7,205.4,270.3,670.6,306.2,1121.5,365.6,466.1,522.0,264.3,407.7,281.8,311.0,357.1,239.1,845.5,416.0,733.1,0.0,507.5,81.3,396.2,791.4,564.5,421.5,1154.2,1197.6,224.4,1085.5,766.9,683.1,276.0,732.1,342.7,1032.6,1016.8,789.4,592.5,15.6,1208.4,361.2,561.8,324.1,736.6,954.3,1213.0,1191.6,351.5,780.5,127.9,479.6,583.5,662.4,800.2,1206.2,674.4,109.0,267.0,374.4,764.3,428.5,304.3,12.0,914.5,640.9,678.3,486.1,876.0,527.0,423.7,562.0,125.6,456.9,1026.4,1063.8,597.8,1109.3,459.1,430.6,1188.2,704.1,715.2,165.8,1044.0,694.4,249.7,411.8,393.8,648.6,530.2,333.5,810.1,449.8,1087.4,344.1,713.6,914.5,229.3,1157.4
23,441.7,1146.7,1106.9,728.7,688.3,322.7,583.1,720.6,594.8,1015.1,654.2,41.4,384.4,642.7,696.3,545.6,317.3,422.1,326.2,521.9,728.8,623.3,507.5,0.0,544.3,684.8,609.1,676.8,520.8,1047.8,1096.7,311.5,979.1,880.1,712.9,564.6,622.3,477.1,926.2,1240.8,1078.0,85.0,492.9,1102.0,253.3,674.1,430.3,413.0,1242.9,1106.6,1085.2,640.1,670.7,506.3,481.7,407.1,848.2,1088.8,1099.8,620.8,516.3,273.3,634.8,1052.9,223.2,310.6,519.5,1203.1,750.3,864.1,21.4,723.8,839.8,712.3,631.1,532.9,160.1,1231.2,957.4,783.6,1002.9,441.5,743.4,1081.8,889.9,680.8,573.1,937.6,542.0,562.5,724.6,475.0,141.1,473.9,225.6,1098.7,244.5,981.0,632.7,577.8,1203.1,517.9,1084.7
24,570.1,1304.2,1264.4,555.7,450.8,256.5,321.4,721.7,357.3,1172.6,416.7,502.9,573.1,279.6,458.8,332.9,362.1,408.2,290.2,896.6,467.1,784.2,81.3,544.3,0.0,447.3,842.5,615.6,472.6,1205.3,1248.7,275.5,1136.6,818.0,734.2,327.1,783.2,393.8,1083.7,1067.9,840.5,629.3,65.7,1259.5,412.3,612.9,375.2,787.7,1005.4,1264.1,1242.7,402.6,831.6,143.2,530.7,634.6,713.5,851.3,1257.3,725.5,160.1,318.1,425.5,815.4,479.6,355.4,93.3,965.6,692.0,729.4,522.9,927.1,544.0,474.8,613.1,176.7,472.2,1077.5,1114.9,648.9,1160.4,510.2,481.7,1239.3,755.2,766.3,216.9,1095.1,745.5,300.8,462.9,444.9,685.4,581.3,384.6,861.2,500.9,1138.5,395.2,764.7,965.6,280.4,1208.5
25,888.2,1054.7,1014.9,257.0,3.5,362.1,275.9,472.5,90.0,923.1,62.8,643.4,419.0,518.3,156.7,165.8,383.4,338.5,416.4,722.1,421.6,538.7,396.2,684.8,447.3,0.0,597.0,366.4,273.0,955.8,946.6,401.7,887.1,568.5,485.0,160.0,537.7,239.7,834.2,765.8,538.4,769.8,381.6,1010.0,439.3,363.7,305.5,721.5,703.3,998.2,988.3,235.5,586.1,493.9,326.4,414.6,464.0,549.2,1007.8,480.0,287.2,427.4,123.4,513.3,528.2,390.1,408.2,663.5,442.8,479.9,663.4,681.6,532.6,172.7,363.9,270.6,744.8,775.4,865.4,399.4,910.9,356.1,436.2,989.8,477.8,517.1,387.6,845.6,500.0,255.3,417.4,290.8,714.1,335.8,467.0,559.1,500.3,889.0,228.1,519.2,663.5,166.9,906.4
26,960.5,631.3,669.6,481.0,593.5,627.0,671.1,361.7,558.8,577.8,534.2,567.7,289.5,913.5,575.5,522.6,505.2,523.3,633.1,152.1,816.8,247.5,791.4,609.1,842.5,597.0,0.0,326.4,369.9,610.5,659.4,618.4,541.8,442.8,352.3,568.2,246.5,456.5,475.2,803.5,811.3,532.0,776.8,664.7,458.4,323.7,528.4,276.0,866.0,669.3,647.9,643.7,274.6,889.1,330.2,228.6,526.2,822.1,662.5,260.2,682.4,549.2,473.6,786.2,441.7,511.9,803.4,905.8,391.4,542.1,587.7,200.8,861.0,589.8,280.7,665.8,675.6,793.9,442.8,461.6,565.6,351.8,831.4,644.5,567.9,320.2,782.8,500.3,177.4,650.5,812.6,404.9,475.9,278.0,486.1,832.0,413.8,543.7,636.3,202.0,905.8,575.1,647.4
27,1032.1,745.4,705.6,202.8,362.9,427.6,444.2,108.5,328.2,613.8,303.6,635.4,356.1,686.6,297.3,295.7,432.0,387.1,481.9,451.5,589.9,222.0,564.5,676.8,615.6,366.4,326.4,0.0,220.4,646.5,695.4,467.2,577.8,312.8,121.0,341.3,221.0,265.0,524.9,720.8,493.4,717.5,549.9,700.7,487.9,2.7,371.0,575.4,658.3,705.3,683.9,416.8,269.4,662.2,273.8,295.2,208.3,504.2,698.5,144.3,455.5,476.0,243.0,468.3,509.4,438.7,576.5,618.5,78.8,224.2,655.4,364.9,543.1,311.6,45.7,438.9,743.3,730.4,556.1,143.7,601.6,314.0,604.5,680.5,250.0,153.1,555.9,536.3,216.8,423.6,585.7,266.2,661.4,283.2,515.6,514.1,481.5,579.7,409.4,202.5,618.5,348.2,683.4
28,889.1,835.0,795.2,212.4,269.5,267.9,301.2,326.5,228.5,703.4,210.2,479.4,170.0,543.6,252.3,152.7,211.6,166.7,322.2,495.0,446.9,311.6,421.5,520.8,472.6,273.0,369.9,220.4,0.0,736.1,785.0,307.5,667.4,436.1,339.0,198.3,310.6,97.4,614.5,834.9,607.5,595.3,406.9,790.3,267.5,217.7,169.3,546.6,772.4,794.9,773.5,273.8,359.0,519.2,58.1,178.2,331.6,618.3,788.1,252.9,312.5,255.6,149.6,582.4,356.4,218.3,433.5,732.6,296.8,347.5,499.4,454.5,557.9,268.3,217.9,295.9,587.3,844.5,645.7,267.0,691.2,98.3,461.5,770.1,373.3,312.9,412.9,625.9,272.9,280.6,442.7,45.8,539.2,108.7,295.2,628.2,328.5,669.3,266.4,292.1,732.6,205.2,773.0
29,1477.0,320.8,94.3,792.2,952.3,993.2,1033.9,603.7,917.6,119.3,893.0,1006.4,728.1,1148.1,886.7,885.4,933.2,892.0,1047.5,668.6,1054.9,443.1,1154.2,1047.8,1205.3,955.8,610.5,646.5,736.1,0.0,148.4,1032.8,87.1,432.7,594.3,931.0,425.5,822.7,381.6,344.7,572.1,1048.5,1139.6,73.2,897.1,649.2,894.6,792.5,407.2,135.8,114.4,1006.5,377.1,1251.9,758.2,667.2,642.2,545.8,71.0,502.2,1045.2,977.2,832.4,597.2,880.4,939.9,1166.2,447.0,633.4,658.1,1026.4,444.1,904.7,901.0,646.9,1028.6,1114.3,335.1,412.8,577.6,129.6,779.8,1001.1,255.9,683.9,562.2,1145.6,112.8,509.3,1013.3,1059.9,771.1,992.4,706.0,924.8,535.9,852.5,99.8,999.1,470.0,447.0,937.9,188.6
30,1525.9,273.9,90.3,841.1,943.1,1042.1,1013.0,652.6,908.4,248.7,883.8,1055.3,777.0,999.7,803.3,934.3,982.1,940.9,1096.4,717.5,906.5,492.0,1197.6,1096.7,1248.7,946.6,659.4,695.4,785.0,148.4,0.0,1081.7,216.5,481.6,643.2,961.4,474.4,871.6,430.5,196.3,423.7,1097.4,1183.0,110.0,946.0,698.1,943.5,841.4,258.8,51.6,48.7,1036.9,426.0,1136.1,807.1,716.1,691.1,397.4,144.8,551.1,1088.6,1026.1,881.3,448.8,929.3,988.8,1209.6,298.6,682.3,677.4,1075.3,493.0,756.3,795.9,695.8,1072.0,1163.2,186.7,461.7,626.5,141.2,828.7,852.7,209.0,651.6,611.1,1189.0,242.2,558.2,1033.6,911.5,820.0,1041.3,754.9,973.7,387.5,901.4,171.0,1029.5,518.9,298.6,968.3,40.2
31,648.9,1131.7,1091.9,445.6,405.2,39.6,300.0,573.3,311.7,1000.1,371.1,270.1,331.2,458.5,413.2,262.5,115.0,214.4,14.7,649.5,445.7,608.3,224.4,311.5,275.5,401.7,618.4,467.2,307.5,1032.8,1081.7,0.0,964.1,669.6,585.8,281.5,607.3,245.4,911.2,1022.3,794.9,396.5,209.8,1087.0,165.2,464.5,181.4,540.6,959.8,1091.6,1070.2,357.0,655.7,322.1,308.6,392.7,565.1,805.7,1084.8,549.6,233.2,71.0,351.7,769.8,232.5,108.3,236.4,920.0,543.6,581.0,290.1,727.2,556.7,429.2,464.7,249.8,378.0,1031.9,942.4,500.5,987.9,268.4,460.3,1066.8,606.8,609.6,290.0,922.6,542.4,279.4,441.5,261.7,452.6,346.8,137.5,815.6,253.8,966.0,349.6,578.2,920.0,234.8,1069.7
32,1408.3,388.9,162.4,723.5,883.6,924.5,965.2,535.0,848.9,51.8,824.3,937.7,659.4,1151.7,818.0,816.7,864.5,823.3,978.8,599.9,1058.5,374.4,1085.5,979.1,1136.6,887.1,541.8,577.8,667.4,87.1,216.5,964.1,0.0,364.0,525.6,862.3,356.8,754.0,319.3,412.8,640.2,979.8,1070.9,141.3,828.4,580.5,825.9,723.8,475.3,203.9,182.5,937.8,308.4,1183.2,689.5,598.5,573.5,613.9,139.1,433.5,976.5,908.5,763.7,665.3,811.7,871.2,1097.5,515.1,564.7,589.4,957.7,375.4,908.3,832.3,578.2,959.9,1045.6,403.2,350.5,508.9,197.7,711.1,1004.7,324.0,615.2,493.5,1076.9,41.5,440.6,944.6,1063.5,702.4,923.7,637.3,856.1,604.0,783.8,167.9,930.4,401.3,515.1,869.2,256.7
33,1234.5,531.6,491.8,404.9,565.0,630.0,646.6,334.7,530.3,400.0,505.7,838.7,560.4,833.1,499.4,498.1,647.7,602.8,684.3,500.9,739.9,275.4,766.9,880.1,818.0,568.5,442.8,312.8,436.1,432.7,481.6,669.6,364.0,0.0,347.2,543.7,257.8,480.7,311.1,625.7,540.0,880.8,752.3,486.9,703.6,315.5,573.4,624.8,688.2,491.5,470.1,619.2,209.4,864.6,489.5,499.5,254.9,550.8,484.7,334.5,657.9,691.7,445.1,514.9,712.7,654.4,778.9,665.1,305.0,270.8,858.7,276.4,589.7,513.7,358.5,641.3,946.6,616.1,342.3,190.3,387.8,529.7,686.1,466.7,296.6,379.3,758.3,322.5,341.6,626.0,744.9,481.9,824.7,498.9,731.3,560.7,684.8,365.9,611.8,302.3,665.1,550.6,469.6
34,1150.7,693.2,653.4,321.4,481.5,546.2,562.8,12.5,446.8,561.6,422.2,671.5,392.2,805.2,415.9,414.3,545.6,500.7,600.5,410.4,708.5,169.8,683.1,712.9,734.2,485.0,352.3,121.0,339.0,594.3,643.2,585.8,525.6,347.2,0.0,459.9,168.8,383.6,472.7,755.2,527.8,753.6,668.5,648.5,562.2,123.7,489.6,534.3,692.7,653.1,631.7,535.4,217.2,780.8,368.1,331.3,242.7,538.6,646.3,92.1,574.1,589.6,361.6,502.7,545.5,552.3,695.1,652.9,42.2,258.6,691.5,312.7,577.5,430.2,158.4,557.5,779.4,764.8,503.9,178.1,549.4,394.3,673.9,628.3,284.4,32.1,674.5,484.1,186.5,542.2,704.3,379.8,697.5,358.5,589.9,548.5,517.6,527.5,528.0,150.3,652.9,466.8,631.2
35,768.0,1029.9,990.1,268.4,163.5,241.9,155.7,447.4,70.0,898.3,129.4,523.2,298.8,398.1,171.5,45.6,263.2,218.3,296.2,693.3,301.4,509.9,276.0,564.6,327.1,160.0,568.2,341.3,198.3,931.0,961.4,281.5,862.3,543.7,459.9,0.0,508.9,119.5,809.4,780.6,553.2,649.6,261.4,985.2,319.1,338.6,185.3,601.3,718.1,989.8,968.4,75.5,557.3,373.7,256.4,360.3,439.2,564.0,983.0,451.2,167.0,307.2,138.2,528.1,408.0,269.9,288.0,678.3,417.7,455.1,543.2,652.8,412.4,187.5,338.8,150.4,624.6,790.2,840.6,374.6,886.1,235.9,316.0,965.0,480.9,492.0,267.4,820.8,471.2,135.1,297.2,170.6,593.9,307.0,346.8,573.9,380.1,864.2,68.1,490.4,678.3,46.7,921.2
36,1064.0,524.4,484.6,421.4,534.2,567.7,611.8,178.2,499.5,392.8,474.9,580.9,302.6,854.2,515.9,463.3,507.7,466.5,622.0,304.6,757.5,17.6,732.1,622.3,783.2,537.7,246.5,221.0,310.6,425.5,474.4,607.3,356.8,257.8,168.8,508.9,0.0,397.2,303.9,618.5,627.8,650.9,717.5,479.7,471.6,223.7,469.1,428.5,681.0,484.3,462.9,584.4,48.4,829.8,332.7,241.7,342.7,638.6,477.5,76.7,623.1,551.7,414.3,602.7,454.9,514.4,744.1,720.8,207.9,358.6,600.9,156.6,677.5,530.2,221.4,606.5,688.8,608.9,335.1,278.1,380.6,354.3,772.1,459.5,384.4,136.7,723.5,315.3,83.8,591.2,753.3,345.6,594.8,280.5,499.3,648.5,427.0,358.7,577.0,44.5,720.8,515.8,462.4
37,810.3,921.6,881.8,257.0,243.2,205.8,222.4,371.1,149.7,790.0,209.1,435.7,179.5,464.8,251.2,73.9,167.9,123.0,260.1,581.6,368.1,398.2,342.7,477.1,393.8,239.7,456.5,265.0,97.4,822.7,871.6,245.4,754.0,480.7,383.6,119.5,397.2,0.0,701.1,849.5,622.1,551.7,328.1,876.9,223.8,262.3,125.6,503.0,787.0,881.5,860.1,195.0,445.6,440.4,138.3,241.0,376.2,632.9,874.7,339.5,233.7,211.9,163.1,597.0,312.7,174.6,354.7,747.2,341.4,392.1,455.7,541.1,479.1,267.2,262.5,217.1,543.6,859.1,732.3,311.6,777.8,116.7,382.7,856.7,417.9,399.5,334.1,712.5,359.5,201.8,363.9,51.6,495.6,190.5,251.5,642.8,284.8,755.9,187.6,378.7,747.2,126.4,859.6
38,1341.7,409.1,440.7,670.6,830.7,871.6,912.3,482.1,796.0,355.3,771.4,884.8,606.5,1098.8,765.1,763.8,811.6,770.4,925.9,533.3,1005.6,321.5,1032.6,926.2,1083.7,834.2,475.2,524.9,614.5,381.6,430.5,911.2,319.3,311.1,472.7,809.4,303.9,701.1,0.0,574.6,802.0,913.2,1018.0,435.8,775.5,527.6,773.0,657.2,637.1,440.4,419.0,884.9,255.5,1130.3,636.6,545.6,520.6,775.7,433.6,380.6,923.6,855.6,710.8,780.6,758.8,818.3,1044.6,676.9,511.8,536.5,904.8,322.5,855.4,779.4,525.3,907.0,992.7,565.0,75.8,456.0,336.7,658.2,951.8,415.6,562.3,440.6,1024.0,277.8,387.7,891.7,1010.6,649.5,857.1,584.4,803.2,765.8,730.9,314.8,877.5,348.4,676.9,816.3,418.5
39,1487.4,418.0,286.6,694.4,762.3,982.7,832.2,742.7,727.6,445.0,703.0,1199.4,921.1,818.9,622.5,786.4,1004.0,959.1,1037.0,861.6,725.7,636.1,1016.8,1240.8,1067.9,765.8,803.5,720.8,834.9,344.7,196.3,1022.3,412.8,625.7,755.2,780.6,618.5,849.5,574.6,0.0,227.4,1241.5,1002.2,306.3,1059.9,723.5,926.1,985.5,62.5,247.9,238.0,856.1,570.1,955.3,888.3,860.2,512.5,300.1,341.1,695.2,907.8,1048.0,711.8,252.5,1073.4,1010.7,1028.8,102.3,713.0,496.6,1219.4,637.1,575.5,615.1,766.5,891.2,1307.3,9.6,605.8,577.1,285.3,928.5,671.9,353.1,470.8,755.2,1008.2,438.5,702.3,852.8,730.7,880.7,1185.4,897.7,1087.6,290.2,1045.5,315.1,848.7,663.0,102.3,787.5,156.1
40,1260.0,645.4,514.0,467.0,534.9,755.3,604.8,515.3,500.2,672.4,475.6,1036.6,771.2,591.5,395.1,559.0,776.6,731.7,809.6,869.4,498.3,628.8,789.4,1078.0,840.5,538.4,811.3,493.4,607.5,572.1,423.7,794.9,640.2,540.0,527.8,553.2,627.8,622.1,802.0,227.4,0.0,1163.0,774.8,533.7,832.5,496.1,698.7,993.3,164.9,475.3,465.4,628.7,676.2,727.9,660.9,749.1,285.1,149.0,568.5,551.1,680.4,820.6,484.4,25.1,921.4,783.3,801.4,125.1,485.6,269.2,1056.6,771.0,348.1,387.7,539.1,663.8,1138.0,237.0,833.2,349.7,512.7,701.1,444.5,580.5,243.4,559.9,780.8,665.9,645.5,625.4,503.3,653.3,1107.3,670.3,860.2,158.9,893.5,542.5,621.3,609.3,125.1,560.1,383.5
41,428.5,1069.3,1107.6,805.1,773.3,407.7,668.1,761.3,679.8,1015.8,739.2,126.4,432.3,727.7,781.3,625.6,402.3,499.7,411.2,436.9,813.8,651.9,592.5,85.0,629.3,769.8,532.0,717.5,595.3,1048.5,1097.4,396.5,979.8,880.8,753.6,649.6,650.9,551.7,913.2,1241.5,1163.0,0.0,577.9,1102.7,338.3,714.8,507.9,328.0,1304.0,1107.3,1085.9,725.1,699.3,591.3,544.1,452.0,924.3,1173.8,1100.5,661.5,601.3,358.3,714.8,1137.9,308.2,395.6,604.5,1288.1,791.0,940.2,106.4,638.8,924.8,797.3,671.8,617.9,245.1,1231.9,880.8,859.7,1003.6,504.4,828.4,1082.5,966.0,721.5,658.1,938.3,570.6,647.5,809.6,549.5,56.1,529.9,310.6,1183.7,329.5,981.7,717.7,606.4,1288.1,602.9,1085.4
42,539.2,1238.5,1198.7,490.0,385.1,190.8,255.7,656.0,291.6,1106.9,351.0,451.5,507.4,248.7,393.1,267.2,296.4,342.5,224.5,830.9,401.4,718.5,15.6,492.9,65.7,381.6,776.8,549.9,406.9,1139.6,1183.0,209.8,1070.9,752.3,668.5,261.4,717.5,328.1,1018.0,1002.2,774.8,577.9,0.0,1193.8,346.6,547.2,309.5,722.0,939.7,1198.4,1177.0,336.9,765.9,112.3,465.0,568.9,647.8,785.6,1191.6,659.8,94.4,252.4,359.8,749.7,413.9,289.7,27.6,899.9,626.3,663.7,471.5,861.4,512.4,409.1,547.4,111.0,441.3,1011.8,1049.2,583.2,1094.7,444.5,416.0,1173.6,689.5,700.6,151.2,1029.4,679.8,235.1,397.2,379.2,634.0,515.6,318.9,795.5,435.2,1072.8,329.5,699.0,899.9,214.7,1142.8
43,1531.2,357.7,55.9,846.4,1006.5,1047.4,1088.1,657.9,971.8,173.5,947.2,1060.6,782.3,1109.7,913.3,939.6,987.4,946.2,1101.7,722.8,1016.5,497.3,1208.4,1102.0,1259.5,1010.0,664.7,700.7,790.3,73.2,110.0,1087.0,141.3,486.9,648.5,985.2,479.7,876.9,435.8,306.3,533.7,1102.7,1193.8,0.0,951.3,703.4,948.8,846.7,368.8,97.4,76.0,1060.7,431.3,1246.1,812.4,721.4,696.4,507.4,69.6,556.4,1099.4,1031.4,886.6,558.8,934.6,994.1,1220.4,408.6,687.6,712.3,1080.6,498.3,866.3,905.9,701.1,1082.8,1168.5,296.7,467.0,631.8,180.5,834.0,962.7,292.8,738.1,616.4,1199.8,167.0,563.5,1067.5,1021.5,825.3,1046.6,760.2,979.0,497.5,906.7,154.0,1053.3,524.2,408.6,992.1,150.2
44,695.0,996.0,956.2,479.9,442.8,176.4,337.6,569.9,349.3,864.4,408.7,211.9,233.7,580.0,450.8,297.7,145.7,168.8,179.9,489.5,483.3,472.6,361.2,253.3,412.3,439.3,458.4,487.9,267.5,897.1,946.0,165.2,828.4,703.6,562.2,319.1,471.6,223.8,775.5,1059.9,832.5,338.3,346.6,951.3,0.0,485.2,177.0,380.6,997.4,955.9,934.5,394.6,520.0,458.9,249.5,256.4,599.1,843.3,949.1,470.1,348.9,127.0,386.9,807.4,174.3,152.4,373.2,957.6,564.3,615.0,231.9,576.1,594.3,466.8,480.4,332.3,319.8,1069.5,806.7,534.5,852.2,209.3,497.9,931.1,640.8,530.1,426.8,786.9,391.3,317.0,479.1,221.7,373.2,287.7,27.7,853.2,159.4,830.3,387.2,427.1,957.6,272.4,934.0
45,1029.4,748.1,708.3,200.1,360.2,424.9,441.5,111.2,325.5,616.5,300.9,632.7,353.4,683.9,294.6,293.0,429.3,384.4,479.2,448.8,587.2,224.7,561.8,674.1,612.9,363.7,323.7,2.7,217.7,649.2,698.1,464.5,580.5,315.5,123.7,338.6,223.7,262.3,527.6,723.5,496.1,714.8,547.2,703.4,485.2,0.0,368.3,572.7,661.0,708.0,686.6,414.1,272.1,659.5,271.1,292.5,211.0,506.9,701.2,147.0,452.8,473.3,240.3,471.0,506.7,436.0,573.8,621.2,81.5,226.9,652.7,367.6,545.8,308.9,43.0,436.2,740.6,733.1,558.8,146.4,604.3,311.3,601.8,683.2,252.7,155.8,553.2,539.0,219.5,420.9,583.0,263.5,658.7,280.5,512.9,516.8,478.8,582.4,406.7,205.2,621.2,345.5,686.1
46,771.7,993.5,953.7,349.4,309.0,141.8,203.8,477.1,215.5,861.9,274.9,388.9,242.5,446.2,317.0,166.3,121.1,76.2,196.1,568.1,349.5,470.1,324.1,430.3,375.2,305.5,528.4,371.0,169.3,894.6,943.5,181.4,825.9,573.4,489.6,185.3,469.1,125.6,773.0,926.1,698.7,507.9,309.5,948.8,177.0,368.3,0.0,459.2,863.6,953.4,932.0,260.8,517.5,421.8,210.2,304.0,468.9,709.5,946.6,411.4,215.1,165.1,255.5,673.6,265.9,127.8,336.1,823.8,447.4,484.8,408.9,613.0,460.5,333.0,368.5,198.5,496.8,935.7,804.2,404.3,849.7,179.7,364.1,928.6,510.6,471.4,315.5,784.4,431.4,183.2,345.3,123.5,451.8,258.1,204.7,719.4,238.0,827.8,253.4,450.6,823.8,138.6,931.5
47,756.5,813.3,851.6,730.0,725.0,551.8,619.8,543.7,631.5,759.8,690.9,454.4,383.6,862.2,733.0,576.9,427.9,451.0,555.3,180.9,765.5,429.5,736.6,413.0,787.7,721.5,276.0,575.4,546.6,792.5,841.4,540.6,723.8,624.8,534.3,601.3,428.5,503.0,657.2,985.5,993.3,328.0,722.0,846.7,380.6,572.7,459.2,0.0,1048.0,851.3,829.9,676.8,456.6,834.3,495.4,403.3,708.2,1004.1,844.5,442.2,631.1,471.9,666.1,968.2,363.9,434.6,748.6,1087.8,573.4,724.1,434.4,382.8,876.5,749.0,529.7,614.5,573.1,975.9,624.8,643.6,747.6,455.7,780.1,826.5,749.9,502.2,731.5,682.3,409.9,599.2,761.3,500.8,271.9,481.2,408.3,1014.0,336.0,725.7,669.4,384.0,1087.8,554.6,829.4
48,1424.9,480.5,349.1,631.9,699.8,920.2,769.7,680.2,665.1,507.5,640.5,1201.5,936.1,756.4,560.0,723.9,941.5,896.6,974.5,924.1,663.2,698.6,954.3,1242.9,1005.4,703.3,866.0,658.3,772.4,407.2,258.8,959.8,475.3,688.2,692.7,718.1,681.0,787.0,637.1,62.5,164.9,1304.0,939.7,368.8,997.4,661.0,863.6,1048.0,0.0,310.4,300.5,793.6,632.6,892.8,825.8,914.0,450.0,313.9,403.6,716.0,845.3,985.5,649.3,190.0,1086.3,948.2,966.3,39.8,650.5,434.1,1221.5,699.6,513.0,552.6,704.0,828.7,1302.9,72.1,668.3,514.6,347.8,866.0,609.4,415.6,408.3,724.8,945.7,501.0,764.8,790.3,668.2,818.2,1247.9,835.2,1025.1,323.8,1058.4,377.6,786.2,725.5,39.8,725.0,218.6
49,1535.8,325.5,77.7,851.0,994.7,1052.0,1064.6,662.5,960.0,236.1,935.4,1065.2,786.9,1051.3,854.9,944.2,992.0,950.8,1106.3,727.4,958.1,501.9,1213.0,1106.6,1264.1,998.2,669.3,705.3,794.9,135.8,51.6,1091.6,203.9,491.5,653.1,989.8,484.3,881.5,440.4,247.9,475.3,1107.3,1198.4,97.4,955.9,708.0,953.4,851.3,310.4,0.0,46.2,1065.3,435.9,1187.7,817.0,726.0,701.0,449.0,132.2,561.0,1104.0,1036.0,891.2,500.4,939.2,998.7,1225.0,350.2,692.2,716.9,1085.2,502.9,807.9,847.5,705.7,1087.4,1173.1,238.3,471.6,636.4,160.5,838.6,904.3,260.6,703.2,621.0,1204.4,229.6,568.1,1072.1,963.1,829.9,1051.2,764.8,983.6,439.1,911.3,158.6,1057.9,528.8,350.2,996.7,91.8
50,1514.4,315.6,56.3,829.6,984.8,1030.6,1054.7,641.1,950.1,214.7,925.5,1043.8,765.5,1041.4,845.0,922.8,970.6,929.4,1084.9,706.0,948.2,480.5,1191.6,1085.2,1242.7,988.3,647.9,683.9,773.5,114.4,48.7,1070.2,182.5,470.1,631.7,968.4,462.9,860.1,419.0,238.0,465.4,1085.9,1177.0,76.0,934.5,686.6,932.0,829.9,300.5,46.2,0.0,1043.9,414.5,1177.8,795.6,704.6,679.6,439.1,110.8,539.6,1082.6,1014.6,869.8,490.5,917.8,977.3,1203.6,340.3,670.8,695.5,1063.8,481.5,798.0,837.6,684.3,1066.0,1151.7,228.4,450.2,615.0,139.1,817.2,894.4,250.7,693.3,599.6,1183.0,208.2,546.7,1050.7,953.2,808.5,1029.8,743.4,962.2,429.2,889.9,137.2,1036.5,507.4,340.3,975.3,81.9
51,843.5,1105.4,1065.6,343.9,239.0,317.4,231.2,522.9,145.5,973.8,204.9,598.7,374.3,473.6,247.0,121.1,338.7,293.8,371.7,768.8,376.9,585.4,351.5,640.1,402.6,235.5,643.7,416.8,273.8,1006.5,1036.9,357.0,937.8,619.2,535.4,75.5,584.4,195.0,884.9,856.1,628.7,725.1,336.9,1060.7,394.6,414.1,260.8,676.8,793.6,1065.3,1043.9,0.0,632.8,449.2,331.9,435.8,514.7,639.5,1058.5,526.7,242.5,382.7,213.7,603.6,483.5,345.4,363.5,753.8,493.2,530.6,618.7,728.3,487.9,263.0,414.3,225.9,700.1,865.7,916.1,450.1,961.6,311.4,391.5,1040.5,556.4,567.5,342.9,896.3,546.7,210.6,372.7,246.1,669.4,382.5,422.3,649.4,455.6,939.7,7.4,565.9,753.8,122.2,996.7
52,1112.4,476.0,436.2,469.8,582.6,616.1,660.2,226.6,547.9,344.4,523.3,629.3,351.0,902.6,564.3,511.7,556.1,514.9,670.4,332.7,805.9,66.0,780.5,670.7,831.6,586.1,274.6,269.4,359.0,377.1,426.0,655.7,308.4,209.4,217.2,557.3,48.4,445.6,255.5,570.1,676.2,699.3,765.9,431.3,520.0,272.1,517.5,456.6,632.6,435.9,414.5,632.8,0.0,878.2,381.1,290.1,391.1,687.0,429.1,125.1,671.5,600.1,462.7,651.1,503.3,562.8,792.5,672.4,256.3,407.0,649.3,108.2,725.9,578.6,269.8,654.9,737.2,560.5,286.7,326.5,332.2,402.7,820.5,411.1,432.8,185.1,771.9,266.9,132.2,639.6,801.7,394.0,643.2,328.9,547.7,696.9,475.4,310.3,625.4,92.9,672.4,564.2,414.0
53,532.1,1350.8,1226.4,602.3,497.4,303.1,368.0,768.3,403.9,1219.2,463.3,464.9,619.7,136.4,505.4,379.5,408.7,454.8,336.8,943.2,413.9,830.8,127.9,506.3,143.2,493.9,889.1,662.2,519.2,1251.9,1136.1,322.1,1183.2,864.6,780.8,373.7,829.8,440.4,1130.3,955.3,727.9,591.3,112.3,1246.1,458.9,659.5,421.8,834.3,892.8,1187.7,1177.8,449.2,878.2,0.0,577.3,681.2,714.6,738.7,1280.9,772.1,206.7,364.7,472.1,702.8,526.2,402.0,139.9,853.0,738.6,698.7,484.9,973.7,400.8,521.4,659.7,223.3,434.2,964.9,1161.5,695.5,1207.0,556.8,428.5,1285.9,672.9,812.9,263.5,1141.7,792.1,347.4,409.7,491.5,647.4,627.9,431.2,748.6,547.5,1185.1,441.8,811.3,853.0,327.0,1095.9
54,923.4,857.1,817.3,265.8,322.9,308.8,359.3,364.0,286.6,725.5,263.6,440.3,111.9,601.7,305.7,210.8,193.6,207.6,323.3,455.3,505.0,333.7,479.6,481.7,530.7,326.4,330.2,273.8,58.1,758.2,807.1,308.6,689.5,489.5,368.1,256.4,332.7,138.3,636.6,888.3,660.9,544.1,465.0,812.4,249.5,271.1,210.2,495.4,825.8,817.0,795.6,331.9,381.1,577.3,0.0,120.1,385.0,671.7,810.2,276.2,370.6,237.6,203.0,635.8,314.3,200.3,491.6,786.0,350.2,400.9,460.3,437.2,616.0,321.7,271.3,354.0,548.2,897.9,667.8,320.4,713.3,40.2,519.6,792.2,426.7,336.2,471.0,648.0,252.4,338.7,500.8,86.7,488.0,52.2,277.2,681.6,286.4,691.4,324.5,288.2,786.0,263.3,795.1
55,848.8,766.1,726.3,354.0,411.1,402.6,463.2,339.0,376.4,634.5,351.8,365.7,61.5,705.6,393.9,314.7,277.7,295.8,407.4,353.7,608.9,242.7,583.5,407.1,634.6,414.6,228.6,295.2,178.2,667.2,716.1,392.7,598.5,499.5,331.3,360.3,241.7,241.0,545.6,860.2,749.1,452.0,568.9,721.4,256.4,292.5,304.0,403.3,914.0,726.0,704.6,435.8,290.1,681.2,120.1,0.0,473.2,759.9,719.2,239.2,474.5,321.7,291.2,724.0,239.7,284.4,595.5,874.2,368.7,489.1,385.7,346.2,719.9,409.9,249.5,457.9,473.6,850.6,576.8,408.6,622.3,139.5,623.5,701.2,514.9,299.2,574.9,557.0,161.4,442.6,604.7,206.8,395.9,78.8,284.1,769.8,211.8,600.4,428.4,197.2,874.2,367.2,704.1
56,1130.0,741.1,701.3,300.4,460.5,525.5,542.1,230.2,425.8,609.5,401.2,806.8,495.3,578.2,376.2,393.6,543.2,498.3,579.8,584.3,485.0,343.7,662.4,848.2,713.5,464.0,526.2,208.3,331.6,642.2,691.1,565.1,573.5,254.9,242.7,439.2,342.7,376.2,520.6,512.5,285.1,924.3,647.8,696.4,599.1,211.0,468.9,708.2,450.0,701.0,679.6,514.7,391.1,714.6,385.0,473.2,0.0,295.9,694.2,266.0,553.4,587.2,340.6,260.0,688.0,549.9,674.4,410.2,200.5,15.9,826.8,485.9,334.8,368.8,254.0,536.8,914.7,522.1,551.8,64.6,597.3,425.2,431.2,676.2,41.7,274.8,653.8,532.0,360.4,521.5,490.0,377.4,868.2,394.4,626.8,305.8,660.1,575.4,507.3,324.2,410.2,446.1,653.1
57,1270.8,619.1,487.7,477.8,545.7,766.1,615.6,526.1,511.0,646.1,486.4,1047.4,782.0,602.3,405.9,569.8,787.4,742.5,820.4,880.2,509.1,639.6,800.2,1088.8,851.3,549.2,822.1,504.2,618.3,545.8,397.4,805.7,613.9,550.8,538.6,564.0,638.6,632.9,775.7,300.1,149.0,1173.8,785.6,507.4,843.3,506.9,709.5,1004.1,313.9,449.0,439.1,639.5,687.0,738.7,671.7,759.9,295.9,0.0,542.2,561.9,691.2,831.4,495.2,123.9,932.2,794.1,812.2,274.1,496.4,280.0,1067.4,781.8,358.9,398.5,549.9,674.6,1148.8,290.5,806.9,360.5,486.4,711.9,455.3,554.2,254.2,570.7,791.6,639.6,656.3,636.2,514.1,664.1,1118.1,681.1,871.0,9.9,904.3,516.2,632.1,620.1,274.1,570.9,357.2
58,1529.0,372.8,90.7,844.2,1004.3,1045.2,1085.9,655.7,969.6,171.3,945.0,1058.4,780.1,1144.5,938.7,937.4,985.2,944.0,1099.5,720.6,1051.3,495.1,1206.2,1099.8,1257.3,1007.8,662.5,698.5,788.1,71.0,144.8,1084.8,139.1,484.7,646.3,983.0,477.5,874.7,433.6,341.1,568.5,1100.5,1191.6,69.6,949.1,701.2,946.6,844.5,403.6,132.2,110.8,1058.5,429.1,1280.9,810.2,719.2,694.2,542.2,0.0,554.2,1097.2,1029.2,884.4,593.6,932.4,991.9,1218.2,443.4,685.4,710.1,1078.4,496.1,901.1,940.7,698.9,1080.6,1166.3,331.5,464.8,629.6,181.6,831.8,997.5,307.9,735.9,614.2,1197.6,164.8,561.3,1065.3,1056.3,823.1,1044.4,758.0,976.8,532.3,904.5,151.8,1051.1,522.0,443.4,989.9,185.0
59,1062.5,601.1,561.3,344.7,476.5,510.0,554.1,101.5,441.8,469.5,417.2,579.4,300.1,796.5,439.2,405.6,453.7,408.8,564.3,318.3,699.8,77.7,674.4,620.8,725.5,480.0,260.2,144.3,252.9,502.2,551.1,549.6,433.5,334.5,92.1,451.2,76.7,339.5,380.6,695.2,551.1,661.5,659.8,556.4,470.1,147.0,411.4,442.2,716.0,561.0,539.6,526.7,125.1,772.1,276.2,239.2,266.0,561.9,554.2,0.0,565.4,497.7,356.6,526.0,453.4,460.4,686.4,676.2,131.2,281.9,599.4,220.6,600.8,453.5,145.2,548.8,687.3,685.6,411.8,201.4,457.3,302.4,697.2,536.2,307.7,60.0,665.8,392.0,94.4,533.5,695.6,287.9,605.4,266.6,497.8,571.8,425.5,435.4,519.3,58.2,676.2,458.1,539.1
60,633.6,1144.1,1104.3,395.6,290.7,214.2,161.3,561.6,197.2,1012.5,256.6,474.9,413.0,343.1,298.7,172.8,293.0,248.1,247.9,740.0,307.0,624.1,109.0,516.3,160.1,287.2,682.4,455.5,312.5,1045.2,1088.6,233.2,976.5,657.9,574.1,167.0,623.1,233.7,923.6,907.8,680.4,601.3,94.4,1099.4,348.9,452.8,215.1,631.1,845.3,1104.0,1082.6,242.5,671.5,206.7,370.6,474.5,553.4,691.2,1097.2,565.4,0.0,275.8,265.4,655.3,437.3,299.7,121.0,805.5,531.9,569.3,494.9,767.0,418.0,314.7,453.0,16.6,535.7,917.4,954.8,488.8,1000.3,350.1,321.6,1079.2,595.1,606.2,100.4,935.0,585.4,140.7,302.8,284.8,623.7,421.2,342.3,701.1,409.9,978.4,235.1,604.6,805.5,120.3,1048.4
61,691.5,1076.1,1036.3,468.0,430.9,82.2,325.7,582.1,337.4,944.5,396.8,231.9,260.2,501.1,438.9,285.8,44.0,156.9,85.7,580.8,471.4,552.7,267.0,273.3,318.1,427.4,549.2,476.0,255.6,977.2,1026.1,71.0,908.5,691.7,589.6,307.2,551.7,211.9,855.6,1048.0,820.6,358.3,252.4,1031.4,127.0,473.3,165.1,471.9,985.5,1036.0,1014.6,382.7,600.1,364.7,237.6,321.7,587.2,831.4,1029.2,497.7,275.8,0.0,375.0,795.5,194.3,37.3,279.0,945.7,552.4,603.1,251.9,656.2,582.4,454.9,473.5,292.4,339.8,1057.6,886.8,522.6,932.3,197.4,486.0,1011.2,628.9,557.7,332.6,867.0,471.4,305.1,467.2,209.8,414.4,275.8,99.3,841.3,215.6,910.4,375.3,507.2,945.7,260.5,1014.1
62,866.4,931.3,891.5,133.6,119.9,312.1,254.1,349.1,85.2,799.7,60.6,593.4,313.3,496.5,102.7,127.6,331.0,286.1,366.4,598.7,399.8,415.3,374.4,634.8,425.5,123.4,473.6,243.0,149.6,832.4,881.3,351.7,763.7,445.1,361.6,138.2,414.3,163.1,710.8,711.8,484.4,714.8,359.8,886.6,386.9,240.3,255.5,666.1,649.3,891.2,869.8,213.7,462.7,472.1,203.0,291.2,340.6,495.2,884.4,356.6,265.4,375.0,0.0,459.3,475.8,337.7,386.4,609.5,319.4,356.5,613.4,558.2,510.8,118.7,240.5,248.8,701.3,721.4,742.0,276.0,787.5,243.2,414.4,866.4,382.3,393.7,365.8,722.2,376.6,233.5,395.6,195.4,658.7,212.4,414.6,505.1,447.9,765.6,206.3,395.8,609.5,145.1,852.4
