,0,1,2,3,4,5,6,7,8,9,10,11,12,13,14,15,16,17,18,19,20,21,22,23,24,25,26,27,28,29,30,31,32,33,34,35,36,37,38,39,40,41,42,43,44,45,46,47,48,49,50,51,52,53,54,55,56,57,58,59,60,61,62,63,64,65,66,67,68,69,70,71,72,73,74,75,76,77,78,79,80,81,82,83,84,85,86,87,88,89,90,91,92,93,94,95,96,97,98,99,100,101,102
0,0.0,1057.6,900.4,918.9,607.7,1689.1,1427.6,1216.6,1494.5,1704.7,1865.4,2026.8,592.1,810.5,1812.4,1241.9,1191.1,903.7,1133.1,1938.1,1553.7,1285.6,1638.3,1099.1,788.3,1286.9,1152.4,1610.4,1235.7,1465.5,2034.5,1261.9,858.8,910.4,1538.0,745.2,1521.2,1325.2,640.2,1716.8,1545.1,1870.5,806.0,882.9,1050.0,1437.4,1582.6,1299.1,760.5,1218.4,1352.7,1008.3,930.3,939.7,1288.8,1410.7,586.1,1184.6,622.9,1706.2,1119.9,1135.2,1289.0,2116.5,1433.3,1327.6,1405.5,1415.0,1009.8,1301.8,1015.8,1106.0,1175.6,1116.9,580.0,702.7,1361.5,1286.9,1566.7,1592.3,1392.0,898.7,1151.6,1191.1,1592.3,1539.4,1348.1,1481.8,611.5,2016.9,763.2,997.9,1163.9,1007.4,1486.2,844.5,1474.2,1588.3,1678.0,999.2,2018.2,999.1,2085.4
1,1057.6,0.0,242.1,218.6,481.8,914.2,634.3,549.8,880.3,929.8,1231.0,1392.5,597.1,475.4,1108.6,823.3,772.5,203.3,466.3,1303.7,745.8,492.3,863.4,325.9,407.9,623.8,736.2,1029.8,568.9,884.8,1330.6,285.8,457.1,350.6,957.4,344.3,785.9,662.0,449.3,942.0,751.7,1166.7,536.7,206.6,330.4,955.7,894.0,636.0,435.8,551.6,885.3,288.6,535.7,311.3,797.9,650.3,503.4,510.1,627.9,1071.9,267.6,544.7,533.9,1412.6,951.6,860.2,927.5,834.4,47.8,376.0,352.7,439.2,508.8,450.2,509.5,552.1,764.9,623.8,932.3,792.4,910.3,198.3,252.4,772.5,792.4,764.6,684.9,746.4,559.7,1313.1,326.3,288.0,497.1,191.9,750.9,271.6,699.3,780.4,974.1,332.5,1314.4,332.3,1381.5
2,900.4,242.1,0.0,103.4,479.1,824.4,562.9,457.8,901.1,840.0,1139.0,1300.5,594.4,593.1,1129.5,940.9,890.2,88.2,374.3,1211.7,761.3,420.9,773.6,234.4,250.8,531.7,644.2,1105.3,476.9,960.4,1351.5,396.5,307.0,356.7,1032.9,341.6,806.7,570.0,446.6,852.1,680.3,1187.5,654.3,204.0,448.0,863.7,914.8,544.0,278.6,459.6,992.0,406.3,378.6,386.0,904.6,560.0,500.7,418.6,625.2,979.9,255.2,452.6,442.4,1433.5,859.6,966.9,1003.1,909.9,194.3,401.4,260.7,347.2,416.8,358.1,506.8,549.4,840.4,531.7,840.3,727.5,818.3,83.1,267.9,890.2,727.5,674.7,592.9,767.3,557.0,1334.0,323.6,405.6,405.1,309.5,771.8,114.5,609.5,740.3,995.0,240.5,1335.3,240.3,1402.4
3,918.9,218.6,103.4,0.0,455.6,927.8,666.3,561.2,1004.5,943.4,1242.4,1403.9,570.9,617.8,1232.9,965.6,914.9,15.3,477.7,1315.1,864.7,524.3,877.0,337.8,269.3,635.2,747.6,1175.1,580.3,1030.2,1454.9,431.1,325.5,333.2,1102.7,318.2,910.1,673.4,423.1,955.5,783.7,1290.9,679.0,180.5,472.7,967.1,1018.2,647.4,297.1,563.0,1028.6,431.0,397.1,362.5,941.2,663.4,477.2,522.0,601.7,1083.3,358.6,556.0,545.8,1536.9,963.0,1003.5,1072.9,979.7,170.8,504.8,364.1,450.6,520.2,461.6,483.3,525.9,910.3,635.2,943.7,830.9,921.7,20.3,371.4,914.9,830.9,778.1,696.3,870.7,533.6,1437.4,300.1,430.3,508.5,294.8,875.2,133.0,712.9,843.7,1098.4,343.9,1438.7,343.7,1505.8
4,607.7,481.8,479.1,455.6,0.0,1236.2,942.7,936.9,1007.9,1251.8,1618.1,1759.4,115.3,333.7,1236.2,765.1,714.4,440.4,853.4,1690.8,946.0,889.8,1252.7,713.5,645.0,1010.8,1121.8,1133.6,956.0,988.7,1458.2,654.1,701.2,302.7,1061.2,137.4,913.5,1049.1,32.5,1263.9,1033.6,1294.3,329.3,275.1,442.2,1342.7,1021.6,1023.0,672.8,938.7,876.0,400.5,772.8,332.0,812.1,1039.1,21.6,897.7,146.1,1458.9,665.1,931.7,921.5,1540.2,1338.7,850.9,928.7,938.2,434.0,736.3,739.8,826.2,895.9,837.2,27.7,205.8,892.5,1010.8,1319.4,993.3,1297.4,435.3,649.9,714.4,993.3,1153.8,1072.0,874.0,213.5,1440.7,155.5,399.9,884.2,399.6,878.5,508.7,1088.6,980.6,1101.7,719.5,1442.0,719.3,1509.1
5,1689.1,914.2,824.4,927.8,1236.2,0.0,414.8,784.0,318.0,15.6,851.0,913.0,1220.3,1002.0,389.8,735.6,733.7,912.5,804.3,923.7,509.5,453.3,408.7,627.6,982.8,1018.8,951.3,421.7,764.9,394.8,611.8,684.6,912.3,990.9,432.3,1098.8,379.8,976.2,1203.7,27.7,415.0,447.8,1063.2,1028.4,794.0,652.0,264.3,1031.0,1010.6,658.6,651.7,836.4,1007.6,951.6,523.6,348.1,1257.8,614.2,1189.6,691.8,647.9,999.9,541.7,693.8,657.2,654.0,608.1,397.4,888.8,594.3,807.9,716.6,669.7,727.6,1263.9,1306.5,466.9,1018.8,552.3,462.2,721.0,907.5,663.4,733.7,462.2,309.9,999.2,398.7,1314.2,594.3,1080.7,864.4,835.1,912.1,403.2,938.9,244.6,474.9,224.9,726.7,595.6,745.0,662.7
6,1427.6,634.3,562.9,666.3,942.7,414.8,0.0,523.1,447.8,430.4,806.3,967.8,993.6,775.2,676.1,658.9,657.0,651.1,542.8,879.0,215.3,173.4,364.0,366.1,721.3,817.5,906.6,652.0,504.0,507.1,898.2,404.7,650.9,697.4,579.6,805.2,353.4,855.8,910.2,442.6,120.8,734.2,836.5,756.7,517.3,607.3,461.5,829.7,749.1,397.6,587.9,542.2,746.1,658.1,459.8,172.3,964.3,353.3,962.8,647.1,367.9,738.4,280.7,980.2,612.5,577.3,549.8,456.6,608.9,314.4,546.5,455.7,408.7,466.6,970.4,1013.0,387.1,817.5,507.6,168.0,676.3,646.1,383.5,657.0,168.0,265.2,878.7,314.0,1020.6,880.6,787.2,587.8,573.6,632.2,318.4,677.4,199.9,180.7,541.7,465.2,881.9,483.5,949.1
7,1216.6,549.8,457.8,561.2,936.9,784.0,523.1,0.0,901.7,799.6,883.0,1044.5,1052.2,831.2,1119.7,1049.1,1047.2,546.0,276.9,955.7,735.0,381.4,661.4,260.3,473.5,569.7,682.1,1105.9,19.1,961.0,1341.7,492.2,403.0,706.4,1033.5,799.5,807.3,607.9,904.4,811.8,640.5,1177.8,892.5,661.8,605.8,684.0,915.4,581.9,501.3,203.6,992.6,599.8,498.2,667.1,905.1,438.6,958.5,169.8,1018.8,723.8,318.6,490.6,278.6,1423.7,689.2,967.5,1003.6,910.5,524.4,401.9,298.6,110.6,114.4,99.7,964.6,1000.6,841.0,569.7,584.3,687.7,753.0,541.0,350.3,1047.2,687.7,634.4,630.9,767.8,909.4,1324.2,781.4,643.8,307.7,547.7,772.3,493.0,569.1,700.4,954.9,244.4,1325.5,217.6,1273.4
8,1494.5,880.3,901.1,1004.5,1007.9,318.0,447.8,901.7,0.0,333.6,1114.8,841.2,902.4,684.0,318.0,417.7,415.7,989.3,916.5,929.9,328.1,608.9,672.6,739.8,1095.0,1191.2,1215.2,234.6,882.6,76.8,540.0,594.5,1024.6,762.5,159.8,870.4,151.4,1229.5,975.4,345.7,418.1,376.0,745.2,857.9,565.7,915.9,88.1,1203.4,1122.8,830.1,333.7,608.1,1119.8,723.3,205.6,532.7,996.1,731.9,871.6,955.7,692.4,1112.1,725.1,622.0,921.0,336.0,295.6,79.5,854.8,519.8,920.2,834.3,787.3,845.2,990.0,1078.2,149.0,1191.2,816.1,375.5,984.8,984.3,660.0,415.7,375.5,573.7,1252.4,170.4,1085.8,522.5,852.4,636.1,947.3,750.5,174.8,1015.6,508.5,362.7,183.5,838.9,523.8,857.2,590.9
9,1704.7,929.8,840.0,943.4,1251.8,15.6,430.4,799.6,333.6,0.0,866.6,928.5,1235.9,1017.6,405.4,751.2,749.3,928.1,819.9,939.3,525.1,468.9,424.3,643.1,998.4,1034.4,966.9,437.3,780.5,410.4,627.4,700.2,927.9,1006.5,447.9,1114.4,395.4,991.8,1219.3,12.1,430.6,463.4,1078.8,1043.9,809.6,667.6,279.9,1046.6,1026.2,674.2,667.3,852.0,1023.2,967.2,539.2,363.7,1273.4,629.8,1205.2,707.4,663.5,1015.5,557.2,709.4,672.8,669.6,623.7,413.0,904.4,609.9,823.5,732.2,685.2,743.2,1279.5,1322.1,482.5,1034.4,567.9,477.8,736.5,923.1,679.0,749.3,477.8,325.4,1014.7,414.3,1329.7,609.9,1096.3,880.0,850.7,927.7,418.7,954.4,260.2,490.5,240.5,742.3,611.2,760.6,678.3
10,1865.4,1231.0,1139.0,1242.4,1618.1,851.0,806.3,883.0,1114.8,866.6,0.0,307.5,1733.4,1512.4,900.4,1357.5,1355.5,1227.1,958.1,218.7,900.9,844.8,442.2,926.8,1154.6,824.0,756.5,1218.6,863.9,1191.7,819.6,1063.4,1084.2,1387.6,1229.2,1480.6,1039.0,781.4,1585.6,878.7,806.4,937.2,1573.7,1343.0,1272.2,457.2,1061.2,836.2,1182.5,705.4,1273.5,1266.3,1179.4,1348.3,1145.4,739.5,1639.7,777.6,1700.0,274.4,985.1,904.5,718.8,738.9,462.4,1275.8,1235.4,1142.2,1205.6,973.1,979.8,815.6,768.6,826.5,1645.8,1681.7,1072.7,824.0,298.7,853.6,526.1,1222.1,1016.8,1355.5,853.6,541.1,804.3,999.6,1590.6,766.3,1462.6,1325.0,988.8,1228.9,1004.0,1174.2,606.4,866.4,1021.8,925.6,862.0,898.7,557.7
11,2026.8,1392.5,1300.5,1403.9,1759.4,913.0,967.8,1044.5,841.2,928.5,307.5,0.0,1743.5,1525.2,592.9,1258.8,1256.9,1388.6,1119.5,88.7,1062.4,1006.3,603.7,1088.2,1316.1,985.5,918.0,944.9,1025.3,918.0,512.2,1224.9,1245.7,1514.1,955.5,1622.0,903.0,942.9,1726.9,940.7,967.9,629.8,1586.4,1504.4,1317.2,618.7,787.5,997.7,1343.9,866.8,1174.9,1359.6,1340.9,1474.8,1046.8,901.0,1781.0,939.1,1712.8,435.9,1146.6,1066.0,880.3,431.5,623.8,1177.2,1131.3,920.6,1367.1,1134.6,1141.3,977.0,930.1,988.0,1787.1,1829.7,990.1,985.5,460.2,1015.1,687.6,1383.6,1178.3,1256.9,1015.1,702.6,965.8,921.9,1752.1,458.8,1603.9,1387.6,1150.3,1390.3,926.3,1335.7,767.8,1027.8,778.5,1087.1,554.6,1060.2,250.3
12,592.1,597.1,594.4,570.9,115.3,1220.3,993.6,1052.2,902.4,1235.9,1733.4,1743.5,0.0,218.4,1220.3,649.8,599.0,555.7,968.7,1806.1,996.9,984.2,1355.3,821.7,760.3,1126.2,1237.1,1018.3,1071.4,873.4,1442.4,735.8,816.6,418.0,945.9,252.8,947.5,1164.4,147.8,1248.1,1084.5,1278.4,213.9,390.5,476.3,1458.1,990.5,1138.4,788.1,1054.1,760.6,498.4,888.1,447.3,696.7,1142.2,93.7,1005.9,30.8,1574.3,763.4,1047.1,1029.7,1524.4,1454.1,735.5,813.4,822.9,549.3,811.8,855.1,941.6,1011.2,952.6,87.6,321.2,769.4,1126.2,1434.7,1044.3,1412.8,550.7,748.1,599.0,1044.3,1256.5,1187.4,908.1,328.8,1424.8,270.8,405.8,999.5,515.0,912.5,624.0,1191.2,1031.5,1085.9,834.9,1426.1,834.7,1493.3
13,810.5,475.4,593.1,617.8,333.7,1002.0,775.2,831.2,684.0,1017.6,1512.4,1525.2,218.4,0.0,1002.0,431.4,380.7,602.5,747.7,1585.1,778.6,765.8,1136.9,603.4,807.2,905.2,1017.6,799.9,850.3,655.0,1224.0,517.4,738.5,342.0,727.5,449.9,729.1,943.4,366.2,1029.7,866.1,1060.0,61.3,437.3,257.9,1237.1,772.1,917.4,835.0,833.0,542.2,280.0,833.7,302.7,478.4,923.8,312.1,787.6,187.6,1353.3,545.0,826.0,811.3,1306.0,1233.0,517.1,595.0,604.5,450.0,593.4,634.1,720.6,790.2,731.6,306.0,539.5,551.1,905.2,1213.7,825.9,1191.7,597.5,529.7,380.7,825.9,1038.1,966.3,689.7,547.2,1206.5,431.8,187.4,778.5,329.9,694.2,670.8,972.8,813.2,867.5,613.9,1207.8,613.7,1274.9
14,1812.4,1108.6,1129.5,1232.9,1236.2,389.8,676.1,1119.7,318.0,405.4,900.4,592.9,1220.3,1002.0,0.0,735.6,733.7,1217.6,1140.0,681.6,556.5,789.0,744.4,963.2,1318.5,1354.5,1287.0,421.7,1100.6,394.8,291.7,822.8,1248.0,990.9,432.3,1098.8,379.8,1311.9,1203.7,417.5,646.4,127.8,1063.2,1086.2,794.0,987.7,264.3,1366.7,1346.3,994.3,651.7,836.4,1343.2,951.6,523.6,683.8,1257.8,949.9,1189.6,892.2,920.7,1335.6,877.3,373.7,992.8,654.0,608.1,397.4,1083.2,748.1,1143.6,1052.3,1005.3,1063.3,1263.9,1306.5,466.9,1354.5,887.9,603.8,1056.6,1212.6,888.3,733.7,603.8,645.5,1334.8,398.7,1314.2,274.2,1080.7,864.4,1170.8,978.8,403.2,1243.9,580.3,591.1,255.3,1062.4,296.3,1080.7,342.6
15,1241.9,823.3,940.9,965.6,765.1,735.6,658.9,1049.1,417.7,751.2,1357.5,1258.8,649.8,431.4,735.6,0.0,50.8,950.4,1064.0,1347.6,552.2,756.3,915.2,887.2,1155.0,1253.0,1365.5,389.7,1030.0,388.7,957.7,656.1,1086.4,689.8,386.6,797.7,498.4,1291.3,797.6,763.4,642.1,793.7,492.7,785.2,612.5,1158.5,505.8,1265.2,1182.8,977.6,160.1,627.9,1181.6,650.5,212.0,756.7,743.5,879.3,619.0,1198.3,839.8,1173.9,872.9,1039.7,1163.7,135.0,212.9,338.2,797.9,667.2,982.0,981.7,934.7,992.7,737.4,971.0,284.7,1253.0,1058.8,599.5,1227.4,945.4,807.4,50.8,599.5,816.3,1314.2,458.9,978.6,940.1,779.7,535.3,1094.8,677.8,463.4,1018.7,751.1,586.8,601.2,961.7,941.4,961.5,1008.6
16,1191.1,772.5,890.2,914.9,714.4,733.7,657.0,1047.2,415.7,749.3,1355.5,1256.9,599.0,380.7,733.7,50.8,0.0,899.6,1044.8,1345.6,550.2,754.4,913.2,885.2,1104.3,1202.3,1314.7,440.4,1028.0,386.7,955.7,654.1,1035.6,639.1,437.3,747.0,496.4,1240.5,746.8,761.4,640.2,791.7,441.9,734.4,555.0,1156.5,503.8,1214.5,1132.1,975.6,210.9,577.1,1130.8,599.8,210.1,754.7,692.8,877.3,568.3,1196.4,837.8,1123.2,870.9,1037.7,1161.7,185.8,263.7,336.2,747.1,665.3,931.2,979.7,932.8,990.7,686.6,920.2,282.8,1202.3,1056.8,597.5,1225.5,894.6,805.4,0.0,597.5,814.4,1263.5,457.0,927.9,938.2,728.9,484.5,1075.6,627.0,461.4,968.0,749.1,584.8,599.2,911.0,939.5,910.8,1006.6
17,903.7,203.3,88.2,15.3,440.4,912.5,651.1,546.0,989.3,928.1,1227.1,1388.6,555.7,602.5,1217.6,950.4,899.6,0.0,462.5,1299.9,849.5,509.0,861.7,322.6,254.1,619.9,732.3,1159.9,565.1,1015.0,1439.6,415.9,310.3,317.9,1087.5,302.9,894.9,658.1,407.9,940.3,768.5,1275.7,663.8,165.2,457.5,951.8,1003.0,632.1,281.9,547.8,1013.4,415.8,381.8,347.2,926.0,648.1,462.0,506.8,586.5,1068.0,343.3,540.8,530.5,1521.6,947.8,988.3,1057.6,964.5,155.5,489.5,348.8,435.3,504.9,446.3,468.1,510.6,895.0,619.9,928.4,815.7,906.5,5.0,356.1,899.6,815.7,762.9,681.1,855.5,518.3,1422.1,284.9,415.1,493.2,279.6,859.9,117.7,697.6,828.4,1083.1,328.6,1423.4,328.4,1490.6
18,1133.1,466.3,374.3,477.7,853.4,804.3,542.8,276.9,916.5,819.9,958.1,1119.5,968.7,747.7,1140.0,1064.0,1044.8,462.5,0.0,1030.8,754.8,400.8,736.5,176.8,389.9,486.2,598.6,1120.7,296.0,975.8,1362.0,434.8,319.5,622.9,1048.3,715.9,822.1,524.4,820.9,832.0,660.3,1198.1,809.0,578.3,522.2,759.1,930.2,498.4,417.8,278.7,1007.4,516.3,414.7,583.6,920.0,471.0,875.0,244.9,935.3,798.9,235.1,407.1,349.3,1444.0,764.3,982.3,1018.5,925.3,440.9,416.8,215.1,166.2,235.9,177.2,881.1,917.1,855.8,486.2,659.4,707.5,772.8,457.4,266.8,1044.8,707.5,654.7,547.4,782.7,825.9,1344.5,697.9,560.3,30.8,464.2,787.2,409.5,589.4,720.2,975.2,160.9,1345.8,134.0,1348.5
19,1938.1,1303.7,1211.7,1315.1,1690.8,923.7,879.0,955.7,929.9,939.3,218.7,88.7,1806.1,1585.1,681.6,1347.6,1345.6,1299.9,1030.8,0.0,973.7,917.5,515.0,999.5,1227.4,896.7,829.2,1033.6,936.6,1006.7,600.9,1136.1,1156.9,1460.3,1044.2,1553.4,991.7,854.1,1658.3,951.4,879.2,718.5,1646.4,1415.7,1345.0,529.9,876.3,908.9,1255.2,778.1,1263.6,1339.1,1252.1,1421.0,1135.5,812.2,1712.4,850.4,1772.7,347.2,1057.8,977.2,791.5,520.2,535.1,1265.9,1220.0,1009.4,1278.3,1045.9,1052.5,888.3,841.3,899.3,1718.5,1754.5,1078.9,896.7,371.4,926.4,598.9,1294.9,1089.5,1345.6,926.4,613.8,877.1,1010.6,1663.3,547.6,1535.3,1397.7,1061.6,1301.6,1015.1,1246.9,679.1,939.1,867.2,998.3,643.3,971.5,339.0
20,1553.7,745.8,761.3,864.7,946.0,509.5,215.3,735.0,328.1,525.1,900.9,1062.4,996.9,778.6,556.5,552.2,550.2,849.5,754.8,973.7,0.0,385.4,458.7,578.0,933.2,1029.5,1001.3,532.3,715.9,387.4,778.5,462.6,862.8,700.7,459.9,808.6,233.7,1026.2,913.5,537.2,94.5,614.5,839.8,796.0,520.7,702.0,341.8,1041.7,961.1,609.6,468.2,545.5,958.0,661.4,340.1,300.2,967.6,565.2,966.2,741.8,552.5,950.4,492.6,860.5,707.1,470.5,430.1,336.9,720.4,380.0,758.4,667.6,620.6,678.6,973.7,1016.3,267.4,1029.5,602.2,47.3,770.9,844.5,520.2,550.2,47.3,359.8,1049.1,194.3,1024.0,761.0,790.5,591.1,785.6,688.6,198.8,875.8,294.6,34.6,422.0,677.1,762.3,695.4,829.4
21,1285.6,492.3,420.9,524.3,889.8,453.3,173.4,381.4,608.9,468.9,844.8,1006.3,984.2,765.8,789.0,756.3,754.4,509.0,400.8,917.5,385.4,0.0,402.5,224.0,579.3,675.5,787.9,813.1,362.3,668.2,1011.0,262.6,508.8,648.9,740.7,752.3,514.5,713.7,857.3,481.1,290.8,847.1,827.0,614.6,507.9,645.8,622.6,687.7,607.1,309.8,699.8,505.8,604.0,609.6,612.4,191.1,911.4,211.6,953.4,685.6,225.9,596.4,233.8,1093.0,651.0,674.7,710.9,617.7,466.9,172.4,404.4,313.9,267.0,324.9,917.5,960.0,548.2,675.5,546.1,338.0,714.8,504.0,241.5,754.4,338.0,303.7,736.7,475.1,967.7,993.5,734.3,578.4,431.6,490.1,479.5,535.3,238.4,350.8,624.2,323.2,994.8,341.5,1061.9
22,1638.3,863.4,773.6,877.0,1252.7,408.7,364.0,661.4,672.6,424.3,442.2,603.7,1355.3,1136.9,744.4,915.2,913.2,861.7,736.5,515.0,458.7,402.5,0.0,576.7,932.0,610.1,542.6,776.3,642.3,749.4,966.4,633.8,861.5,1020.0,786.9,1115.2,596.8,567.5,1220.2,436.4,364.2,802.5,1198.2,977.5,879.1,243.3,618.9,622.3,959.8,483.8,831.3,876.9,956.8,980.7,703.2,297.3,1274.3,556.0,1324.6,283.1,597.1,690.6,490.8,1013.9,248.5,833.6,793.1,700.0,838.0,543.5,757.1,594.0,547.0,604.9,1280.4,1323.0,630.5,610.1,143.5,411.4,312.2,856.7,612.6,913.2,411.4,98.9,590.4,557.3,1330.6,948.9,1097.2,949.5,767.3,861.3,561.8,888.0,164.1,424.1,579.6,675.9,950.2,677.1,832.6
23,1099.1,325.9,234.4,337.8,713.5,627.6,366.1,260.3,739.8,643.1,926.8,1088.2,821.7,603.4,963.2,887.2,885.2,322.6,176.8,999.5,578.0,224.0,576.7,0.0,373.3,469.6,582.0,944.0,279.4,799.0,1185.2,258.0,302.9,482.5,871.6,576.1,645.4,507.8,681.0,655.3,483.5,1021.3,664.6,438.4,345.5,727.8,753.5,481.8,401.2,262.1,830.6,339.6,398.1,443.2,743.2,329.7,735.1,184.2,791.0,767.6,58.3,390.5,208.0,1267.2,733.0,805.5,841.7,748.6,300.5,240.0,198.5,149.6,219.3,160.6,741.2,783.8,679.1,469.6,628.1,530.7,756.2,317.6,90.1,885.2,530.7,477.9,530.8,605.9,791.4,1167.7,558.0,415.9,207.6,323.8,610.4,348.9,412.6,543.4,798.4,136.7,1169.0,117.4,1236.2
24,788.3,407.9,250.8,269.3,645.0,982.8,721.3,473.5,1095.0,998.4,1154.6,1316.1,760.3,807.2,1318.5,1155.0,1104.3,254.1,389.9,1227.4,933.2,579.3,932.0,373.3,0.0,513.7,614.0,1299.2,492.6,1154.3,1540.5,613.2,70.4,522.6,1226.8,507.5,1000.6,551.9,612.5,1010.5,838.7,1376.5,868.4,369.9,662.1,845.6,1108.7,525.9,27.8,475.3,1185.9,620.4,142.0,551.8,1098.5,667.6,666.6,441.5,791.1,995.5,413.5,434.6,545.8,1622.5,841.6,1160.8,1196.9,1103.8,360.2,595.2,242.6,362.8,432.4,373.8,672.7,635.4,1034.3,513.7,855.9,885.9,800.3,249.0,445.3,1104.3,885.9,833.1,574.9,961.2,544.2,1523.0,489.5,619.7,420.7,484.2,965.6,194.9,767.9,898.7,1153.6,256.1,1524.3,255.9,1545.0
25,1286.9,623.8,531.7,637.7,1013.4,1018.8,817.5,569.7,1191.2,1034.4,824.0,985.5,1128.8,905.2,1354.5,1253.0,1202.3,622.5,486.2,896.7,1029.5,675.5,610.1,469.6,513.7,0.0,360.4,1386.4,588.8,1250.5,1476.3,709.5,443.3,780.3,1323.0,876.0,1096.8,102.3,981.0,1046.5,934.9,1412.5,966.4,738.3,760.1,396.0,1204.9,12.2,541.5,571.5,1282.1,718.4,538.5,741.1,1194.7,763.8,1035.0,537.7,1092.8,664.8,509.8,168.9,642.1,1395.6,392.0,1257.0,1293.2,1200.0,598.3,691.4,271.1,459.0,528.7,470.0,1041.2,1070.9,1130.5,0.0,525.3,982.1,350.6,617.5,541.5,1202.3,982.1,708.9,125.2,1057.4,979.7,1423.0,858.0,717.7,516.9,621.6,1061.8,563.3,774.2,994.9,1189.6,352.3,1518.7,352.1,1214.4
26,1152.4,736.2,644.2,750.2,1121.8,951.3,906.6,682.1,1215.2,966.9,756.5,918.0,1237.1,1017.6,1287.0,1365.5,1314.7,734.9,598.6,829.2,1001.3,787.9,542.6,582.0,614.0,360.4,0.0,1318.9,701.2,1292.0,1408.8,821.9,555.7,892.8,1329.5,988.4,1139.3,358.4,1089.3,979.0,906.8,1345.0,1078.9,850.7,872.5,328.5,1161.5,372.6,586.2,683.9,1373.8,830.8,650.9,853.5,1245.7,839.8,1143.4,650.1,1205.2,597.3,622.2,191.6,754.5,1328.1,324.4,1369.4,1335.7,1242.5,710.8,803.9,383.5,571.5,641.1,582.5,1149.5,999.4,1173.1,360.4,457.8,954.0,283.1,729.9,653.9,1314.7,954.0,641.4,381.4,1099.9,908.3,1355.5,970.4,830.2,629.4,734.1,1104.4,675.8,706.7,966.7,1122.1,464.8,1451.2,464.6,1146.9
27,1610.4,1029.8,1105.3,1175.1,1133.6,421.7,652.0,1105.9,234.6,437.3,1218.6,944.9,1018.3,799.9,421.7,389.7,440.4,1159.9,1120.7,1033.6,532.3,813.1,776.3,944.0,1299.2,1386.4,1318.9,0.0,1086.8,167.0,643.7,744.0,1228.7,912.0,80.5,1019.9,386.0,1343.8,1124.9,449.4,622.3,479.8,861.2,1007.4,715.2,1019.6,224.8,1398.6,1327.0,1026.2,298.9,757.6,1324.0,872.8,321.6,715.7,1112.0,936.1,987.5,1059.4,896.5,1316.3,909.3,725.7,1024.8,324.0,248.2,217.5,1004.3,724.0,1124.3,1038.4,991.5,1049.4,1105.9,1227.7,264.9,1386.4,919.9,579.6,1088.6,1154.9,864.2,440.4,579.6,677.5,1366.8,404.9,1235.3,626.2,1001.9,785.6,1151.5,900.0,409.4,1219.8,612.2,566.9,287.2,1043.1,627.5,1061.4,694.6
28,1235.7,568.9,476.9,580.3,956.0,764.9,504.0,19.1,882.6,780.5,863.9,1025.3,1071.4,850.3,1100.6,1030.0,1028.0,565.1,296.0,936.6,715.9,362.3,642.3,279.4,492.6,588.8,701.2,1086.8,0.0,941.8,1322.6,473.0,422.1,725.5,1014.4,818.6,788.2,627.0,923.5,792.7,621.4,1158.7,911.6,680.9,624.9,664.9,896.3,601.0,520.4,184.5,973.4,619.0,517.4,686.2,886.0,419.5,977.6,150.7,1038.0,704.7,337.7,509.7,259.5,1404.6,670.1,948.3,984.5,891.4,543.5,382.8,317.7,129.8,95.3,118.8,983.8,1019.7,821.9,588.8,565.2,668.6,733.8,560.1,369.5,1028.0,668.6,615.3,650.0,748.7,928.5,1305.1,800.5,662.9,326.8,566.8,753.2,512.1,550.0,681.3,935.8,263.6,1306.4,236.7,1254.3
29,1465.5,884.8,960.4,1030.2,988.7,394.8,507.1,961.0,76.8,410.4,1191.7,918.0,873.4,655.0,394.8,388.7,386.7,1015.0,975.8,1006.7,387.4,668.2,749.4,799.0,1154.3,1250.5,1292.0,167.0,941.8,0.0,616.8,599.1,1083.8,767.1,86.5,875.0,228.3,1288.7,980.0,422.5,477.4,452.9,716.2,862.5,570.2,992.7,164.9,1262.7,1182.1,889.4,304.7,612.7,1179.0,727.8,176.6,591.9,967.1,791.1,842.6,1032.5,751.6,1171.4,784.4,698.8,997.9,307.0,262.3,50.5,859.4,579.1,979.4,893.5,846.6,904.5,961.0,1082.8,120.0,1250.5,893.0,434.7,1061.7,1010.0,719.2,386.7,434.7,650.6,1311.7,247.2,1090.4,599.3,857.0,640.7,1006.6,755.1,251.7,1074.9,585.3,422.0,260.3,898.2,600.6,916.5,667.7
30,2034.5,1330.6,1351.5,1454.9,1458.2,611.8,898.2,1341.7,540.0,627.4,819.6,512.2,1442.4,1224.0,291.7,957.7,955.7,1439.6,1362.0,600.9,778.5,1011.0,966.4,1185.2,1540.5,1476.3,1408.8,643.7,1322.6,616.8,0.0,1044.8,1470.0,1212.9,654.3,1320.8,601.8,1433.7,1425.8,639.5,868.5,188.6,1285.2,1308.2,1016.0,1109.5,486.3,1488.5,1568.3,1216.3,873.7,1058.5,1565.3,1173.6,745.6,905.8,1479.8,1171.9,1411.6,811.4,1142.7,1557.6,1099.3,131.0,1114.7,876.0,830.1,619.5,1305.2,970.1,1365.6,1274.3,1227.4,1285.3,1486.0,1528.5,689.0,1476.3,951.0,825.8,1178.4,1434.6,1110.3,955.7,825.8,867.6,1456.7,620.7,1536.2,290.8,1302.8,1086.4,1392.8,1200.8,625.2,1466.0,802.3,813.1,477.3,1284.4,69.0,1302.7,261.9
31,1261.9,285.8,396.5,431.1,654.1,684.6,404.7,492.2,594.5,700.2,1063.4,1224.9,735.8,517.4,822.8,656.1,654.1,415.9,434.8,1136.1,462.6,262.6,633.8,258.0,613.2,709.5,821.9,744.0,473.0,599.1,1044.8,0.0,542.8,408.8,671.6,516.7,500.1,747.7,621.7,712.3,522.1,880.9,578.7,408.1,259.5,864.4,608.2,721.7,641.1,420.6,599.5,253.6,638.0,369.5,512.1,420.6,675.8,322.3,705.0,904.2,200.0,630.4,344.6,1126.8,869.6,574.4,641.8,548.6,260.3,90.3,438.4,407.7,377.8,418.6,681.9,724.4,479.1,709.5,764.7,509.2,933.4,410.9,168.0,654.1,509.2,534.9,770.7,460.7,732.1,1027.3,498.7,330.0,465.6,283.6,465.1,484.2,469.7,497.2,688.3,357.1,1028.6,375.5,1095.8
32,858.8,457.1,307.0,325.5,701.2,912.3,650.9,403.0,1024.6,927.9,1084.2,1245.7,816.6,738.5,1248.0,1086.4,1035.6,310.3,319.5,1156.9,862.8,508.8,861.5,302.9,70.4,443.3,555.7,1228.7,422.1,1083.8,1470.0,542.8,0.0,578.8,1156.4,563.8,930.2,481.5,668.8,940.1,768.3,1306.1,799.7,426.1,593.4,775.2,1038.3,455.5,98.3,404.8,1115.4,551.7,95.2,574.4,1028.0,597.1,722.8,371.0,847.3,925.1,343.1,364.2,475.4,1552.0,771.1,1090.3,1126.5,1033.4,416.4,524.8,172.2,292.4,362.0,303.4,729.0,705.8,963.9,443.3,785.5,815.5,729.8,305.3,374.8,1035.6,815.5,762.7,504.4,890.7,614.7,1452.5,545.8,551.1,350.3,455.0,895.2,251.1,697.4,828.2,1083.2,185.7,1453.8,185.5,1474.6
33,910.4,350.6,356.7,333.2,302.7,990.9,697.4,706.4,762.5,1006.5,1387.6,1514.1,418.0,342.0,990.9,689.8,639.1,317.9,622.9,1460.3,700.7,648.9,1020.0,482.5,522.6,780.3,892.8,912.0,725.5,767.1,1212.9,408.8,578.8,0.0,839.7,165.3,668.1,818.6,270.2,1018.6,788.2,1048.9,403.2,152.7,196.9,1112.3,776.2,792.6,550.4,708.2,752.8,155.2,650.4,86.6,665.4,806.8,324.3,666.7,448.8,1228.4,424.2,701.2,690.4,1294.9,1108.2,727.7,805.6,716.7,311.6,490.9,509.3,595.8,665.4,606.7,330.4,373.0,647.2,780.3,1088.9,748.0,1066.9,312.9,409.0,639.1,748.0,921.1,841.5,628.7,380.7,1195.4,147.2,154.5,653.7,205.1,633.2,386.3,855.9,735.3,856.4,489.0,1196.7,488.9,1263.8
34,1538.0,957.4,1032.9,1102.7,1061.2,432.3,579.6,1033.5,159.8,447.9,1229.2,955.5,945.9,727.5,432.3,386.6,437.3,1087.5,1048.3,1044.2,459.9,740.7,786.9,871.6,1226.8,1323.0,1329.5,80.5,1014.4,86.5,654.3,671.6,1156.4,839.7,0.0,947.6,311.3,1354.4,1052.5,460.0,549.9,490.4,788.8,935.0,642.8,1030.2,235.4,1335.2,1254.6,961.9,226.5,685.2,1251.6,800.4,249.2,664.5,1039.6,863.7,915.1,1070.0,824.2,1243.9,856.9,736.3,1035.4,251.6,175.8,137.0,932.0,651.6,1052.0,966.1,919.1,977.0,1033.5,1155.3,192.5,1323.0,930.5,507.3,1099.1,1082.5,791.8,437.3,507.3,688.0,1377.3,330.2,1162.9,636.8,929.5,713.2,1079.1,827.6,334.7,1147.4,622.8,494.5,297.8,970.7,638.1,989.0,705.2
35,745.2,344.3,341.6,318.2,137.4,1098.8,805.2,799.5,870.4,1114.4,1480.6,1622.0,252.8,449.9,1098.8,797.7,747.0,302.9,715.9,1553.4,808.6,752.3,1115.2,576.1,507.5,873.4,985.8,1019.9,818.6,875.0,1320.8,516.7,563.8,165.3,947.6,0.0,776.0,911.6,105.0,1126.5,896.1,1156.8,466.7,137.7,304.8,1205.3,884.1,885.6,535.4,801.3,860.7,263.1,635.3,194.5,773.3,901.6,159.0,760.3,283.5,1321.5,527.6,794.3,784.0,1402.8,1201.3,835.6,913.5,824.5,296.5,598.8,602.3,688.8,758.4,699.8,165.2,207.7,755.1,873.4,1181.9,855.9,1160.0,297.9,512.5,747.0,855.9,1016.4,934.6,736.6,215.4,1303.3,18.0,262.4,746.7,262.2,741.1,371.2,951.1,843.1,964.3,582.1,1304.6,581.9,1371.7
36,1521.2,785.9,806.7,910.1,913.5,379.8,353.4,807.3,151.4,395.4,1039.0,903.0,947.5,729.1,379.8,498.4,496.4,894.9,822.1,991.7,233.7,514.5,596.8,645.4,1000.6,1096.8,1139.3,386.0,788.2,228.3,601.8,500.1,930.2,668.1,311.3,776.0,0.0,1135.1,881.0,407.5,323.7,437.8,790.4,763.5,471.3,840.1,165.1,1109.0,1028.4,735.7,414.4,513.7,1025.4,628.9,286.3,438.3,935.1,637.5,916.7,879.9,598.0,1017.7,630.7,683.8,845.2,416.7,376.3,230.9,760.4,425.4,825.8,739.9,692.9,750.8,941.2,983.8,213.7,1096.8,740.3,281.1,909.0,889.9,565.6,496.4,281.1,497.9,1158.0,76.0,991.4,584.3,758.0,541.7,852.9,656.1,80.4,921.2,432.7,268.3,245.3,744.5,585.6,762.8,652.7
37,1325.2,662.0,570.0,676.0,1051.7,976.2,855.8,607.9,1229.5,991.8,781.4,942.9,1167.0,943.4,1311.9,1291.3,1240.5,660.7,524.4,854.1,1026.2,713.7,567.5,507.8,551.9,102.3,358.4,1343.8,627.0,1288.7,1433.7,747.7,481.5,818.6,1354.4,914.2,1135.1,0.0,1019.2,1003.9,931.7,1370.0,1004.7,776.5,798.3,353.4,1186.4,114.5,579.8,609.7,1320.3,756.6,576.7,779.3,1232.9,802.0,1073.3,575.9,1131.0,622.3,548.0,207.1,680.3,1353.0,349.4,1295.2,1331.4,1238.3,636.6,729.7,309.3,497.3,566.9,508.3,1079.4,1109.1,1168.8,102.3,482.7,978.9,308.1,655.7,579.7,1240.5,978.9,666.4,22.9,1095.6,1018.0,1380.4,896.2,756.0,555.2,659.9,1100.1,601.6,731.6,991.6,1147.1,390.6,1476.1,390.4,1171.8
38,640.2,449.3,446.6,423.1,32.5,1203.7,910.2,904.4,975.4,1219.3,1585.6,1726.9,147.8,366.2,1203.7,797.6,746.8,407.9,820.9,1658.3,913.5,857.3,1220.2,681.0,612.5,978.4,1089.3,1124.9,923.5,980.0,1425.8,621.7,668.8,270.2,1052.5,105.0,881.0,1016.6,0.0,1231.5,1001.1,1261.8,361.7,242.7,409.8,1310.3,989.1,990.6,640.3,906.2,908.4,368.0,740.3,299.5,844.5,1006.6,54.1,865.2,178.6,1426.5,632.6,899.3,889.0,1507.8,1306.3,883.3,961.2,929.5,401.5,703.8,707.3,793.8,863.4,804.8,60.2,173.4,860.0,978.4,1286.9,960.8,1265.0,402.9,617.4,746.8,960.8,1121.3,1039.6,841.6,181.0,1408.2,123.0,367.4,851.7,367.1,846.0,476.2,1056.1,948.1,1069.3,687.1,1409.5,686.9,1476.7
39,1716.8,942.0,852.1,955.5,1263.9,27.7,442.6,811.8,345.7,12.1,878.7,940.7,1248.1,1029.7,417.5,763.4,761.4,940.3,832.0,951.4,537.2,481.1,436.4,655.3,1010.5,1046.5,979.0,449.4,792.7,422.5,639.5,712.3,940.1,1018.6,460.0,1126.5,407.5,1003.9,1231.5,0.0,442.7,475.6,1090.9,1056.1,821.7,679.7,292.0,1058.7,1038.3,686.3,679.4,864.2,1035.3,979.3,551.3,375.8,1285.5,641.9,1217.3,719.6,675.6,1027.6,569.4,721.5,684.9,681.7,635.8,425.2,916.5,622.0,835.7,744.3,697.4,755.3,1291.7,1334.2,494.7,1046.5,580.0,489.9,748.7,935.3,691.1,761.4,489.9,337.6,1026.9,426.4,1341.9,622.0,1108.5,892.1,862.8,939.8,430.9,966.6,272.3,502.6,252.6,754.4,623.3,772.7,690.4
40,1545.1,751.7,680.3,783.7,1033.6,415.0,120.8,640.5,418.1,430.6,806.4,967.9,1084.5,866.1,646.4,642.1,640.2,768.5,660.3,879.2,94.5,290.8,364.2,483.5,838.7,934.9,906.8,622.3,621.4,477.4,868.5,522.1,768.3,788.2,549.9,896.1,323.7,931.7,1001.1,442.7,0.0,704.5,927.4,874.1,608.2,607.5,431.8,947.2,866.6,515.1,558.2,633.1,863.5,749.0,430.1,205.7,1055.2,470.7,1053.7,647.3,485.4,855.8,398.1,950.5,612.6,560.5,520.1,426.9,726.3,431.8,663.9,573.1,526.1,584.1,1061.3,1103.9,357.4,934.9,507.7,47.2,676.4,763.5,500.9,640.2,47.2,265.3,954.6,284.3,1111.5,850.9,878.1,678.7,691.1,749.6,288.7,794.8,200.1,59.9,512.0,582.6,852.2,600.9,919.4
41,1870.5,1166.7,1187.5,1290.9,1294.3,447.8,734.2,1177.8,376.0,463.4,937.2,629.8,1278.4,1060.0,127.8,793.7,791.7,1275.7,1198.1,718.5,614.5,847.1,802.5,1021.3,1376.5,1412.5,1345.0,479.8,1158.7,452.9,188.6,880.9,1306.1,1048.9,490.4,1156.8,437.8,1370.0,1261.8,475.6,704.5,0.0,1121.3,1144.3,852.0,1045.8,322.4,1424.8,1404.3,1052.3,709.8,894.5,1401.3,1009.7,581.7,741.8,1315.9,1008.0,1247.6,929.1,978.7,1393.6,935.4,293.0,1050.9,712.1,666.2,455.5,1141.2,806.2,1201.7,1110.4,1063.4,1121.3,1322.0,1364.6,525.0,1412.5,946.0,661.9,1114.7,1270.7,946.4,791.7,661.9,703.6,1392.9,456.8,1372.2,311.1,1138.8,922.5,1228.9,1036.9,461.2,1302.0,638.4,649.1,313.4,1120.4,168.5,1138.7,379.5
42,806.0,536.7,654.3,679.0,329.3,1063.2,836.5,892.5,745.2,1078.8,1573.7,1586.4,213.9,61.3,1063.2,492.7,441.9,663.8,809.0,1646.4,839.8,827.0,1198.2,664.6,868.4,966.4,1078.9,861.2,911.6,716.2,1285.2,578.7,799.7,403.2,788.8,466.7,790.4,1004.7,361.7,1090.9,927.4,1121.3,0.0,498.6,319.1,1298.3,833.4,978.6,896.2,894.3,603.5,341.3,895.0,363.9,539.6,985.0,307.7,848.8,183.2,1414.5,606.3,887.3,872.6,1367.2,1294.3,578.4,656.3,665.8,511.2,654.7,695.3,781.8,851.4,792.8,301.5,535.1,612.3,966.4,1275.0,887.1,1253.0,658.8,591.0,441.9,887.1,1099.3,1027.6,750.9,542.8,1267.7,484.7,248.7,839.7,391.2,755.4,732.1,1034.1,874.4,928.7,675.1,1269.0,674.9,1336.2
43,882.9,206.6,204.0,180.5,275.1,1028.4,756.7,661.8,857.9,1043.9,1343.0,1504.4,390.5,437.3,1086.2,785.2,734.4,165.2,578.3,1415.7,796.0,614.6,977.5,438.4,369.9,735.7,848.2,1007.4,680.9,862.5,1308.2,408.1,426.1,152.7,935.0,137.7,763.5,774.0,242.7,1056.1,874.1,1144.3,498.6,0.0,292.2,1067.6,871.6,747.9,397.7,663.6,848.1,250.5,497.7,182.0,760.7,763.9,296.7,622.6,421.2,1183.8,389.9,656.6,646.3,1390.2,1063.6,823.0,900.9,812.0,158.9,498.4,464.6,551.1,620.7,562.1,302.9,345.4,742.5,735.7,1044.3,843.3,1022.3,160.2,374.8,734.4,843.3,878.7,796.9,724.0,353.1,1290.7,119.7,249.9,609.0,124.5,728.5,233.5,813.4,830.6,951.7,444.4,1292.0,444.2,1359.2
44,1050.0,330.4,448.0,472.7,442.2,794.0,517.3,605.8,565.7,809.6,1272.2,1317.2,476.3,257.9,794.0,612.5,555.0,457.5,522.2,1345.0,520.7,507.9,879.1,345.5,662.1,760.1,872.5,715.2,624.9,570.2,1016.0,259.5,593.4,196.9,642.8,304.8,471.3,798.3,409.8,821.7,608.2,852.0,319.1,292.2,0.0,1073.3,579.3,772.3,689.9,607.6,555.9,83.3,688.7,157.6,468.5,665.9,463.8,529.7,445.5,1113.1,287.2,681.0,553.4,1098.0,1078.4,530.8,608.7,519.8,304.9,335.5,489.0,495.1,564.7,506.1,470.0,512.5,450.3,760.1,973.5,568.0,1046.7,452.5,271.8,555.0,568.0,780.2,821.3,431.8,520.2,998.5,286.8,70.4,553.0,184.8,436.3,525.8,714.9,555.3,659.5,444.6,999.8,462.9,1066.9
45,1437.4,955.7,863.7,969.7,1345.3,652.0,607.3,684.0,915.9,667.6,457.2,618.7,1460.7,1237.1,987.7,1158.5,1156.5,954.4,759.1,529.9,702.0,645.8,243.3,727.8,845.6,396.0,328.5,1019.6,664.9,992.7,1109.5,864.4,775.2,1112.3,1030.2,1207.9,840.1,353.4,1312.9,679.7,607.5,1045.8,1298.3,1070.2,1073.3,0.0,862.2,408.2,873.4,506.4,1074.6,1050.3,870.4,1073.0,946.5,540.6,1366.9,578.7,1424.7,298.1,786.1,476.5,519.9,1028.8,34.4,1076.9,1036.4,943.3,930.3,774.2,603.0,616.6,569.6,627.6,1373.1,1284.4,873.8,396.0,158.5,654.7,98.1,949.4,817.9,1156.5,654.7,342.2,376.3,800.6,1193.3,1056.2,1189.9,1049.6,789.9,953.5,805.1,895.2,407.4,667.4,822.9,684.2,1151.9,684.0,847.6
46,1582.6,894.0,914.8,1018.2,1021.6,264.3,461.5,915.4,88.1,279.9,1061.2,787.5,990.5,772.1,264.3,505.8,503.8,1003.0,930.2,876.3,341.8,622.6,618.9,753.5,1108.7,1204.9,1161.5,224.8,896.3,164.9,486.3,608.2,1038.3,776.2,235.4,884.1,165.1,1186.4,989.1,292.0,431.8,322.4,833.4,871.6,579.3,862.2,0.0,1217.1,1136.5,843.8,421.8,621.8,1133.5,737.0,293.7,546.4,1043.2,745.6,959.7,902.1,706.1,1125.8,738.8,568.3,867.4,424.1,383.7,167.6,868.5,533.5,933.9,848.0,801.0,858.9,1049.3,1091.9,237.1,1204.9,762.5,389.2,931.2,998.0,673.7,503.8,389.2,520.1,1209.4,184.1,1099.5,468.8,866.1,649.8,961.0,764.2,188.5,1029.3,454.8,376.4,129.8,852.6,470.1,870.9,537.3
47,1299.1,636.0,544.0,650.0,1025.6,1031.0,829.7,581.9,1203.4,1046.6,836.2,997.7,1141.0,917.4,1366.7,1265.2,1214.5,634.7,498.4,908.9,1041.7,687.7,622.3,481.8,525.9,12.2,372.6,1398.6,601.0,1262.7,1488.5,721.7,455.5,792.6,1335.2,888.2,1109.0,114.5,993.2,1058.7,947.2,1424.8,978.6,750.5,772.3,408.2,1217.1,0.0,553.7,583.7,1294.3,730.6,550.7,753.3,1206.9,776.0,1047.2,549.9,1105.0,677.1,522.0,181.1,654.3,1407.8,404.2,1269.2,1305.4,1212.2,610.6,703.7,283.3,471.3,540.9,482.2,1053.4,1083.1,1142.7,12.2,537.5,994.4,362.9,629.7,553.7,1214.5,994.4,721.2,137.5,1069.6,991.9,1435.2,870.2,729.9,529.2,633.8,1074.1,575.5,786.4,1007.1,1201.9,364.5,1530.9,364.3,1226.6
48,760.5,435.8,278.6,297.1,672.8,1010.6,749.1,501.3,1122.8,1026.2,1182.5,1343.9,788.1,835.0,1346.3,1182.8,1132.1,281.9,417.8,1255.2,961.1,607.1,959.8,401.2,27.8,541.5,586.2,1327.0,520.4,1182.1,1568.3,641.1,98.3,550.4,1254.6,535.4,1028.4,579.8,640.3,1038.3,866.6,1404.3,896.2,397.7,689.9,873.4,1136.5,553.7,0.0,503.1,1213.7,648.2,169.8,579.7,1126.3,695.4,694.4,469.3,818.9,1023.3,441.4,462.4,573.7,1650.3,869.4,1188.6,1224.8,1131.6,388.0,623.0,270.5,390.6,460.3,401.6,700.5,607.6,1062.1,541.5,883.8,913.8,828.1,276.9,473.1,1132.1,913.8,860.9,602.7,989.0,516.4,1550.8,517.3,647.5,448.6,512.0,993.4,222.7,795.7,926.5,1181.4,283.9,1552.1,283.7,1572.9
49,1218.4,551.6,459.6,563.0,938.7,658.6,397.6,203.6,830.1,674.2,705.4,866.8,1054.1,833.0,994.3,977.6,975.6,547.8,278.7,778.1,609.6,309.8,483.8,262.1,475.3,571.5,683.9,1026.2,184.5,889.4,1216.3,420.6,404.8,708.2,961.9,801.3,735.7,609.7,906.2,686.3,515.1,1052.3,894.3,663.6,607.6,506.4,843.8,583.7,503.1,0.0,921.0,601.7,500.1,668.9,833.6,313.1,960.3,98.3,1020.6,546.2,320.4,492.4,159.0,1277.0,511.6,895.9,932.1,838.9,526.2,330.4,300.4,136.2,89.2,147.2,966.5,1002.4,769.4,571.5,406.7,562.3,575.4,542.8,352.2,975.6,562.3,508.9,632.7,696.3,911.2,1198.8,783.2,645.6,309.5,549.5,700.8,494.8,443.7,575.0,829.4,246.3,1200.1,219.4,1095.8
50,1352.7,885.3,992.0,1028.6,876.0,651.7,587.9,992.6,333.7,667.3,1273.5,1174.9,760.6,542.2,651.7,160.1,210.9,1013.4,1007.4,1263.6,468.2,699.8,831.3,830.6,1185.9,1282.1,1373.8,298.9,973.4,304.7,873.7,599.5,1115.4,752.8,226.5,860.7,414.4,1320.3,908.4,679.4,558.2,709.8,603.5,848.1,555.9,1074.6,421.8,1294.3,1213.7,921.0,0.0,598.4,1210.6,713.5,155.5,672.8,854.3,822.7,729.8,1114.4,783.2,1203.0,816.3,955.7,1079.7,25.1,52.8,254.3,859.9,610.7,1011.0,925.1,878.2,936.1,848.2,1068.4,200.8,1282.1,974.8,515.6,1143.5,1008.4,750.8,210.9,515.6,732.4,1343.3,375.0,1076.1,856.2,842.7,626.3,1038.2,740.7,379.5,1081.7,667.2,502.8,517.2,929.8,857.5,948.1,924.6
51,1008.3,288.6,406.3,431.0,400.5,836.4,542.2,599.8,608.1,852.0,1266.3,1359.6,498.4,280.0,836.4,627.9,577.1,415.8,516.3,1339.1,545.5,505.8,876.9,339.6,620.4,718.4,830.8,757.6,619.0,612.7,1058.5,253.6,551.7,155.2,685.2,263.1,513.7,756.6,368.0,864.2,633.1,894.5,341.3,250.5,83.3,1050.3,621.8,730.6,648.2,601.7,598.4,0.0,646.9,115.9,511.0,663.8,422.1,523.8,467.6,1107.2,281.2,639.3,547.5,1140.5,1046.3,573.3,651.2,562.2,263.2,335.8,447.3,489.2,558.8,500.2,428.3,470.8,492.7,718.4,967.6,592.8,1005.0,410.7,265.9,577.1,592.8,778.0,779.6,474.3,478.5,1041.0,245.0,92.6,547.1,143.1,478.7,484.1,712.8,580.1,702.0,427.1,1042.3,426.9,1109.4
52,930.3,535.7,378.6,397.1,772.8,1007.6,746.1,498.2,1119.8,1023.2,1179.4,1340.9,888.1,833.7,1343.2,1181.6,1130.8,381.8,414.7,1252.1,958.0,604.0,956.8,398.1,142.0,538.5,650.9,1324.0,517.4,1179.0,1565.3,638.0,95.2,650.4,1251.6,635.3,1025.4,576.7,740.3,1035.3,863.5,1401.3,895.0,497.7,688.7,870.4,1133.5,550.7,169.8,500.1,1210.6,646.9,0.0,669.6,1123.2,692.4,794.4,466.3,918.9,1020.3,438.3,459.4,570.6,1647.3,866.4,1185.6,1221.7,1128.6,488.0,620.0,267.4,387.6,457.2,398.6,800.5,777.4,1059.1,538.5,880.7,910.7,825.1,376.8,470.1,1130.8,910.7,857.9,599.7,985.9,686.2,1547.7,617.3,646.3,445.5,550.2,990.4,322.7,792.6,923.4,1178.4,280.9,1549.0,280.7,1569.8
53,939.7,311.3,386.0,362.5,332.0,951.6,658.1,667.1,723.3,967.2,1348.3,1474.8,447.3,302.7,951.6,650.5,599.8,347.2,583.6,1421.0,661.4,609.6,980.7,443.2,551.8,741.1,853.5,872.8,686.2,727.8,1173.6,369.5,574.4,86.6,800.4,194.5,628.9,779.3,299.5,979.3,749.0,1009.7,363.9,182.0,157.6,1073.0,737.0,753.3,579.7,668.9,713.5,115.9,669.6,0.0,626.1,767.6,353.6,627.4,478.1,1189.2,384.9,661.9,651.2,1255.6,1068.9,688.4,766.3,677.4,285.9,451.7,470.0,556.5,626.1,567.5,359.7,402.3,607.9,741.1,1049.6,708.7,1027.6,342.2,369.7,599.8,708.7,881.9,802.2,589.4,409.9,1156.1,176.5,115.2,614.4,165.8,593.9,415.5,816.6,696.0,817.1,449.8,1157.4,449.6,1224.5
54,1288.8,797.9,904.6,941.2,812.1,523.6,459.8,905.1,205.6,539.2,1145.4,1046.8,696.7,478.4,523.6,212.0,210.1,926.0,920.0,1135.5,340.1,612.4,703.2,743.2,1098.5,1194.7,1245.7,321.6,886.0,176.6,745.6,512.1,1028.0,665.4,249.2,773.3,286.3,1232.9,844.5,551.3,430.1,581.7,539.6,760.7,468.5,946.5,293.7,1206.9,1126.3,833.6,155.5,511.0,1123.2,626.1,0.0,544.7,790.5,735.3,666.0,986.3,695.8,1115.6,728.9,827.6,951.6,130.4,205.7,126.2,772.5,523.2,923.6,837.7,790.8,848.7,784.3,981.0,72.7,1194.7,846.7,387.5,1015.4,920.9,663.4,210.1,387.5,604.3,1255.9,246.9,988.7,728.1,755.2,538.9,950.8,653.3,251.4,994.3,539.1,374.7,389.1,842.4,729.4,860.7,796.5
55,1410.7,650.3,560.0,663.4,1039.1,348.1,172.3,438.6,532.7,363.7,739.5,901.0,1142.2,923.8,683.8,756.7,754.7,648.1,471.0,812.2,300.2,191.1,297.3,329.7,667.6,763.8,839.8,715.7,419.5,591.9,905.8,420.6,597.1,806.8,664.5,901.6,438.3,802.0,1006.6,375.8,205.7,741.8,985.0,763.9,665.9,540.6,546.4,776.0,695.4,313.1,672.8,663.8,692.4,767.6,544.7,0.0,1060.7,268.8,1111.4,580.4,384.0,684.7,196.2,987.8,545.7,675.0,634.6,541.5,624.9,330.4,492.7,371.2,324.2,382.2,1066.8,1109.4,472.0,763.8,440.8,252.9,609.5,643.1,399.6,754.7,252.9,198.4,825.0,398.8,1103.5,888.3,883.6,736.4,501.8,648.1,403.3,674.4,133.2,265.6,518.9,438.6,889.6,411.7,956.7
56,586.1,503.4,500.7,477.2,21.6,1257.8,964.3,958.5,996.1,1273.4,1639.7,1781.0,93.7,312.1,1257.8,743.5,692.8,462.0,875.0,1712.4,967.6,911.4,1274.3,735.1,666.6,1032.4,1143.4,1112.0,977.6,967.1,1479.8,675.8,722.8,324.3,1039.6,159.0,935.1,1070.7,54.1,1285.5,1055.2,1315.9,307.7,296.7,463.8,1364.4,1043.2,1044.7,694.4,960.3,854.3,422.1,794.4,353.6,790.5,1060.7,0.0,919.3,124.5,1480.5,686.7,953.3,943.1,1561.8,1360.3,829.2,907.1,916.6,455.6,757.9,761.4,847.9,917.5,858.8,6.1,227.4,863.2,1032.4,1341.0,1014.9,1319.0,457.0,671.5,692.8,1014.9,1175.4,1093.6,895.6,235.1,1462.3,177.1,421.5,905.8,421.2,900.1,530.3,1110.2,1002.2,1123.3,741.1,1463.6,741.0,1530.8
57,1184.6,510.1,418.6,522.0,897.7,614.2,353.3,169.8,731.9,629.8,777.6,939.1,1005.9,787.6,949.9,879.3,877.3,506.8,244.9,850.4,565.2,211.6,556.0,184.2,441.5,537.7,650.1,936.1,150.7,791.1,1171.9,322.3,371.0,666.7,863.7,760.3,637.5,575.9,865.2,641.9,470.7,1008.0,848.8,622.6,529.7,578.7,745.6,549.9,469.3,98.3,822.7,523.8,466.3,627.4,735.3,268.8,919.3,0.0,975.2,618.5,242.5,458.6,108.8,1253.9,583.8,797.6,833.8,740.7,484.7,232.1,266.6,102.4,55.4,113.4,925.4,968.6,671.2,537.7,478.9,517.9,647.6,501.8,274.3,877.3,517.9,464.6,598.9,598.0,877.4,1154.4,742.2,600.1,275.7,508.0,602.5,461.0,399.3,530.6,785.1,212.5,1155.7,185.6,1168.0
58,622.9,627.9,625.2,601.7,146.1,1189.6,962.8,1018.8,871.6,1205.2,1700.0,1712.8,30.8,187.6,1189.6,619.0,568.3,586.5,935.3,1772.7,966.2,953.4,1324.6,791.0,791.1,1092.8,1205.2,987.5,1038.0,842.6,1411.6,705.0,847.3,448.8,915.1,283.5,916.7,1131.0,178.6,1217.3,1053.7,1247.6,183.2,421.2,445.5,1424.7,959.7,1105.0,818.9,1020.6,729.8,467.6,918.9,478.1,666.0,1111.4,124.5,975.2,0.0,1540.9,732.7,1013.7,998.9,1493.6,1420.7,704.8,782.6,792.1,580.1,781.0,821.7,908.2,977.8,919.2,118.4,351.9,738.7,1092.8,1401.3,1013.5,1379.4,581.4,717.3,568.3,1013.5,1225.7,1154.0,877.3,359.6,1394.1,301.6,375.0,966.1,517.5,881.8,654.8,1160.4,1000.8,1055.1,801.5,1395.4,801.3,1462.5
59,1706.2,1071.9,979.9,1083.3,1458.9,691.8,647.1,723.8,955.7,707.4,274.4,435.9,1574.3,1353.3,892.2,1198.3,1196.4,1068.0,798.9,347.2,741.8,685.6,283.1,767.6,995.5,664.8,597.3,1059.4,704.7,1032.5,811.4,904.2,925.1,1228.4,1070.0,1321.5,879.9,622.3,1426.5,719.6,647.3,929.1,1414.5,1183.8,1113.1,298.1,902.1,677.1,1023.3,546.2,1114.4,1107.2,1020.3,1189.2,986.3,580.4,1480.5,618.5,1540.9,0.0,825.9,745.4,559.7,730.7,303.2,1116.7,1076.2,983.1,1046.4,814.0,820.7,656.4,609.4,667.4,1486.7,1522.6,913.6,664.8,139.6,694.5,367.0,1063.0,857.7,1196.4,694.5,382.0,645.2,840.4,1431.5,758.1,1303.5,1165.8,829.7,1069.7,844.9,1015.0,447.2,707.2,862.7,766.5,853.9,739.6,549.5
60,1119.9,267.6,255.2,358.6,665.1,647.9,367.9,318.6,692.4,663.5,985.1,1146.6,763.4,545.0,920.7,839.8,837.8,343.3,235.1,1057.8,552.5,225.9,597.1,58.3,413.5,509.8,622.2,896.5,337.7,751.6,1142.7,200.0,343.1,424.2,824.2,527.6,598.0,548.0,632.6,675.6,485.4,978.7,606.3,389.9,287.2,786.1,706.1,522.0,441.4,320.4,783.2,281.2,438.3,384.9,695.8,383.9,686.7,242.5,732.7,825.9,0.0,430.7,266.3,1224.7,791.3,758.1,794.3,701.1,242.2,192.6,238.7,208.0,277.6,218.9,692.8,735.4,631.7,509.8,686.4,532.6,796.3,338.3,32.4,837.8,532.6,498.2,570.9,558.5,743.0,1125.2,509.6,357.6,265.9,265.4,563.0,369.6,433.0,545.3,786.2,157.4,1126.5,175.8,1193.6
