,0,1,2,3,4,5,6,7,8,9,10,11,12,13,14,15,16,17,18,19,20,21,22,23,24,25,26,27,28,29,30,31,32,33,34,35,36,37,38,39,40,41,42,43,44,45,46,47,48,49,50,51,52,53,54,55,56,57,58,59,60,61,62,63,64,65,66,67,68,69,70,71,72,73,74,75,76,77,78,79,80,81,82,83,84,85,86,87,88,89,90,91,92,93,94,95,96,97,98,99,100,101,102
0,0.0,1133.1,578.6,1022.6,918.9,1168.9,982.7,1289.8,1548.8,952.4,1458.0,833.5,1573.5,1458.4,1970.6,930.3,1863.5,1112.7,1474.2,1910.2,836.4,934.6,957.4,2018.8,997.9,1747.0,1106.3,1617.0,1125.8,774.8,1298.7,1199.0,1163.9,1285.6,849.8,933.2,1228.0,2021.6,668.1,1158.6,2093.2,2101.8,1133.9,1231.1,844.5,1413.0,1829.5,1153.4,717.1,1284.0,1596.5,1298.9,1446.3,1549.1,1127.9,1317.2,1602.1,656.9,1405.5,1204.7,1167.5,1064.1,1592.3,2127.0,1934.1,1169.4,1177.4,2064.6,1164.1,1575.0,1153.6,1595.6,849.8,1257.7,1433.1,1291.3,927.2,1997.4,1881.1,1582.6,1166.4,1596.5,1063.9,1458.0,885.2,1549.1,1700.4,825.4,1197.0,1255.0,1206.7,1687.1,1406.4,2063.8,2116.5,744.0,1610.4,939.7,1521.3,2050.7,1564.0,999.1,2085.4
1,1133.1,0.0,955.2,501.7,477.7,35.8,559.5,405.0,759.8,519.2,779.8,398.4,874.5,952.6,1298.2,414.7,956.2,227.9,589.4,1420.5,688.0,541.4,514.1,1346.4,560.3,1257.4,166.5,702.0,186.1,509.1,498.0,259.3,30.8,400.8,611.3,341.5,912.8,1349.2,793.0,383.6,1420.8,1429.3,461.7,973.0,409.5,750.4,922.2,213.6,568.7,856.7,681.5,359.2,1024.0,759.4,981.6,377.5,717.3,804.2,1018.5,999.3,227.8,69.0,707.5,1219.7,1026.8,368.6,1031.1,1392.1,224.4,690.2,559.0,896.5,611.3,318.0,957.1,680.3,486.0,1324.9,973.8,930.2,271.4,681.5,124.1,779.8,389.5,759.4,815.6,352.9,322.2,454.2,574.5,779.8,521.6,1499.2,1444.0,717.1,1120.7,583.6,675.9,1512.3,744.5,134.0,1348.5
2,578.6,955.2,0.0,548.6,557.4,991.0,1053.9,1006.0,1005.5,446.4,1465.2,661.8,1013.4,879.8,1392.1,874.6,1718.0,819.9,1190.4,1331.6,907.6,428.7,451.4,1440.3,419.3,1168.4,928.4,1388.9,947.9,846.0,1124.4,1021.1,986.0,991.6,343.9,613.6,649.4,1443.0,162.2,1010.1,1514.6,1523.2,621.1,652.5,610.5,852.9,1684.1,975.4,788.3,705.5,1409.4,1075.8,867.8,1005.8,549.3,1051.4,1318.3,151.0,826.9,626.1,989.6,886.2,1057.8,1635.6,1788.6,995.1,598.9,1486.0,986.2,1068.1,610.3,1035.4,343.9,1079.8,854.5,747.9,496.6,1418.8,1735.6,1004.0,882.6,1409.4,867.9,1465.2,565.7,1005.8,1282.3,769.6,780.3,1080.7,668.9,1541.6,985.9,1485.2,1537.9,238.1,1031.8,433.8,1437.7,1472.1,1020.8,821.2,1506.8
3,1022.6,501.7,548.6,0.0,183.6,537.6,732.6,550.8,776.3,231.0,1011.7,288.0,873.6,913.2,1302.2,500.8,1264.6,356.1,734.7,1365.0,671.0,304.5,236.0,1350.4,323.4,1201.8,474.9,933.3,494.4,492.1,671.0,567.7,532.5,527.7,204.7,239.8,826.1,1353.2,386.4,556.6,1424.8,1433.3,347.9,847.9,236.7,713.1,1230.6,522.0,551.7,770.1,953.8,621.8,968.4,776.6,744.7,597.5,862.6,397.6,962.9,821.5,536.2,432.7,827.8,1528.0,1335.1,541.7,794.2,1396.1,532.8,817.1,445.3,895.7,204.7,626.4,901.5,574.1,122.8,1329.0,1282.2,929.4,428.6,953.8,414.0,1011.7,191.9,776.6,960.9,395.8,316.4,627.3,464.4,1088.2,648.5,1503.2,1448.0,310.5,1065.2,346.7,984.2,1505.5,791.5,367.7,1416.9
4,918.9,477.7,557.4,183.6,0.0,513.6,708.5,528.5,859.8,239.8,987.7,184.3,962.5,1023.1,1391.1,397.1,1240.5,351.4,712.9,1474.9,567.4,357.3,244.8,1439.3,430.3,1311.8,450.9,911.4,470.4,388.5,647.0,543.6,508.5,524.3,213.5,136.2,934.0,1442.0,395.2,532.6,1513.6,1522.2,457.8,954.9,133.0,823.1,1206.6,498.0,448.1,877.9,931.9,598.3,1078.4,860.1,851.7,574.0,840.8,406.4,1072.9,928.4,512.2,408.7,830.9,1504.0,1311.1,517.6,901.2,1485.0,508.7,813.7,555.2,984.5,213.5,602.4,1011.5,684.1,88.2,1417.8,1258.1,1018.2,405.1,931.9,390.4,987.7,88.2,860.1,939.1,292.1,400.0,603.2,574.3,1064.2,645.1,1592.1,1536.9,319.3,1175.1,362.5,960.2,1605.2,868.0,343.7,1505.8
5,1168.9,35.8,991.0,537.6,513.6,0.0,595.4,440.8,795.6,555.0,815.6,434.3,910.3,988.5,1334.0,450.6,992.1,263.8,625.3,1456.3,723.9,577.2,550.0,1382.2,596.1,1293.2,202.4,737.9,221.9,544.9,533.8,295.2,5.1,436.7,647.1,377.4,948.6,1385.0,828.8,419.4,1456.6,1465.2,497.5,1008.8,445.3,786.2,958.1,249.5,604.5,892.6,717.4,395.0,1059.8,795.3,1017.4,413.3,753.2,840.0,1054.3,1035.2,263.7,104.9,743.3,1255.5,1062.6,404.5,1066.9,1428.0,260.2,726.1,594.9,932.4,647.1,353.9,992.9,716.2,521.8,1360.8,1009.7,966.1,307.3,717.4,160.0,815.6,425.3,795.3,851.4,388.8,358.0,490.1,610.4,815.7,557.5,1535.1,1479.9,752.9,1156.6,619.5,711.7,1548.2,780.3,169.9,1384.3
6,982.7,559.5,1053.9,732.6,711.1,595.4,0.0,753.1,1107.8,750.0,475.3,529.3,1222.5,1300.7,1450.6,586.3,880.8,576.0,832.9,1768.5,146.2,772.2,745.0,1619.6,791.1,1596.4,532.7,634.3,552.2,430.8,333.2,625.5,590.3,748.9,844.7,572.4,1260.8,1622.3,891.7,176.0,1431.0,1566.5,809.7,1321.0,636.7,1098.4,846.9,579.8,265.5,1204.8,613.8,725.3,1372.0,1107.5,1212.4,743.6,988.2,902.9,1366.5,1289.2,594.0,490.5,1055.5,1144.3,951.4,190.9,1261.9,1529.3,590.6,1038.3,907.1,1244.6,844.7,684.2,1305.1,1028.4,719.4,1446.9,898.4,1278.3,629.7,613.8,490.3,475.3,620.3,1107.5,1088.8,481.3,670.3,289.4,922.6,704.4,869.7,1636.4,1454.3,950.5,1445.1,814.4,538.7,1649.5,1092.5,425.5,1273.1
7,1289.8,405.0,1006.0,550.8,528.5,440.8,753.1,0.0,355.3,568.2,612.5,555.1,540.7,618.9,893.2,608.2,788.9,196.0,184.4,1086.7,881.5,590.4,563.2,941.4,601.4,918.3,293.3,383.0,337.1,702.6,691.5,293.8,435.8,107.9,662.1,392.3,579.4,944.2,843.8,577.1,1015.8,1024.3,405.6,639.5,539.5,416.6,754.9,364.7,762.2,523.3,403.4,152.8,690.2,354.9,838.3,114.1,312.3,855.0,684.7,665.9,262.3,336.0,303.0,1052.4,859.5,562.2,887.8,987.1,258.9,285.7,410.5,562.8,662.1,285.6,623.3,440.1,536.7,919.9,806.5,596.5,158.7,403.4,280.9,612.5,440.3,354.9,410.6,546.4,234.3,647.8,353.2,612.5,117.1,1094.2,1039.0,767.9,766.9,632.7,508.6,1107.3,340.0,345.7,1007.9
8,1548.8,759.8,1005.5,776.3,859.8,795.6,1107.8,355.3,0.0,738.6,727.6,909.9,281.1,359.3,709.7,963.0,904.1,531.8,299.6,827.1,1236.3,614.2,733.6,757.9,586.2,664.0,648.5,498.1,692.4,1057.4,1046.3,649.1,790.6,390.3,758.0,723.6,396.0,760.7,880.6,931.9,832.3,840.8,507.5,456.2,870.8,157.0,870.1,720.0,1117.0,398.4,518.6,508.1,430.6,0.3,654.9,469.4,427.5,891.8,425.1,482.5,617.6,690.7,52.3,953.2,974.6,916.9,704.5,803.6,614.1,69.5,418.8,303.1,758.0,640.8,363.7,366.7,825.4,736.4,921.7,336.9,514.0,518.6,635.6,727.6,771.5,0.3,525.7,901.2,459.8,1002.5,397.8,727.7,241.5,910.7,855.5,804.7,527.4,656.4,623.7,923.8,15.3,700.4,824.4
9,952.4,519.2,446.4,231.0,239.8,555.0,750.0,568.2,738.6,0.0,1029.2,344.2,763.4,803.0,1192.0,557.0,1282.0,373.5,752.2,1254.8,727.2,178.6,5.0,1240.2,197.5,1091.6,492.3,950.7,511.9,548.3,688.4,585.1,549.9,545.1,102.5,296.1,701.1,1243.0,284.2,574.0,1314.6,1323.1,323.7,722.0,292.9,602.9,1248.0,539.4,607.9,645.1,971.2,639.2,858.2,739.0,618.8,614.9,880.1,295.4,848.5,695.5,553.6,450.1,790.9,1435.5,1352.6,559.1,668.3,1285.9,550.2,801.2,343.5,785.5,102.5,643.8,791.3,481.1,179.0,1218.8,1299.6,819.2,446.1,971.2,431.4,1029.2,248.1,739.0,978.3,452.0,333.9,644.7,396.6,1105.6,665.9,1393.0,1337.8,208.3,955.0,220.8,1001.6,1395.3,753.9,385.1,1306.7
10,1458.0,779.8,1467.8,1011.7,990.3,815.6,475.3,612.5,727.6,1029.2,0.0,904.8,913.0,972.6,1045.8,891.0,476.0,795.3,428.1,1402.0,621.6,1051.4,1024.2,1214.7,1070.3,1191.6,613.2,229.5,657.1,906.1,428.4,613.7,810.5,666.5,1123.9,851.6,1028.0,1217.5,1305.6,498.0,1026.2,1161.7,1005.0,1088.1,915.9,789.0,442.0,684.6,740.9,1030.4,209.0,488.0,1062.6,727.3,1286.9,526.6,583.4,1316.8,1057.1,1114.5,582.2,710.7,675.3,739.5,546.6,483.0,1336.4,1124.5,555.4,658.1,1009.9,935.1,1123.9,480.3,995.7,996.4,998.6,1042.0,493.6,882.9,739.2,209.0,710.5,0.0,899.5,727.3,683.9,829.2,833.7,399.9,952.6,299.6,649.2,1231.5,1049.5,1229.7,1040.3,1093.6,133.8,1244.7,712.4,704.7,868.2
11,833.5,398.4,661.8,288.0,184.3,434.3,529.3,555.1,909.9,344.2,904.8,0.0,1024.8,1103.0,1448.3,212.8,1161.3,378.1,739.5,1570.9,383.1,461.7,349.2,1496.5,534.7,1407.7,371.6,907.1,391.2,204.2,564.1,464.4,429.2,550.9,317.9,198.5,1038.3,1499.3,499.6,449.7,1570.9,1579.5,562.2,1059.2,109.9,900.7,1127.3,418.7,263.8,982.3,886.6,564.3,1174.3,909.6,956.0,582.5,867.4,510.8,1168.9,1032.8,432.9,329.4,857.6,1424.8,1231.9,434.8,1005.5,1542.3,429.5,840.4,659.6,1046.9,317.9,523.1,1107.4,788.5,192.5,1475.1,1178.9,1080.6,431.8,886.6,329.2,904.8,150.6,909.6,965.7,107.8,462.3,520.3,678.7,984.9,671.8,1649.4,1594.2,423.7,1271.1,466.8,880.9,1662.5,894.6,264.4,1553.5
12,1573.5,874.5,1013.4,873.6,962.5,910.3,1222.5,540.7,281.1,763.4,913.0,1024.8,0.0,125.6,476.0,1077.7,1089.5,646.5,485.0,685.8,1351.0,638.9,758.4,524.2,594.0,501.1,768.1,683.5,812.0,1172.1,1160.9,768.7,905.2,566.8,782.8,826.3,356.0,527.0,905.4,1046.6,598.6,607.1,533.6,416.1,973.5,160.5,1017.0,839.6,1231.7,358.4,704.0,693.5,390.6,281.4,614.9,654.8,494.1,916.6,385.1,442.5,737.2,805.4,333.4,719.5,933.8,1031.6,664.4,569.9,733.8,346.1,444.9,22.0,782.8,826.3,323.7,392.9,922.8,502.8,986.7,103.2,633.4,704.0,750.3,913.0,874.3,281.4,366.2,1015.9,562.5,1117.2,423.9,913.1,426.9,677.0,621.8,829.5,324.0,681.2,809.1,690.1,296.4,815.1,590.7
13,1458.4,952.6,879.8,913.2,1023.1,988.5,1300.7,618.9,359.3,803.0,972.6,1103.0,125.6,0.0,512.3,1155.9,1149.1,724.7,544.6,565.9,1429.2,678.5,798.0,560.5,633.6,402.7,846.3,743.1,890.2,1250.2,1239.1,846.8,983.4,645.0,822.3,904.5,230.4,563.2,945.0,1124.7,634.8,643.4,573.1,290.6,1051.7,218.3,1053.2,917.8,1309.8,232.8,763.6,771.7,265.0,359.6,489.3,733.0,530.3,956.2,259.5,316.9,815.4,883.6,411.6,755.8,970.0,1109.8,538.8,606.2,811.9,424.3,484.5,147.6,822.3,904.4,198.1,432.4,962.3,539.0,1023.0,124.2,711.6,763.6,828.5,972.6,952.4,359.6,402.5,1094.1,640.7,1195.4,463.4,972.7,505.1,713.3,658.1,869.1,207.8,720.8,868.7,706.4,374.5,893.3,627.0
14,1970.6,1298.2,1392.1,1302.2,1391.1,1334.0,1450.6,893.2,709.7,1192.0,1045.8,1448.3,476.0,512.3,0.0,1501.4,733.4,1075.1,738.5,464.7,1596.9,1067.5,1187.0,282.7,1022.6,596.2,1186.4,937.0,1230.3,1595.8,1403.8,1187.0,1329.0,947.2,1211.4,1254.9,742.6,285.5,1334.0,1470.3,182.2,194.0,962.2,802.8,1402.1,589.1,603.8,1257.9,1655.4,745.1,955.3,1046.0,771.8,710.0,1001.6,1007.3,724.2,1345.2,766.3,829.2,1155.5,1229.2,762.0,306.3,520.6,1455.3,1051.1,156.8,1152.1,774.7,873.5,498.1,1211.4,1178.7,710.3,821.5,1351.4,26.8,573.5,422.5,1051.9,955.3,1174.1,1045.8,1302.9,710.0,596.4,1439.6,991.1,1375.2,852.5,767.5,855.5,263.8,205.5,1258.1,579.9,1109.8,941.9,277.0,725.0,1238.9,177.6
15,930.3,414.7,874.6,500.8,397.1,450.6,586.3,608.2,963.0,557.0,891.0,212.8,1077.7,1155.9,1501.4,0.0,1177.6,431.2,792.6,1623.7,440.1,627.4,562.0,1549.6,646.3,1460.6,387.9,923.4,407.4,261.1,550.3,480.7,445.5,604.0,530.7,411.3,1116.0,1552.4,712.4,435.9,1624.0,1632.6,664.9,1176.2,322.7,953.6,1143.6,435.0,320.7,1060.0,902.9,580.5,1227.2,962.7,1067.6,598.8,920.5,723.6,1221.7,1144.4,449.2,345.7,910.7,1441.0,1248.1,421.0,1117.1,1595.4,445.8,893.5,762.3,1099.7,530.7,539.4,1160.3,883.6,405.3,1528.2,1195.2,1133.5,484.9,902.9,345.5,891.0,363.4,962.7,1018.8,105.0,525.4,506.6,777.8,1001.2,724.9,1702.5,1647.3,636.5,1324.0,669.6,897.2,1715.6,947.7,280.7,1569.8
16,1863.5,956.2,1718.0,1264.6,1240.5,992.1,880.8,788.9,904.1,1282.0,476.0,1161.3,1089.5,1149.1,733.4,1177.6,0.0,971.8,604.5,1120.0,1027.1,1304.2,1277.0,906.6,1323.1,1266.9,789.7,406.0,833.5,1271.9,833.9,790.2,987.0,842.9,1374.1,1104.4,1204.4,909.3,1555.8,903.5,713.8,849.3,1181.4,1264.6,1172.3,965.4,395.9,861.1,1146.4,1206.8,385.5,664.4,1239.0,903.7,1463.3,703.1,759.8,1567.0,1233.5,1290.9,758.7,887.2,851.8,427.1,212.9,888.5,1512.9,812.1,731.8,834.5,1186.3,1111.5,1374.1,656.7,1172.1,1172.8,1248.8,729.7,159.9,1059.3,915.6,385.5,887.0,476.0,1152.3,903.7,860.4,1115.8,1010.2,805.4,1129.1,176.4,825.6,919.2,737.1,1479.9,1216.7,1346.4,372.1,932.3,888.8,896.9,555.9
17,1112.7,227.9,819.9,356.1,351.4,263.8,576.0,196.0,531.8,373.5,795.3,378.1,646.5,724.7,1075.1,431.2,971.8,0.0,379.9,1192.6,704.5,395.7,368.5,1123.3,410.7,1029.4,201.1,578.5,220.6,525.5,514.4,293.9,258.7,172.9,476.0,215.2,684.8,1126.1,657.7,400.0,1197.7,1206.3,263.5,745.0,362.5,522.4,937.8,248.2,585.1,628.8,598.9,307.3,796.0,531.5,832.0,275.0,507.8,668.9,790.6,771.4,262.4,158.9,479.5,1235.3,1042.3,385.1,881.5,1169.1,259.0,462.3,353.1,668.6,476.0,352.6,729.1,452.4,359.7,1101.9,989.4,702.3,102.5,598.9,103.8,795.3,263.2,531.5,606.1,369.4,124.0,470.7,346.6,795.4,293.7,1276.1,1220.9,581.8,892.8,437.9,691.4,1289.3,516.6,168.6,1189.9
18,1474.2,589.4,1190.4,734.7,712.9,625.3,832.9,184.4,299.6,752.2,428.1,739.5,485.0,544.6,738.5,792.6,604.5,379.9,0.0,974.0,979.1,774.4,747.2,786.7,785.4,763.5,477.7,198.6,521.5,887.0,786.0,478.2,620.2,238.4,846.5,576.7,599.9,789.5,1028.2,761.5,861.0,869.6,589.6,660.1,723.9,360.9,570.5,549.1,946.6,602.3,219.0,337.2,634.5,299.2,858.8,298.5,157.6,1039.4,629.0,686.4,446.7,520.4,247.3,868.0,675.1,746.6,908.4,832.4,443.3,230.0,594.5,507.0,846.5,470.0,567.6,568.3,721.1,765.2,622.1,454.8,343.1,219.0,465.3,428.1,624.7,299.2,255.9,730.8,418.3,757.5,537.0,428.1,221.1,939.5,884.3,952.3,612.2,816.6,324.2,952.6,284.3,530.1,853.2
19,1910.2,1420.5,1331.6,1365.0,1474.9,1456.3,1768.5,1086.7,827.1,1254.8,1402.0,1570.9,685.8,565.9,464.7,1623.7,1120.0,1192.6,974.0,0.0,1897.0,1130.3,1249.8,735.2,1085.4,315.1,1314.2,1172.5,1358.1,1718.1,1707.0,1314.7,1451.3,1112.9,1274.1,1372.3,682.2,738.0,1396.8,1592.6,647.0,270.8,1024.9,742.3,1519.6,670.1,990.4,1385.6,1777.7,684.6,1193.0,1239.5,517.5,827.5,941.1,1200.9,959.7,1408.0,548.0,768.7,1283.2,1351.5,879.4,692.9,907.2,1577.7,990.6,308.0,1279.8,892.1,936.2,707.9,1274.1,1372.3,541.4,884.2,1414.1,491.5,960.1,586.5,1179.5,1193.0,1296.4,1402.0,1420.3,827.5,831.9,1561.9,1108.5,1663.3,915.2,1154.1,973.0,200.9,670.2,1320.9,361.8,1172.5,1298.1,187.7,842.4,1361.2,564.2
20,836.4,688.0,907.6,671.0,567.4,723.9,146.2,881.5,1236.3,727.2,621.6,383.1,1351.0,1429.2,1596.9,440.1,1027.1,704.5,979.1,1897.0,0.0,844.8,732.3,1765.8,917.8,1733.9,661.2,780.6,680.7,284.5,479.4,753.9,718.8,877.3,701.0,581.6,1389.3,1768.6,745.4,322.2,1577.3,1712.7,938.2,1449.5,492.9,1226.9,993.1,708.3,119.3,1333.2,760.1,853.8,1500.5,1235.9,1339.1,872.1,1134.4,756.6,1495.0,1415.9,722.5,619.0,1184.0,1290.5,1097.6,337.1,1388.6,1675.5,719.0,1166.7,1035.6,1373.0,701.0,812.7,1433.6,1156.8,575.6,1593.1,1044.7,1406.8,758.2,760.1,618.8,621.6,533.6,1235.9,1235.0,335.1,798.7,435.7,1051.1,850.7,998.1,1782.6,1600.5,806.6,1591.3,849.9,684.9,1795.7,1221.0,554.0,1419.3
21,934.6,541.4,428.7,304.5,357.3,577.2,772.2,590.4,614.2,178.6,1051.4,461.7,638.9,678.5,1067.5,627.4,1304.2,395.7,774.4,1130.3,844.8,0.0,173.6,1115.7,73.0,967.2,514.5,972.9,534.1,665.9,710.6,607.3,572.2,567.3,143.8,354.0,576.6,1118.5,266.5,596.2,1190.1,1198.7,199.3,597.5,410.4,478.4,1270.2,561.6,725.5,520.6,993.4,661.4,733.8,614.5,494.3,637.1,902.3,277.7,724.1,571.1,575.8,472.3,666.5,1311.1,1374.8,581.3,543.8,1161.5,572.4,676.8,219.0,661.0,143.8,666.0,666.9,356.7,296.6,1094.3,1321.8,694.7,468.3,993.4,453.6,1051.4,365.6,614.5,957.8,565.6,356.1,666.9,272.1,1127.8,594.6,1268.6,1213.4,190.6,830.5,42.2,1023.8,1270.8,629.4,407.3,1182.3
22,957.4,514.1,451.4,236.0,244.8,550.0,745.0,563.2,733.6,5.0,1024.2,349.2,758.4,798.0,1187.0,562.0,1277.0,368.5,747.2,1249.8,732.3,173.6,0.0,1235.2,192.5,1086.6,487.3,945.7,506.9,553.3,683.4,580.1,544.9,540.1,107.5,301.1,696.1,1238.0,289.2,569.0,1309.6,1318.1,318.7,717.0,297.9,597.9,1243.0,534.4,612.9,640.1,966.2,634.2,853.2,734.0,613.8,609.9,875.1,300.4,843.5,690.5,548.6,445.1,785.9,1430.5,1347.6,554.1,663.3,1280.9,545.2,796.2,338.4,780.4,107.5,638.8,786.3,476.1,184.0,1213.8,1294.6,814.2,441.1,966.2,426.4,1024.2,253.1,734.0,973.3,457.0,328.9,639.7,391.6,1100.6,660.9,1388.0,1332.8,213.3,950.0,215.8,996.6,1390.3,748.9,380.1,1301.7
23,2018.8,1346.4,1440.3,1350.4,1439.3,1382.2,1619.6,941.4,757.9,1240.2,1214.7,1496.5,524.2,560.5,282.7,1549.6,906.6,1123.3,786.7,735.2,1765.8,1115.7,1235.2,0.0,1070.8,653.2,1234.6,985.2,1278.5,1644.0,1572.7,1235.2,1377.2,995.4,1259.6,1303.1,790.8,98.7,1382.2,1518.5,247.4,464.4,1010.4,851.0,1450.3,637.3,776.9,1306.1,1703.6,793.3,1005.7,1094.2,820.0,758.2,1049.8,1055.5,772.4,1393.4,814.5,877.4,1203.7,1277.4,810.2,479.5,693.7,1503.5,1099.3,427.2,1200.3,822.9,921.7,546.2,1259.6,1226.9,758.5,869.7,1399.6,256.0,746.7,470.7,1100.1,1005.7,1222.2,1214.7,1351.1,758.2,644.6,1487.8,1039.3,1544.1,900.7,940.7,903.7,534.3,219.8,1306.3,628.1,1158.0,1110.8,547.4,773.2,1287.0,350.7
24,997.9,560.3,419.3,323.4,430.3,596.1,791.1,601.4,586.2,197.5,1070.3,534.7,594.0,633.6,1022.6,646.3,1323.1,410.7,785.4,1085.4,917.8,73.0,192.5,1070.8,0.0,922.2,533.4,984.0,553.0,738.9,729.5,626.2,591.1,578.4,216.8,372.9,531.7,1073.6,339.5,615.1,1145.2,1153.8,201.8,524.5,483.4,433.5,1289.1,580.5,798.5,475.7,1004.4,676.4,688.9,586.5,421.3,652.1,913.3,350.7,679.1,498.1,594.7,491.3,638.4,1266.1,1393.7,600.2,470.8,1116.6,591.3,648.7,190.9,616.1,216.8,684.9,621.9,328.6,369.6,1049.4,1340.7,649.8,483.4,1004.4,468.6,1070.3,420.8,586.5,912.8,584.5,370.9,685.8,249.5,1146.7,566.6,1223.6,1168.4,263.6,785.6,115.2,1042.8,1225.9,601.4,426.2,1137.4
25,1747.0,1257.4,1168.4,1201.8,1311.8,1293.2,1596.4,918.3,664.0,1091.6,1191.6,1407.7,501.1,402.7,596.2,1460.6,1266.9,1029.4,763.5,315.1,1733.9,967.2,1086.6,653.2,922.2,0.0,1151.0,962.1,1194.9,1555.0,1543.8,1151.5,1288.1,949.7,1111.0,1209.2,519.0,656.0,1233.6,1429.4,718.8,538.6,861.8,579.2,1356.4,507.0,1137.2,1222.5,1614.6,521.4,982.6,1071.0,354.3,664.3,777.9,1032.4,749.3,1244.8,384.8,605.5,1120.1,1188.3,716.3,839.8,1054.0,1414.5,827.5,575.8,1116.6,729.0,773.1,523.1,1111.0,1203.8,378.3,721.1,1251.0,623.0,1107.0,423.4,1016.3,982.6,1133.2,1191.6,1257.1,664.3,621.4,1398.8,945.4,1500.1,752.1,1191.7,809.8,468.7,742.1,1157.7,198.6,1009.4,1087.7,455.6,679.2,1198.0,711.0
26,1106.3,166.5,928.4,474.9,450.9,202.4,532.7,293.3,648.5,492.3,613.2,371.6,768.1,846.3,1186.4,387.9,789.7,201.1,477.7,1314.2,661.2,514.5,487.3,1234.6,533.4,1151.0,0.0,535.5,43.9,482.3,471.2,92.8,197.3,289.9,584.5,314.7,806.4,1237.4,766.2,356.8,1309.0,1317.6,434.9,866.6,382.7,644.1,755.7,71.4,541.9,750.4,515.0,192.6,917.7,648.2,954.7,215.4,605.6,777.4,912.2,893.0,61.3,97.5,596.2,1053.1,860.2,341.8,1004.3,1280.4,57.8,579.0,525.5,790.2,584.5,151.5,850.7,574.0,459.1,1213.2,807.3,823.9,244.6,515.0,97.3,613.2,362.7,648.2,703.8,326.1,295.4,427.4,468.2,613.3,410.4,1387.5,1332.3,690.3,1014.4,556.8,509.3,1400.6,633.3,107.2,1181.9
27,1617.0,702.0,1388.9,933.3,911.4,737.9,634.3,383.0,498.1,950.7,229.5,907.1,683.5,743.1,937.0,923.4,406.0,578.5,198.6,1172.5,780.6,972.9,945.7,985.2,984.0,962.1,535.5,0.0,579.4,1017.7,587.4,536.0,732.8,437.0,1045.0,775.3,798.5,988.0,1226.7,657.0,956.1,1068.2,788.1,858.6,918.1,559.5,372.0,606.9,899.9,800.9,20.5,410.3,833.1,497.8,1057.4,448.9,353.9,1237.9,827.6,885.0,504.5,633.0,445.8,669.4,476.5,642.0,1106.9,1031.0,477.6,428.6,793.0,705.6,1045.0,402.6,766.2,766.9,919.7,963.8,423.6,653.4,541.6,20.5,632.8,229.5,823.2,497.8,454.4,861.6,616.8,558.9,735.5,229.6,419.7,1138.1,979.4,1150.8,810.8,1015.2,125.6,1151.2,482.9,642.7,798.2
28,1125.8,186.1,947.9,494.4,470.4,221.9,552.2,337.1,692.4,511.9,657.1,391.2,812.0,890.2,1230.3,407.4,833.5,220.6,521.5,1358.1,680.7,534.1,506.9,1278.5,553.0,1194.9,43.9,579.4,0.0,501.8,490.7,136.6,216.9,333.8,604.0,334.2,850.3,1281.3,785.7,376.3,1352.9,1361.5,454.4,910.5,402.2,687.9,799.6,27.6,561.4,794.3,558.9,236.5,961.5,692.1,974.3,259.2,649.4,796.9,956.0,936.9,105.1,117.1,640.1,1097.0,904.1,361.4,1023.8,1324.3,101.7,622.9,551.8,834.1,604.0,195.3,894.6,617.9,478.7,1257.1,851.1,867.8,264.1,558.9,116.8,657.1,382.2,692.1,747.7,345.6,314.9,446.9,512.1,657.2,454.3,1431.3,1376.1,709.8,1058.3,576.3,553.2,1444.5,677.1,126.7,1225.8
29,774.8,509.1,846.0,492.1,388.5,544.9,430.8,702.6,1057.4,548.3,906.1,204.2,1172.1,1250.2,1595.8,261.1,1271.9,525.5,887.0,1718.1,284.5,665.9,553.3,1644.0,738.9,1555.0,482.3,1017.7,501.8,0.0,644.7,575.0,539.9,698.4,522.0,402.7,1210.4,1646.8,683.8,530.3,1718.4,1726.9,759.3,1270.6,314.0,1048.0,1238.0,529.4,165.2,1154.3,997.3,674.9,1321.6,1057.0,1160.2,693.2,1014.9,695.0,1316.1,1236.9,543.5,440.1,1005.1,1535.4,1342.5,515.3,1209.7,1689.7,540.1,987.8,856.7,1194.1,522.0,633.7,1254.7,977.9,396.7,1622.5,1289.5,1227.8,579.3,997.3,439.9,906.1,354.7,1057.0,1113.2,156.2,619.8,600.9,872.2,1095.5,819.2,1796.8,1741.6,627.8,1418.3,671.0,969.4,1809.9,1042.1,375.1,1664.2
30,1298.7,498.0,1127.0,671.0,649.6,533.8,333.2,691.5,1046.3,688.4,428.4,564.1,1160.9,1239.1,1403.8,550.3,833.9,514.4,786.0,1707.0,479.4,710.6,683.4,1572.7,729.5,1543.8,471.2,587.4,490.7,644.7,0.0,563.9,528.8,687.3,783.1,510.8,1199.3,1575.5,964.8,157.2,1384.1,1519.6,748.2,1259.4,575.1,1036.9,800.0,518.2,598.7,1143.2,567.0,663.8,1310.5,1045.9,1150.8,682.1,941.3,976.0,1305.0,1227.6,532.4,429.0,994.0,1097.4,904.5,142.3,1200.4,1482.4,529.0,976.7,845.5,1183.0,783.1,622.6,1243.6,966.8,657.8,1400.0,851.5,1216.7,568.1,567.0,428.7,428.4,558.8,1045.9,1041.9,488.5,608.7,45.3,861.0,657.6,808.1,1589.5,1407.4,888.9,1398.2,752.9,491.8,1602.6,1031.0,363.9,1226.2
31,1199.0,259.3,1021.1,567.7,543.6,295.2,625.5,293.8,649.1,585.1,613.7,464.4,768.7,846.8,1187.0,480.7,790.2,293.9,478.2,1314.7,753.9,607.3,580.1,1235.2,626.2,1151.5,92.8,536.0,136.6,575.0,563.9,0.0,290.1,290.4,677.2,407.5,807.0,1237.9,858.9,449.5,1309.5,1318.1,521.1,867.2,475.4,644.6,756.2,164.2,634.6,750.9,515.5,193.1,918.2,648.7,1047.5,215.9,606.1,870.1,912.7,893.5,31.5,190.3,596.8,1053.6,860.7,434.6,1097.0,1280.9,58.4,579.5,526.0,790.7,677.2,152.0,851.3,574.5,551.9,1213.7,807.8,824.4,253.8,515.5,190.1,613.7,455.4,648.7,704.4,418.9,349.8,520.2,468.7,613.8,410.9,1388.0,1332.8,783.0,1014.9,649.5,509.8,1401.1,633.8,200.0,1182.4
32,1163.9,30.8,986.0,532.5,508.5,5.1,590.3,435.8,790.6,549.9,810.5,429.2,905.2,983.4,1329.0,445.5,987.0,258.7,620.2,1451.3,718.8,572.2,544.9,1377.2,591.1,1288.1,197.3,732.8,216.9,539.9,528.8,290.1,0.0,431.6,642.1,372.3,943.6,1380.0,823.8,414.4,1451.5,1460.1,492.5,1003.7,440.3,781.2,953.0,244.4,599.5,887.5,712.3,390.0,1054.8,790.2,1012.4,408.2,748.1,835.0,1049.3,1030.1,258.6,99.8,738.3,1250.5,1057.6,399.4,1061.9,1422.9,255.2,721.0,589.8,927.3,642.1,348.8,987.9,711.1,516.7,1355.7,1004.6,961.0,302.2,712.3,154.9,810.5,420.3,790.2,846.4,383.7,353.0,485.0,605.3,810.6,552.4,1530.0,1474.8,747.9,1151.5,614.4,706.6,1543.1,775.3,164.8,1379.2
33,1285.6,400.8,991.6,527.7,524.3,436.7,748.9,107.9,390.3,545.1,666.5,550.9,566.8,645.0,947.2,604.0,842.9,172.9,238.4,1112.9,877.3,567.3,540.1,995.4,578.4,949.7,289.9,437.0,333.8,698.4,687.3,290.4,431.6,0.0,647.7,388.1,605.1,998.2,829.4,572.9,1069.8,1078.3,382.5,665.3,535.3,442.7,809.0,361.3,758.0,549.1,457.5,260.7,716.4,390.0,864.1,222.0,366.3,840.6,710.9,691.7,258.9,331.8,338.0,1106.4,913.5,558.0,913.6,1041.1,255.5,320.8,387.4,588.9,647.7,349.1,649.4,414.7,532.5,974.0,860.5,622.6,155.2,457.5,276.7,666.5,436.1,390.0,464.6,542.2,211.2,643.6,329.9,666.5,152.2,1148.2,1093.0,753.5,813.1,609.6,562.6,1161.3,375.1,341.5,1061.9
34,849.8,611.3,343.9,204.7,213.5,647.1,842.1,662.1,758.0,102.5,1121.3,317.9,782.8,822.3,1211.4,530.7,1374.1,476.0,846.5,1274.1,701.0,143.8,107.5,1259.6,216.8,1111.0,584.5,1045.0,604.0,522.0,780.6,677.2,642.1,647.7,0.0,269.8,720.5,1262.4,181.7,666.2,1333.9,1342.5,343.1,741.3,266.6,622.3,1340.2,631.6,581.6,664.4,1065.5,731.9,877.6,758.3,638.1,707.5,974.4,192.9,867.9,714.9,645.7,542.3,810.3,1454.9,1444.7,651.2,687.7,1305.3,642.3,820.6,362.8,804.8,0.0,735.9,810.7,500.5,152.7,1238.1,1391.7,838.6,538.7,1065.5,524.0,1121.3,221.8,758.3,1072.6,425.7,436.4,736.8,416.0,1197.7,738.5,1412.4,1357.2,105.8,974.4,149.0,1093.8,1414.6,773.3,477.3,1326.1
35,933.2,341.5,613.6,239.8,136.2,377.4,572.4,392.3,723.6,296.1,851.6,198.5,826.3,904.5,1254.9,411.3,1104.4,215.2,576.7,1372.3,581.6,354.0,301.1,1303.1,372.9,1209.2,314.7,775.3,334.2,402.7,510.8,407.5,372.3,388.1,269.8,0.0,864.6,1305.9,451.4,396.4,1377.5,1386.0,390.5,897.4,147.2,702.2,1070.4,361.8,462.3,808.6,795.8,462.1,975.8,723.9,794.2,437.8,704.6,462.6,970.3,871.0,376.0,272.5,694.8,1367.8,1174.9,381.5,843.7,1348.8,372.6,677.5,487.8,848.4,269.8,466.2,908.9,616.7,144.4,1281.7,1122.0,882.1,269.0,795.8,254.3,851.6,48.0,723.9,802.9,306.4,263.8,467.1,507.0,928.0,508.9,1455.9,1400.7,375.5,1072.6,396.2,824.0,1469.0,731.8,207.5,1369.6
36,1228.0,912.8,649.4,826.1,934.0,948.6,1260.8,579.4,396.0,701.1,1028.0,1038.3,356.0,230.4,742.6,1116.0,1204.4,684.8,599.9,682.2,1389.3,576.6,696.1,790.8,531.7,519.0,806.4,798.5,850.3,1210.4,1199.3,807.0,943.6,605.1,720.5,864.6,0.0,793.6,811.6,1084.9,865.2,873.8,479.1,60.2,987.0,239.0,1170.4,877.9,1270.0,56.0,818.9,732.1,218.3,396.3,258.9,693.5,727.8,800.4,177.5,86.5,775.5,843.7,448.3,986.2,1200.4,1069.9,308.5,836.6,772.1,461.0,382.7,378.0,720.5,864.9,205.1,372.0,873.2,769.4,1222.0,354.6,671.7,818.9,788.6,1028.0,912.6,396.3,632.8,1054.2,600.8,1155.5,361.7,1028.0,486.5,835.8,888.5,767.2,382.4,618.9,924.0,822.7,411.3,853.4,857.4
37,2021.6,1349.2,1443.0,1353.2,1442.0,1385.0,1622.3,944.2,760.7,1243.0,1217.5,1499.3,527.0,563.2,285.5,1552.4,909.3,1126.1,789.5,738.0,1768.6,1118.5,1238.0,98.7,1073.6,656.0,1237.4,988.0,1281.3,1646.8,1575.5,1237.9,1380.0,998.2,1262.4,1305.9,793.6,0.0,1385.0,1521.3,250.2,467.2,1013.2,853.8,1453.1,640.1,779.7,1308.9,1706.4,796.0,1008.5,1096.9,822.8,761.0,1052.5,1058.3,775.2,1396.2,817.3,880.2,1206.5,1280.1,813.0,482.3,696.5,1506.3,1102.1,430.0,1203.0,825.7,924.5,549.0,1262.4,1229.7,761.3,872.4,1402.4,258.7,749.5,473.5,1102.8,1008.5,1225.0,1217.5,1353.8,761.0,647.3,1490.6,1042.1,1546.9,903.5,943.4,906.5,537.1,222.6,1309.1,630.9,1160.8,1113.6,550.2,775.9,1289.8,353.5
38,668.1,793.0,162.2,386.4,395.2,828.8,891.7,843.8,880.6,284.2,1303.0,499.6,905.4,945.0,1334.0,712.4,1555.8,657.7,1028.2,1396.8,745.4,266.5,289.2,1382.2,339.5,1233.6,766.2,1226.7,785.7,683.8,962.2,858.9,823.8,829.4,181.7,451.4,811.6,1385.0,0.0,847.9,1456.6,1465.1,465.7,814.8,448.3,744.9,1521.8,813.2,626.1,787.1,1247.2,913.6,1000.2,881.0,711.5,889.2,1156.1,11.2,990.5,788.3,827.4,724.0,932.9,1577.5,1626.4,832.9,761.1,1427.9,824.0,943.2,485.4,927.4,181.7,917.6,933.3,623.1,334.4,1360.8,1573.4,961.2,720.4,1247.2,705.7,1303.0,403.5,881.0,1224.2,607.4,618.1,918.5,538.6,1379.4,861.1,1535.0,1479.8,75.9,1097.0,271.6,1275.5,1537.3,895.9,658.9,1448.7
39,1158.6,383.6,1012.6,556.6,535.2,419.4,176.0,577.1,931.9,574.0,498.0,449.7,1046.6,1124.7,1470.3,435.9,903.5,400.0,761.5,1592.6,322.2,596.2,569.0,1518.5,615.1,1429.4,356.8,657.0,376.3,530.3,157.2,449.5,414.4,572.9,668.8,396.4,1084.9,1521.3,850.4,0.0,1453.7,1589.1,633.8,1145.0,460.7,922.5,869.5,403.8,441.5,1028.8,636.5,549.4,1196.1,931.5,1036.4,567.7,889.4,861.6,1190.6,1113.2,418.0,314.6,879.6,1166.9,974.0,14.9,1086.0,1551.9,414.6,862.3,731.1,1068.6,668.8,508.2,1129.2,852.4,543.4,1469.5,921.1,1102.3,453.8,636.5,314.4,498.0,444.4,931.5,987.7,374.1,494.3,113.5,746.6,727.1,693.7,1659.0,1476.9,774.5,1292.8,638.5,561.3,1672.1,916.6,249.5,1295.7
40,2093.2,1420.8,1514.6,1424.8,1513.6,1456.6,1431.0,1015.8,832.3,1314.6,1026.2,1570.9,598.6,634.8,182.2,1624.0,713.8,1197.7,861.0,647.0,1577.3,1190.1,1309.6,247.4,1145.2,718.8,1309.0,956.1,1352.9,1718.4,1384.1,1309.5,1451.5,1069.8,1333.9,1377.5,865.2,250.2,1456.6,1453.7,0.0,376.2,1084.7,925.4,1524.7,711.7,584.2,1380.4,1696.6,867.6,935.7,1168.5,894.4,832.6,1124.1,1129.9,846.8,1467.8,888.9,951.7,1278.1,1351.7,884.5,286.7,501.0,1438.7,1173.7,339.0,1274.6,897.2,996.1,620.6,1333.9,1206.9,832.9,944.0,1473.9,155.5,553.9,545.1,1174.4,935.7,1296.6,1026.2,1425.4,832.6,718.9,1562.2,1113.7,1355.6,975.0,747.9,978.1,446.1,77.9,1380.7,702.5,1232.4,922.3,459.2,847.5,1361.4,158.0
41,2101.8,1429.3,1523.2,1433.3,1522.2,1465.2,1566.5,1024.3,840.8,1323.1,1161.7,1579.5,607.1,643.4,194.0,1632.6,849.3,1206.3,869.6,270.8,1712.7,1198.7,1318.1,464.4,1153.8,538.6,1317.6,1068.2,1361.5,1726.9,1519.6,1318.1,1460.1,1078.3,1342.5,1386.0,873.8,467.2,1465.1,1589.1,376.2,0.0,1093.3,933.9,1533.3,720.2,719.6,1389.0,1786.5,876.2,1071.1,1177.1,741.0,841.1,1132.7,1138.5,855.4,1476.3,771.5,960.3,1286.6,1360.3,893.1,422.2,636.4,1574.2,1182.2,37.2,1283.2,905.8,1004.6,629.2,1342.5,1309.9,764.9,952.6,1482.5,220.7,689.4,553.6,1183.0,1071.1,1305.2,1161.7,1434.0,841.1,727.5,1570.8,1122.2,1491.1,983.6,883.4,986.7,69.9,399.5,1389.2,585.3,1240.9,1057.7,83.0,856.1,1370.0,293.4
42,1133.9,461.7,621.1,347.9,457.8,497.5,809.7,405.6,507.5,323.7,1005.0,562.2,533.6,573.1,962.2,664.9,1181.4,263.5,589.6,1024.9,938.2,199.3,318.7,1010.4,201.8,861.8,434.9,788.1,454.4,759.3,748.2,521.1,492.5,382.5,343.1,390.5,479.1,1013.2,465.7,633.8,1084.7,1093.3,0.0,539.3,510.9,373.1,1147.5,481.9,818.9,423.0,808.6,517.0,628.4,507.8,623.1,484.6,717.5,476.9,622.9,565.6,489.6,392.7,559.8,1205.7,1252.0,618.8,672.6,1056.1,486.2,570.1,97.4,555.6,343.1,579.8,561.5,234.1,397.1,988.9,1199.0,589.4,336.2,808.6,337.5,1005.0,438.4,507.8,815.7,603.1,223.5,704.4,124.4,1005.1,487.9,1163.2,1108.0,389.8,725.2,241.5,901.1,1165.4,522.7,402.3,1076.9
43,1231.1,973.0,652.5,847.9,954.9,1008.8,1321.0,639.5,456.2,722.0,1088.1,1059.2,416.1,290.6,802.8,1176.2,1264.6,745.0,660.1,742.3,1449.5,597.5,717.0,851.0,524.5,579.2,866.6,858.6,910.5,1270.6,1259.4,867.2,1003.7,665.3,741.3,897.4,60.2,853.8,814.8,1145.0,925.4,933.9,539.3,0.0,1007.9,299.2,1230.6,938.1,1330.2,116.2,879.1,792.3,278.5,456.5,262.0,753.7,788.0,803.5,237.7,89.6,835.7,903.9,508.5,1046.3,1260.6,1130.1,311.6,896.8,832.2,521.2,442.9,438.2,741.3,925.1,265.3,432.2,894.1,829.6,1282.2,414.8,731.9,879.1,848.8,1088.1,945.3,456.5,693.0,1114.4,661.0,1215.7,421.9,1088.2,546.7,896.0,948.6,788.1,442.6,639.8,984.2,882.9,471.5,913.6,917.6
44,844.5,409.5,610.5,236.7,133.0,445.3,636.7,539.5,870.8,292.9,915.9,109.9,973.5,1051.7,1402.1,322.7,1172.3,362.5,723.9,1519.6,492.9,410.4,297.9,1450.3,483.4,1356.4,382.7,918.1,402.2,314.0,575.1,475.4,440.3,535.3,266.6,147.2,987.0,1453.1,448.3,460.7,1524.7,1533.3,510.9,1007.9,0.0,849.4,1138.4,429.8,373.6,931.0,897.7,575.3,1123.0,871.1,904.7,585.0,851.8,459.5,1117.6,981.5,443.9,340.5,842.0,1435.8,1242.9,445.8,954.2,1496.1,440.5,824.8,608.3,995.6,266.6,534.1,1056.1,737.1,141.2,1428.9,1189.9,1029.3,416.2,897.7,340.3,915.9,99.3,871.1,950.1,217.7,411.0,531.4,627.4,995.9,656.2,1603.1,1548.0,372.4,1219.8,415.5,892.0,1616.3,879.0,275.5,1516.9
45,1413.0,750.4,852.9,713.1,823.1,786.2,1098.4,416.6,157.0,602.9,789.0,900.7,160.5,218.3,589.1,953.6,965.4,522.4,360.9,670.1,1226.9,478.4,597.9,637.3,433.5,507.0,644.1,559.5,687.9,1048.0,1036.9,644.6,781.2,442.7,622.3,702.2,239.0,640.1,744.9,922.5,711.7,720.2,373.1,299.2,849.4,0.0,931.4,715.5,1107.6,241.4,579.9,569.4,273.6,157.3,497.9,530.8,488.8,756.1,268.1,325.5,613.1,681.4,209.3,832.6,1036.0,907.5,547.5,683.0,609.7,222.0,284.4,182.6,622.3,702.2,206.7,232.4,762.3,615.9,983.0,216.3,509.3,579.9,626.2,789.0,750.2,157.3,479.3,891.8,438.4,993.1,263.4,789.0,302.8,790.1,734.9,669.0,370.4,520.7,685.1,803.2,172.3,691.0,703.8
46,1829.5,922.2,1684.1,1230.6,1206.6,958.1,846.9,754.9,870.1,1248.0,442.0,1127.3,1017.0,1053.2,603.8,1143.6,395.9,937.8,570.5,990.4,993.1,1270.2,1243.0,776.9,1289.1,1137.2,755.7,372.0,799.6,1238.0,800.0,756.2,953.0,809.0,1340.2,1070.4,1170.4,779.7,1521.8,869.5,584.2,719.6,1147.5,1230.6,1138.4,931.4,0.0,827.1,1112.4,1172.9,351.5,630.5,1205.0,869.8,1429.4,669.1,725.8,1533.1,1199.6,1257.0,724.7,853.2,817.8,297.4,466.5,854.6,1478.9,682.4,697.8,800.6,1152.4,1039.0,1340.2,622.8,1138.1,1138.9,1214.8,600.0,413.5,963.5,881.7,351.5,853.0,442.0,1118.4,869.8,826.4,1081.8,976.2,771.5,1095.1,219.5,791.7,789.5,607.4,1446.0,1120.9,1312.5,338.1,802.6,854.8,862.9,426.2
47,1153.4,213.6,975.4,522.0,498.0,249.5,579.8,364.7,720.0,539.4,684.6,418.7,839.6,917.8,1257.9,435.0,861.1,248.2,549.1,1385.6,708.3,561.6,534.4,1306.1,580.5,1222.5,71.4,606.9,27.6,529.4,518.2,164.2,244.4,361.3,631.6,361.8,877.9,1308.9,813.2,403.8,1380.4,1389.0,481.9,938.1,429.8,715.5,827.1,0.0,589.0,821.8,586.4,264.1,989.1,719.6,1001.8,286.8,677.0,824.4,983.6,964.4,132.7,144.6,667.7,1124.6,931.7,388.9,1051.4,1351.8,129.3,650.4,579.3,861.6,631.6,222.9,922.2,645.4,506.2,1284.6,878.7,895.4,291.7,586.4,144.4,684.6,409.8,719.6,775.3,373.2,342.5,474.5,539.7,684.7,481.8,1458.9,1403.7,737.3,1085.8,603.9,580.7,1472.0,704.7,154.3,1253.3
48,717.1,568.7,788.3,551.7,448.1,604.5,265.5,762.2,1117.0,607.9,740.9,263.8,1231.7,1309.8,1655.4,320.7,1146.4,585.1,946.6,1777.7,119.3,725.5,612.9,1703.6,798.5,1614.6,541.9,899.9,561.4,165.2,598.7,634.6,599.5,758.0,581.6,462.3,1270.0,1706.4,626.1,441.5,1696.6,1786.5,818.9,1330.2,373.6,1107.6,1112.4,589.0,0.0,1213.9,879.4,734.5,1381.2,1116.6,1219.8,752.8,1074.5,637.3,1375.7,1296.5,603.1,499.7,1064.7,1409.8,1216.9,456.4,1269.3,1749.3,599.7,1047.4,916.3,1253.7,581.6,693.3,1314.3,1037.5,456.3,1682.1,1164.0,1287.4,638.9,879.4,499.5,740.9,414.3,1116.6,1172.8,215.8,679.4,555.0,931.8,970.0,878.8,1856.4,1719.8,687.3,1477.9,730.6,804.2,1869.5,1101.7,434.7,1538.6
49,1284.0,856.7,705.5,770.1,877.9,892.6,1204.8,523.3,398.4,645.1,1030.4,982.3,358.4,232.8,745.1,1060.0,1206.8,628.8,602.3,684.6,1333.2,520.6,640.1,793.3,475.7,521.4,750.4,800.9,794.3,1154.3,1143.2,750.9,887.5,549.1,664.4,808.6,56.0,796.0,787.1,1028.8,867.6,876.2,423.0,116.2,931.0,241.4,1172.9,821.8,1213.9,0.0,821.4,676.1,244.3,398.8,315.0,637.5,730.2,798.3,203.5,142.6,719.5,787.7,450.7,988.6,1202.8,1013.9,364.5,839.0,716.0,463.4,326.7,380.4,664.4,808.9,207.5,316.0,817.2,771.8,1224.4,357.0,615.7,821.4,732.6,1030.4,856.5,398.8,635.3,998.2,544.8,1099.5,305.7,1030.4,430.5,838.2,890.9,711.2,384.8,562.8,926.5,825.1,413.7,797.4,859.8
50,1596.5,681.5,1409.4,953.8,931.9,717.4,613.8,403.4,518.6,971.2,209.0,886.6,704.0,763.6,955.3,902.9,385.5,598.9,219.0,1193.0,760.1,993.4,966.2,1005.7,1004.4,982.6,515.0,20.5,558.9,997.3,567.0,515.5,712.3,457.5,1065.5,795.8,818.9,1008.5,1247.2,636.5,935.7,1071.1,808.6,879.1,897.7,579.9,351.5,586.4,879.4,821.4,0.0,389.8,853.5,518.3,1077.9,428.4,374.4,1258.4,848.1,905.5,484.0,612.5,466.3,648.9,456.0,621.6,1127.4,1033.9,457.1,449.1,813.5,726.1,1065.5,382.1,786.6,787.4,940.2,951.5,403.1,673.9,562.1,0.0,612.3,209.0,843.7,518.3,474.9,841.1,637.3,538.4,756.0,209.1,440.2,1141.0,958.9,1171.3,831.3,1035.7,105.1,1154.1,503.3,622.2,777.7
51,1298.9,359.2,1075.8,621.8,598.3,395.0,725.3,152.8,508.1,639.2,488.0,564.3,693.5,771.7,1046.0,580.5,664.4,307.3,337.2,1239.5,853.8,661.4,634.2,1094.2,676.4,1071.0,192.6,410.3,236.5,674.9,663.8,193.1,390.0,260.7,731.9,462.1,732.1,1096.9,913.6,549.4,1168.5,1177.1,517.0,792.3,575.3,569.4,630.5,264.1,734.5,676.1,389.8,0.0,843.0,507.7,991.1,38.6,465.1,924.8,837.5,818.7,161.7,290.2,455.8,927.9,735.0,534.5,1040.6,1139.9,134.8,438.5,521.9,715.5,731.9,132.8,776.1,570.4,606.5,1072.7,682.0,749.3,251.2,389.8,277.6,488.0,510.1,507.7,563.4,518.7,345.7,620.1,464.6,488.1,269.9,1247.0,1191.8,837.7,919.7,703.7,384.1,1260.1,492.8,299.8,1056.7
52,1446.3,1024.0,867.8,968.4,1078.4,1059.8,1372.0,690.2,430.6,858.2,1062.6,1174.3,390.6,265.0,771.8,1227.2,1239.0,796.0,634.5,517.5,1500.5,733.8,853.2,820.0,688.9,354.3,917.7,833.1,961.5,1321.6,1310.5,918.2,1054.8,716.4,877.6,975.8,218.3,822.8,1000.2,1196.1,894.4,741.0,628.4,278.5,1123.0,273.6,1205.0,989.1,1381.2,244.3,853.5,843.0,0.0,430.9,477.3,804.4,762.4,1011.4,43.0,304.9,886.7,955.0,482.9,1015.3,1229.5,1181.1,526.8,778.2,883.3,495.6,539.7,412.6,877.6,975.8,95.0,487.7,1017.6,798.5,1256.6,389.2,782.9,853.5,899.8,1062.6,1023.8,430.9,662.0,1165.4,712.0,1266.7,518.7,1062.6,576.5,671.1,917.6,924.3,229.1,776.0,958.7,658.0,445.9,964.6,886.5
53,1549.1,759.4,1005.8,776.6,860.1,795.3,1107.5,354.9,0.3,739.0,727.3,909.6,281.4,359.6,710.0,962.7,903.7,531.5,299.2,827.5,1235.9,614.5,734.0,758.2,586.5,664.3,648.2,497.8,692.1,1057.0,1045.9,648.7,790.2,390.0,758.3,723.9,396.3,761.0,881.0,931.5,832.6,841.1,507.8,456.5,871.1,157.3,869.8,719.6,1116.6,398.8,518.3,507.7,430.9,0.0,655.3,469.1,427.1,892.2,425.4,482.9,617.2,690.4,52.0,953.5,974.3,916.6,704.8,804.0,613.8,69.2,419.1,303.5,758.3,640.5,364.0,367.1,825.8,736.8,921.3,337.2,513.6,518.3,635.3,727.3,771.9,0.0,525.4,900.9,460.1,1002.2,398.1,727.4,241.2,911.0,855.8,805.1,527.7,656.7,623.4,924.2,14.9,700.1,824.8
54,1127.9,981.6,549.3,744.7,851.7,1017.4,1212.4,838.3,654.9,618.8,1286.9,956.0,614.9,489.3,1001.6,1067.6,1463.3,832.0,858.8,941.1,1339.1,494.3,613.8,1049.8,421.3,777.9,954.7,1057.4,974.3,1160.2,1150.8,1047.5,1012.4,864.1,638.1,794.2,258.9,1052.5,711.5,1036.4,1124.1,1132.7,623.1,262.0,904.7,497.9,1429.4,1001.8,1219.8,315.0,1077.9,991.1,477.3,655.3,0.0,952.4,986.7,700.3,436.4,235.6,1016.0,912.6,707.2,1245.1,1459.3,1021.5,96.4,1095.5,1012.6,719.9,612.2,636.9,638.1,1106.2,464.0,630.9,790.9,1028.3,1480.9,613.5,904.7,1077.9,889.9,1286.9,842.1,655.3,891.8,1005.8,792.2,1107.1,620.6,1287.0,745.4,1094.7,1147.4,684.9,641.3,536.5,1183.0,1081.6,670.2,847.5,1116.3
55,1317.2,377.5,1051.4,597.5,574.0,413.3,743.6,114.1,469.4,614.9,526.6,582.5,654.8,733.0,1007.3,598.8,703.1,275.0,298.5,1200.9,872.1,637.1,609.9,1055.5,652.1,1032.4,215.4,448.9,259.2,693.2,682.1,215.9,408.2,222.0,707.5,437.8,693.5,1058.3,889.2,567.7,1129.9,1138.5,484.6,753.7,585.0,530.8,669.1,286.8,752.8,637.5,428.4,38.6,804.4,469.1,952.4,0.0,426.5,900.4,798.9,780.0,184.4,308.4,417.1,966.5,773.6,552.7,1002.0,1101.3,173.4,399.9,489.5,676.9,707.5,171.4,737.5,538.0,582.2,1034.1,720.7,710.6,226.8,428.4,253.3,526.6,485.7,469.1,524.7,537.0,313.3,638.3,432.2,526.7,231.3,1208.4,1153.2,813.3,881.1,679.3,422.7,1221.5,454.2,318.1,1095.3
56,1602.1,717.3,1318.3,862.6,840.8,753.2,988.2,312.3,427.5,880.1,583.4,867.4,494.1,530.3,724.2,920.5,759.8,507.8,157.6,959.7,1134.4,902.3,875.1,772.4,913.3,749.3,605.6,353.9,649.4,1014.9,941.3,606.1,748.1,366.3,974.4,704.6,727.8,775.2,1156.1,889.4,846.8,855.4,717.5,788.0,851.8,488.8,725.8,677.0,1074.5,730.2,374.4,465.1,762.4,427.1,986.7,426.5,0.0,1167.3,756.9,814.3,574.6,648.3,375.2,967.8,830.4,874.5,1036.3,818.2,571.2,357.9,722.4,516.1,974.4,597.9,695.5,696.2,849.0,751.0,777.4,440.6,471.0,374.4,593.2,583.4,752.6,427.1,241.6,858.7,546.2,912.8,664.9,583.4,349.0,925.3,870.1,1080.2,598.0,944.5,479.5,938.4,412.2,658.0,839.0
57,656.9,804.2,151.0,397.6,406.4,840.0,902.9,855.0,891.8,295.4,1314.2,510.8,916.6,956.2,1345.2,723.6,1567.0,668.9,1039.4,1408.0,756.6,277.7,300.4,1393.4,350.7,1244.8,777.4,1237.9,796.9,695.0,973.4,870.1,835.0,840.6,192.9,462.6,800.4,1396.2,11.2,859.1,1467.8,1476.3,476.9,803.5,459.5,756.1,1533.1,824.4,637.3,798.3,1258.4,924.8,1011.4,892.2,700.3,900.4,1167.3,0.0,977.9,777.1,838.6,735.2,944.1,1588.7,1637.6,844.1,749.9,1439.1,835.2,954.4,496.7,938.7,192.9,928.8,944.5,634.3,345.6,1372.0,1584.6,972.4,731.6,1258.4,716.9,1314.2,414.7,892.2,1235.4,618.6,629.3,929.7,549.8,1390.6,872.3,1546.2,1491.0,87.1,1108.2,282.8,1286.7,1548.5,907.1,670.1,1459.9
58,1405.5,1018.5,826.9,962.9,1072.9,1054.3,1366.5,684.7,425.1,848.5,1057.1,1168.9,385.1,259.5,766.3,1221.7,1233.5,790.6,629.0,548.0,1495.0,724.1,843.5,814.5,679.1,384.8,912.2,827.6,956.0,1316.1,1305.0,912.7,1049.3,710.9,867.9,970.3,177.5,817.3,990.5,1190.6,888.9,771.5,622.9,237.7,1117.6,268.1,1199.6,983.6,1375.7,203.5,848.1,837.5,43.0,425.4,436.4,798.9,756.9,977.9,0.0,264.0,881.2,949.5,477.4,1009.8,1224.1,1175.6,486.0,808.7,877.8,490.1,530.2,407.1,867.9,970.3,89.5,482.2,1012.1,793.1,1251.1,383.7,777.4,848.1,894.4,1057.1,1018.3,425.4,656.5,1159.9,706.5,1261.2,509.1,1057.1,571.0,701.6,912.1,914.6,248.2,766.3,953.2,688.5,440.4,959.2,881.0
59,1204.7,999.3,626.1,821.5,928.4,1035.2,1289.2,665.9,482.5,695.5,1114.5,1032.8,442.5,316.9,829.2,1144.4,1290.9,771.4,686.4,768.7,1415.9,571.1,690.5,877.4,498.1,605.5,893.0,885.0,936.9,1236.9,1227.6,893.5,1030.1,691.7,714.9,871.0,86.5,880.2,788.3,1113.2,951.7,960.3,565.6,89.6,981.5,325.5,1257.0,964.4,1296.5,142.6,905.5,818.7,304.9,482.9,235.6,780.0,814.3,777.1,264.0,0.0,862.0,930.3,534.8,1072.7,1286.9,1098.3,285.1,923.1,858.6,547.5,469.3,464.5,714.9,951.5,291.6,458.5,867.6,855.9,1308.5,441.1,758.3,905.5,875.2,1114.5,918.9,482.9,719.4,1082.5,687.4,1183.9,448.2,1114.6,573.0,922.3,975.0,761.6,468.9,613.3,1010.6,909.2,497.8,924.3,943.9
60,1167.5,227.8,989.6,536.2,512.2,263.7,594.0,262.3,617.6,553.6,582.2,432.9,737.2,815.4,1155.5,449.2,758.7,262.4,446.7,1283.2,722.5,575.8,548.6,1203.7,594.7,1120.1,61.3,504.5,105.1,543.5,532.4,31.5,258.6,258.9,645.7,376.0,775.5,1206.5,827.4,418.0,1278.1,1286.6,489.6,835.7,443.9,613.1,724.7,132.7,603.1,719.5,484.0,161.7,886.7,617.2,1016.0,184.4,574.6,838.6,881.2,862.0,0.0,158.8,565.3,1022.2,829.3,403.1,1065.5,1249.4,26.9,548.0,494.5,759.2,645.7,120.5,819.8,543.0,520.4,1182.2,776.3,793.0,222.3,484.0,158.6,582.2,423.9,617.2,672.9,387.4,318.4,488.7,437.3,582.3,379.4,1356.5,1301.3,751.5,983.4,618.1,478.3,1369.6,602.3,168.5,1150.9
