,0,1,2,3,4,5,6,7,8,9,10,11,12,13,14,15,16,17,18,19,20,21,22,23,24,25,26,27,28,29,30,31,32,33,34,35,36,37,38,39,40,41,42,43,44,45,46,47,48,49,50,51,52,53,54,55,56,57,58,59,60,61,62,63,64,65,66,67,68,69,70,71,72,73,74,75,76,77,78,79,80,81,82,83,84,85,86,87,88,89,90,91,92,93,94,95,96,97,98,99,100,101,102
0,0.0,827.2981371977829,549.6796023393863,648.1221194967432,581.7169854712918,829.4778323333586,873.543884725026,1063.1898664355267,1223.9075216717672,690.2832370289914,1244.7171246969117,652.5733111815334,1291.3868487577388,1258.2411301724876,1573.581101845203,754.5537241273493,1346.0589158697994,874.3720851631225,1172.0981762770896,1575.5853807090537,737.3153899102759,752.5469519638792,695.2934496309337,1375.591478707552,767.8688883521802,1452.2233754139788,924.0862814562744,1232.663930798897,926.4528229073596,544.6582016455214,960.4576528173892,954.2203931500198,829.1052408238992,1046.4537318254747,617.2790260266244,690.8219070181451,1126.6077758390804,1351.4119356612712,478.3740351262168,858.246895806184,1557.2023058421014,1567.368116466189,884.1295818725132,1091.4006305389437,657.3775555560563,1199.7392040486438,1559.3051854422613,930.115304444954,619.5006970470436,1121.9413867891783,1275.6277403317094,1050.989747876441,1321.8027876021786,1228.2655808037618,1032.0708700848525,1071.1243403309852,1322.1713173620085,479.4251545558338,1292.5121874252472,1078.8728573407502,979.6223982147704,865.0426750093645,1217.92195954234,1682.3533857230318,1502.56339953122,850.2061292048338,1081.5175853228295,1562.8999795695877,980.0773119208764,1241.187406140554,932.9559164425968,1289.1576353989317,617.2790260266244,1012.2365324481326,1248.1571431309317,1007.111146210493,605.8390955028219,1549.4013725336736,1453.6748748710588,1356.6321344649834,938.5647599777342,1275.6277403317094,841.6701657689064,1244.7171246969117,646.808015188436,1228.2655808037618,1339.8826449241294,652.2236219424517,896.4697528834328,947.780762534778,967.190493769284,1408.6793050341523,1093.8156848946794,1568.137357932878,1528.5602440066384,562.0264320657528,1419.1488505017287,717.1873764020663,1273.5423466871453,1562.0724221849332,1256.4023494362432,822.8731071824103,1667.6765190679764
1,827.2981371977829,0.0,543.292877663515,261.6057371550566,284.85314894049134,35.92880681190201,249.26340717457347,296.17234817581857,543.0612275382975,351.269196217339,425.1737869684035,176.76029477960176,638.6437526719344,655.5636460870252,788.9225082366243,147.22638282038758,535.73470863372,174.34047193029525,380.2222710651727,926.494518389967,250.5318787604972,392.0203058287607,351.0628453251306,573.1181894767672,460.4388682346636,853.2859226770627,109.63523799468295,405.3814929252417,121.68905952307092,325.7431456108539,217.9346625717045,127.02486614432324,30.8501384329426,313.36007148925995,400.4804050608109,202.86401379829115,683.4013212749061,554.8210954672343,488.7630030886195,162.21731092167084,749.588590372446,832.1568771609607,369.4402133189822,675.8618852872828,193.9596676890417,594.6000342310485,732.4651788472441,141.00234786379133,304.18238751595595,661.1671010504862,448.3307681418818,233.5052736798017,824.7977339210371,556.4324771251947,653.7430600221747,266.3034223724969,537.8982590668317,498.3355247702684,814.2010951682887,683.8861827782272,154.05879491695117,44.62253891763711,519.3205126800568,863.9916133078001,684.0715631439173,147.86970315266262,664.7556452021615,815.9291450466741,155.49100375234738,527.7956788631029,444.45234435971975,623.5072891446417,400.4804050608109,185.0329534837402,745.9949514233197,427.7395823716735,290.01727974554774,759.635146256147,630.4250483260948,706.9509769606477,187.06183991311417,448.3307681418818,81.54260838537263,425.1737869684035,226.09408273141656,556.4324771251947,581.9546721094478,187.9510637083547,229.26707789675436,189.5687906586753,438.4171969058893,581.5021238786318,371.3017642701509,856.9242803442324,721.5564513984749,431.3176189203569,836.8835829675355,391.75207347108494,452.0826076214794,856.0431827219013,570.4191273695523,61.3973708370433,862.3660221835838
2,549.6796023393863,543.292877663515,0.0,281.8264624660492,280.94359778667683,521.5018883394605,737.1348982589531,644.8490346893229,728.0075798025803,220.12152592437,940.8908006424474,447.1537945825439,777.9491079426556,731.3212924107984,1116.1692010845788,579.8191060319225,936.2004925275083,476.9751859166957,757.3506922761629,1046.7796618967773,642.7083112670315,245.1782948461057,223.39251097089945,951.6473889345344,233.06009473211105,915.3070878018804,588.4507081451734,887.8753300186023,579.1629710253663,500.01635571919854,754.3987822395537,647.4077626259891,524.5117105550064,607.7687416143415,147.40477266016086,340.4979990629625,578.8269278446538,922.0794204313114,107.16865284367184,670.5210470690456,1128.5276448880034,1073.8717774163604,385.8978059452058,542.6130777669662,360.4030217384281,677.9680027003099,1185.4766192082814,567.1602816676842,573.3676428206144,575.9347077276014,928.6441765019324,690.4743305275778,774.1036106740735,727.9487579048514,482.67463979158265,687.8848590832855,882.2565868254065,97.83257636867636,743.9877343452267,529.4319929210862,652.269145076189,557.1387765305258,731.1300351224344,1268.1292323809312,1097.7053021114891,656.2022961861264,533.0105741925672,1076.668714113176,649.2777156473342,759.4815722603357,411.8028739650844,780.7708602869687,147.40477266016086,696.7773248539858,702.5605272543685,501.9646718550115,259.0940762733627,1098.51737385542,1065.5996983446485,837.7023632008613,544.1518664515386,928.6441765019324,502.63164112530137,940.8908006424474,322.01052386822164,727.9487579048514,876.1764245703026,477.6292557848046,468.5343769653572,728.467564561999,452.09136441589686,1047.9785035296636,638.6321834007783,1062.2993359789746,1100.5697670732443,113.3614514183914,880.0346416110935,214.62107317956463,962.5484174372384,1054.149280759668,759.5292596593547,499.8662529868175,1230.0072953360354
3,648.1221194967432,261.6057371550566,281.8264624660492,0.0,73.8478163868918,241.4155803998372,466.8118545903589,419.0913399373435,584.0124815003238,121.32935179448587,669.8376613261008,192.7889384367356,661.0482070581314,643.7843994265902,926.186266469856,312.4575555617748,709.0847144856283,231.22147628546784,530.9051114793381,954.1349383699112,393.358578010985,192.24185270700127,124.11056126270176,734.1229795765631,254.6578941935281,847.0705340972587,317.09135738928364,627.9954612289753,311.39601562224505,313.22647020854845,473.4571283438928,370.7529189475347,244.0752981866948,398.6634831515489,142.72606979724316,59.61641870850716,580.2740085029028,708.1683340545629,233.8733774226357,393.77118473911867,915.833073322457,922.3202396144752,268.4087086470087,558.1041000581018,87.98282706452055,581.342909491765,941.9915486996994,305.3507998189895,359.03976568028264,565.2263426211557,670.3453427443527,431.9881907437826,759.4905117355419,590.5931509537141,515.7216731435927,440.40195892799375,676.2694461468276,242.33819743045663,738.5856372635409,556.9834977631186,380.691679032875,278.0874762628493,574.3840677446383,1046.946586043622,869.3958056064687,379.0610319526413,546.4912809594563,916.1982121856578,378.6068415984731,595.7992411994347,338.3636707006998,655.0115909061209,142.72606979724316,423.3796285774063,678.821474058075,383.5667823453252,42.365980543733095,902.806218610195,827.6427726590096,729.369500821271,298.8348367577227,670.3453427443527,228.57670767820431,669.8376613261008,48.33025601479409,590.5931509537141,691.7617920124292,229.1009349946249,248.39782721007688,447.05983457033307,358.82627714438246,797.0213041399842,445.7997531448133,927.840498730212,887.1882930989167,169.76812711981677,819.9807613243865,172.2751424809478,693.6099125798955,922.934657593558,616.2747404262205,221.5780043884648,1024.4376677088665
4,581.7169854712918,284.85314894049134,280.94359778667683,73.8478163868918,0.0,272.9713786275375,456.4974661181981,481.6624201409652,656.6082754899409,177.92843519871494,706.5810691863944,166.32048667032868,734.5825442701985,717.6016786531584,991.9864753109206,299.12391742279425,767.7400861002052,292.7552576996341,591.5755467811149,1027.8796503952992,364.5901798493744,253.60993076297052,181.88140201708788,795.2286809600209,309.7449852266832,920.804837268276,359.46143987658286,673.595235076349,357.26306845348887,254.02457484718883,482.3333223402775,405.1217192508973,274.42523005776025,465.4440118589221,167.1418969670974,109.27313807261986,649.0823927274652,770.3590287071717,207.40824064933048,392.9297000239074,977.0419483389802,993.107471046425,341.5130882511796,625.2769289082681,90.90869247666076,655.1841839523019,993.3996747316036,355.8278219198032,310.9522823121954,634.9658932858808,716.468695580178,481.2520650230902,830.7682541167457,663.527445670104,580.2868780398669,495.0689396545689,740.4764992393499,217.74053863629365,809.105704220579,622.8222479158543,421.0966902491092,310.783007235219,646.1347975219312,1105.3680258112086,926.592107235839,379.06732303122254,613.7284166116069,986.1099734700836,419.9632021547216,666.8127355689696,409.986879904573,728.2638841734605,167.1418969670974,460.9057534860953,750.3297769324085,457.3943080692107,41.48151363527733,967.684414399703,881.8522529903635,803.0128403418825,357.9258859551433,716.468695580178,271.53820345480483,706.5810691863944,66.47648314235967,663.527445670104,759.6651995554448,198.0114180541524,316.506104240568,458.4613747125966,431.8693543058041,845.9953279999364,514.6504777464772,999.9687042060136,948.376582513978,169.58273897796968,893.527003469871,227.86982371883985,732.06292652864,995.2811098028308,688.7787335873895,258.3854909294439,1086.8046520474704
5,829.4778323333586,35.92880681190201,521.5018883394605,241.4155803998372,272.9713786275375,0.0,285.09396111486154,271.82834932141526,513.3071933149087,323.29538877926296,433.6100034882092,186.364718709428,608.0454976056126,622.7482972497785,772.3540461355916,178.73669741011335,524.069787926392,138.8176602944736,362.33316715179234,897.512079392586,282.9714757796836,360.3793560236871,322.7549924157992,559.3421847197156,428.4314099905703,821.530052354563,95.59046556315316,405.18564073110167,102.34014771732764,342.9318094725207,248.49164912197207,132.15101990559663,5.078769790248562,284.6049913841738,376.7266745027996,181.8409645141604,647.5533640871446,539.5010300295783,472.6252841540461,197.87629923095275,737.843051220531,809.2395184193525,333.72330364656693,639.9336806863396,182.83442365459555,561.4097171602567,730.1992516234595,116.46843880333228,328.81575281102266,625.3809630721053,448.2664005589572,223.1105529086913,789.9899678566688,526.2184572660251,617.9425040564533,250.61811487527356,519.8803955772904,481.7838666721568,779.0457099599495,647.9728566195004,150.98872975869585,37.811863675937865,490.6225637827665,855.9946116359031,675.86722452563,183.63377188512945,628.8268412465737,794.2045478174291,150.93672808748414,500.4542856214219,408.5821116283932,593.5407751853672,376.7266745027996,188.359201887242,710.9807997681422,392.3759538210905,273.2697496299004,743.8807480639022,624.6541853455702,676.7114383369865,156.68711832126775,448.2664005589572,45.87195130041333,433.6100034882092,210.5692494175905,526.2184572660251,560.0805520754102,203.64093805779632,193.7407468144473,219.39726081005392,402.5231326635006,580.2533870681692,342.60098486298034,831.8894949609097,709.5626168978532,410.8213809511606,804.4062097550444,361.8488522078403,459.2108774449589,830.5706241732532,541.3121741446969,26.40148403639265,850.3022001970584
6,873.543884725026,249.26340717457347,737.1348982589531,466.8118545903589,456.4974661181981,285.09396111486154,0.0,496.1803093908308,756.1053175012273,577.3072898530198,430.45979454829046,291.62238675663326,854.3297004137124,883.5650502883326,919.2800582201194,157.3738109820133,651.0255061240256,421.27329008490335,542.9795256514437,1128.6394153068484,136.53395525748786,629.6038934828854,578.261603132202,697.7280330796087,698.4097183212441,1073.1055651159177,315.19869519531807,469.6158450739833,334.92739987935806,330.499733183937,123.148623205313,270.1885986607831,280.02554812728005,530.2090523803971,608.7695307083478,417.4534700367391,930.7610579815596,689.4514156283867,658.9072065952042,87.7812608699168,852.1060200295408,999.4007805554804,618.6602768521936,924.4714247331168,380.391746782014,825.3774186086283,775.7170990441259,361.8824759825628,254.578309340673,907.9443658313268,504.787070410055,387.0741402398826,1064.0474968652686,771.6038727725067,903.0056294056334,434.6411819998686,688.6123542384166,669.8660509859701,1055.8791758344262,932.9162634155584,308.74739849637683,274.7705425975397,727.4877946602147,937.8918357981864,768.1818401464799,101.532769552298,913.4461873350016,976.452479592869,314.5507475662353,728.6486518133817,693.6683468851131,835.9608922773224,608.7695307083478,299.0266287315378,986.890618219436,672.1227428531515,479.80327252490326,886.1778366527227,702.988146000124,919.5099101300724,417.931455610115,504.787070410055,329.9302001134321,430.45979454829046,420.4696734466933,771.6038727725067,751.4385847218776,266.09103536847147,475.72791051900543,134.74105082361908,686.5127240252941,629.5831997187345,584.9622033525835,1036.3021409790442,826.9494659385874,624.5668786567492,1061.2562071098748,623.380379257482,461.4433009035794,1038.0604466838306,779.3587684368684,310.5431013359914,962.2128383957728
7,1063.1898664355267,296.17234817581857,644.8490346893229,419.0913399373435,481.6624201409652,271.82834932141526,496.1803093908308,0.0,260.1169782809471,425.6346015915658,359.8561390886861,452.11528400876335,358.4575968734456,394.7415364558793,512.2232662267766,440.939617878166,293.16383778132695,188.91997066603287,113.40536950608887,635.8589274840467,540.3410900985339,410.6713907484431,421.9992502389434,315.2045063567298,457.89392402847255,577.5336508377908,191.13416210153068,273.4335770587429,175.33894666220797,613.0228944994719,400.1562289125336,226.090338024934,275.09295848320687,55.38281486583971,503.84384758893776,372.4252130190221,499.2078616001875,289.1100809412882,638.0635783616692,415.3662612199405,496.7870982830573,537.5113973655232,292.3223041489777,508.46056713423127,409.3602558639935,341.7602047006873,541.3469835334026,155.6426128475226,599.9128941961161,473.1058256556191,306.71230057574263,126.7251457097072,589.8335730048033,275.98808077083027,513.1378415387059,82.99315331695756,259.28893482548347,643.9857024550049,588.7007200353281,525.2744457872818,188.3987497970931,252.34316610083485,231.39691241215044,629.7835561686029,454.83902004864746,406.0534966864682,499.79172749524633,523.2595908230431,182.3195019576556,234.78644536771284,329.633219816432,339.78527068397284,503.84384758893776,211.0159537086648,519.4825363336201,251.22463289530015,461.1925310750586,486.7254514537544,420.7823986569817,423.3414465956744,126.27862695940048,306.71230057574263,239.04911942216137,359.8561390886861,416.4011171233181,275.98808077083027,289.4523500605629,473.9064598647402,177.7858809929686,374.4195957476737,296.49982070313143,409.75326788021306,92.90746245619933,560.7554914721408,468.1546790978445,556.02859071101,567.5442546381312,434.3387484648626,369.50601277174246,559.9086737821359,283.2984202028413,264.0393321980425,605.5024205389687
8,1223.9075216717672,543.0612275382975,728.0075798025803,584.0124815003238,656.6082754899409,513.3071933149087,756.1053175012273,260.1169782809471,0.0,536.5192647236272,551.6952521316188,676.0385282126242,98.36379062613882,150.658306315089,404.09310017193707,690.2661907387961,335.3404905372053,392.6291616651357,253.85518949766973,384.732949696074,792.7022242314446,485.6445675550674,531.6474382954942,316.1849176385253,499.3481693952809,317.5121767524849,446.1093148936377,448.6407483783417,428.125825832868,838.9448326202819,659.025872150728,486.1675615958351,517.448479545325,230.0689364331812,614.2497855043222,555.9746119324296,338.34645660197657,284.8976570283939,758.1445265514167,674.2747892876148,450.7746772840623,346.8760346792964,345.34056336965307,365.95239446938206,607.1007132152887,122.04325309514132,584.1745103519747,404.0591526369758,839.5452454877997,313.50364624401567,462.32499968051343,379.464640173224,357.8601843471663,18.08510207993953,400.82503000511,330.808793325939,236.0149126380753,760.5973668927198,366.4810926846338,389.3389766969772,448.4583804671352,501.871590525638,34.93581703686551,595.5289827938306,462.0323869041137,664.3484396271757,362.2678205273582,348.6907659378034,442.4109876589815,59.44943541951251,320.4210357765464,80.5780147270009,614.2497855043222,468.01250058574425,303.08287521355135,226.0530087459982,624.7033108954862,394.55516713057847,466.69038798375766,164.34018283427574,356.6266813288269,462.32499968051343,472.5156826029735,551.6952521316188,599.8966504448017,18.08510207993953,180.74638361830796,703.9513677487707,349.33432653793216,633.9619516821612,277.96040965183425,504.910236618244,172.67511642604737,344.487652315509,427.33279682553285,671.037103870142,309.3284070639837,519.4933960530415,548.8074288785059,339.08264092448354,32.49484918679448,498.7459066810047,532.0975761214966
9,690.2832370289914,351.269196217339,220.12152592437,121.32935179448587,177.92843519871494,323.29538877926296,577.3072898530198,425.6346015915658,536.5192647236272,0.0,725.9045366887657,313.36246951028244,601.1133856308896,570.4984114136226,909.081941525328,426.9597218140146,717.9980360108916,258.24606916978456,538.6026049359375,886.9514153540069,512.6996035956424,76.35772429569768,5.0507051522742445,735.4551038756724,133.67063007962128,769.1695101270309,376.9995930027517,668.9923576777552,365.5796218195306,430.4022267532159,569.0372132851912,439.90231618108726,327.1745308252322,390.9833709645149,80.09200949507645,160.1801773189825,476.04275816738607,706.6220439027322,222.77112225643205,499.15902964394513,914.2100691585912,882.7025188155683,193.84865149391308,450.047907662554,206.9219015690587,510.6402460343369,965.5914412646936,351.0412485274957,479.9648011104932,463.8084319184735,709.371154731018,472.0847922321074,662.7568734890655,539.6649266531242,403.0966930011717,467.9381049658478,668.6728177365633,226.331997076104,638.9964355962891,446.355209814006,439.91007497027925,355.405630992353,533.8738610095361,1052.003654728877,879.7008147037014,484.1698879906839,438.61081059322834,881.407408013601,436.3354812993715,559.6822250207732,248.235605479602,599.2646936299654,80.09200949507645,485.24260404310206,583.4913630511426,316.83706077496595,136.51954609135677,889.3245704586643,846.1097086038505,666.4999322544603,324.5886478553769,709.371154731018,295.90311366293,725.9045366887657,168.94200439453576,539.6649266531242,669.5475231395178,349.9596737381278,248.6280584799058,540.8372809135337,278.5908223263597,827.8906961601574,426.40877343274747,879.4525688586842,885.9729412182328,136.01923845852792,738.7455594596285,51.075375180403626,746.35541956215,872.9071327111635,568.9238145987546,298.75036362071125,1018.1017591656436
10,1244.7171246969117,425.1737869684035,940.8908006424474,669.8376613261008,706.5810691863944,433.6100034882092,430.45979454829046,359.8561390886861,551.6952521316188,725.9045366887657,0.0,593.4265858039498,638.1269611825786,702.3341857685167,536.8735626817756,496.6385164630839,285.4683999458641,469.41580276638376,301.1961450095098,845.3342995681581,549.5704294133026,735.3986695022711,723.72706680749,335.030211048552,793.4864075128602,841.3540539282355,353.35485844438404,103.74510859838036,361.7365234840391,712.6489822937203,310.4331631000628,301.45935361201856,432.21760658712856,415.1636752979855,793.4868342477591,610.8075313859036,850.6579568566674,343.0337605347997,903.5325919869052,402.7084626987482,447.0848561364316,660.2580669927837,640.2451741385438,863.936422080572,616.2509907737644,664.2833024701739,345.4464512608384,374.8673572592514,657.3966200407858,824.2106210386719,106.22441545685884,259.82744006375026,909.2872673491884,569.7603945221102,872.2810682074329,282.6567885775715,368.26506966328526,912.1582665902567,915.8396985235674,882.0742323763884,289.4471023618537,395.7988116427415,516.7595251593845,512.6655226510602,354.24156683151693,406.3593403612949,855.9316601810108,628.8744592029185,291.99939189252444,499.13011529139857,687.124494017355,613.7926509858418,793.4868342477591,246.57280364765955,849.5443722737837,610.9255135427511,704.9927180038383,502.0716358447461,285.4832874625816,684.4901318294612,408.2590449372555,106.22441545685884,441.3393242745813,0.0,643.5574264258438,569.7603945221102,449.89132778259824,592.6170768339213,494.70739445869685,311.20581045180523,655.8708029176889,203.19196019055448,435.8905150978186,714.5129003034826,426.125360277833,835.3250245650779,845.2260476699263,750.4681443558209,31.023115104169086,720.9164499280056,558.6588111562555,449.6320350172496,549.9695122391171
11,652.5733111815334,176.76029477960176,447.1537945825439,192.7889384367356,166.32048667032868,186.364718709428,291.62238675663326,452.11528400876335,676.0385282126242,313.36246951028244,593.4265858039498,0.0,765.7539280534082,767.061086339735,958.057248078392,134.83204930077324,710.1309944328934,283.4102442119955,547.900964370992,1059.885036147375,201.3602942323426,379.8582139365628,315.71937122629026,745.7068529431983,445.32191286338417,970.5930888981748,281.41289316252454,581.1953409093815,288.5784112651269,163.06990840051364,332.1095210324766,302.6157192524856,184.6415425069845,455.4890356062205,327.14792675435643,162.17876344877763,745.3233073097388,725.7209175020575,367.41807546394807,235.2908876348505,923.9847819377336,988.3636264255792,420.6417417512515,728.4789629693014,106.95499678011517,703.9651769049045,908.6964195852838,300.0429397411329,177.5042269389497,727.0432316343484,623.9880453266861,408.3693010082272,911.1088413869518,686.8267591801584,692.6597472712357,436.95366904694,705.072152702926,378.332543371024,894.5125970832333,730.7102804406121,330.7850371104078,217.9310525823093,657.5868782856857,1040.3826075182924,860.357372108638,222.72879979166905,716.8527869057978,975.2231918732172,332.05444830028114,671.4906531835995,497.4399573995288,754.3061670258817,327.14792675435643,360.4854890710231,830.1267494119255,514.9581013093089,194.66679757039697,929.906436295963,807.1683527177685,835.3237997067865,328.6455847131543,623.9880453266861,213.0857572215222,593.4265858039498,144.58017923457197,686.8267591801584,741.5663048734996,36.990736023664375,329.6135784850065,312.1475733616291,506.6225014891567,757.4698095544578,512.1660522297026,1006.7170394031692,895.7553466587515,335.79305186500414,948.8124899811148,363.7861087744444,621.7495284937994,1004.3613195535938,706.1606469267358,188.59731161473616,1036.530337657265
12,1291.3868487577388,638.6437526719344,777.9491079426556,661.0482070581314,734.5825442701985,608.0454976056126,854.3297004137124,358.4575968734456,98.36379062613882,601.1133856308896,638.1269611825786,765.7539280534082,0.0,84.92039855447582,403.8458974790571,785.8457065400113,398.926451732676,483.09857603118974,346.0375544157666,295.0076105437397,888.8239884712574,542.631403734478,596.109004381571,370.0027061664048,545.2736859649884,219.157115629958,543.5080225349011,534.420243037014,525.2531427863823,928.0693815967416,757.2792942154822,584.4741261683736,612.3196794627613,326.82846964550123,675.8357055987044,638.1201092981894,311.81978548132463,341.74269990660423,818.7589961783882,772.2001223810056,473.5152190987999,305.42337295253816,407.26547705691206,346.868033185371,691.5249194263495,105.40106026398792,630.4302814473599,500.70908308689087,932.2590843530922,290.87641567935066,543.7743664687724,477.3540175323342,281.3857879747197,82.85466055684988,393.86377658229327,428.6005217368039,296.0584287795312,820.1140643719226,296.85651358526195,371.43594106569896,546.8164855440442,598.1401338139453,129.56727384159362,614.0162192244767,503.4113964284156,762.1167491901939,346.30331376836176,317.5577334930855,540.7638312186644,139.7832475309024,366.2880423617642,24.993081841011243,675.8357055987044,566.1279185674285,242.3570395271031,284.2769635091885,700.4096993359985,402.7329663625774,520.1422822527763,69.59277739462482,451.67767074909153,543.7743664687724,566.2094336937233,638.1269611825786,681.0882934904458,82.85466055684988,222.4678673336676,794.9137348100321,436.5866412427883,732.2978708322868,327.4274345963561,570.2063938356083,270.09361784399886,284.8222394812804,454.0577189518567,732.2547090239229,212.3433132572156,577.6315422810706,632.681813628876,276.2668513642927,80.54462915005456,592.3722252991652,538.0300381417923
13,1258.2411301724876,655.5636460870252,731.3212924107984,643.7843994265902,717.6016786531584,622.7482972497785,883.5650502883326,394.7415364558793,150.658306315089,570.4984114136226,702.3341857685167,767.061086339735,84.92039855447582,0.0,486.8222932716932,801.4584612122372,476.95007678959104,489.9980373956705,403.6139343492218,317.4517655249034,905.698652574269,505.70646214101134,565.4477066512299,450.9617396435329,498.6234331800429,204.2945992395435,568.777069936753,599.2970735828961,549.4374680671433,926.977083037972,794.1692061333606,616.797091490601,627.3538446133999,353.9288120733739,640.9939039471927,628.2136996808194,229.9921460950362,421.6799717605931,781.3453938152029,798.8176091127049,558.4219474738147,376.615866003172,379.2372742123968,266.8469005966375,684.3542080000174,63.22622357205034,713.7890021780322,523.2372175066128,938.8852424334128,210.74847843277576,612.4636507098139,519.4405366578661,207.33186572312448,132.61773249569646,317.73759915947466,471.7766036493359,374.6160563895087,781.632506808249,217.89339056856045,291.4311732781997,581.0977191937218,617.8841436985988,185.59054003904703,698.6554846319181,587.2885049632041,787.6363860126802,267.42898446265474,393.06185885926175,574.8205949578859,205.968005117844,325.38443741057495,107.22755541807904,640.9939039471927,605.7296497789356,159.07422119898706,260.2283847115671,680.9137485433322,486.87153969299794,601.7747963082579,113.33229031435609,469.8547614224023,612.4636507098139,578.6787818868607,702.3341857685167,669.1983010320217,132.61773249569646,304.7203801349718,798.5176176912099,438.9243072603875,767.6623293397487,291.9095993406907,648.1380816569713,302.1040542713578,345.41200699396614,538.9540915359547,696.3292399362074,182.23051778973425,541.0670890374294,699.3801772618095,334.73784305382736,148.67774434456993,604.2950795914877,621.438306166324
14,1573.581101845203,788.9225082366243,1116.1692010845788,926.186266469856,991.9864753109206,772.3540461355916,919.2800582201194,512.2232662267766,404.09310017193707,909.081941525328,536.8735626817756,958.057248078392,403.8458974790571,486.8222932716932,0.0,919.9638966342864,268.383386613076,699.9269949069236,410.1564264008196,405.8752934701879,1006.0324533835568,870.9910760910803,904.6292215991278,221.92078668503285,894.9513541270836,484.8185025183461,679.5063418133378,459.052779605104,670.0743474458878,1114.3935915292473,798.0314026536792,680.4438296902563,774.589856438243,527.557145815781,989.1255168961732,883.17037210074,715.6641415220064,234.91871352505632,1130.8885959844029,860.1507714518107,117.29990271697892,174.35982938438775,730.648565003577,750.3558326572197,921.5834976561016,502.352840919282,316.0581713231806,658.2318440847314,1088.1005085194934,694.5143681372463,434.5376163911556,558.2751258153525,648.6546437484428,410.9193030873237,794.7257946801905,522.6575222094664,253.55486509273535,1135.1279387912684,674.4598608042303,774.8662799172226,643.191486336036,744.6193116737853,391.2709190675954,222.8391191176126,207.0105473560248,856.4895029890068,749.2986758696628,136.83336948681622,639.7499013269703,360.5096959027604,719.8353273834963,386.224473448016,989.1255168961732,632.3404612122051,634.4582461956962,621.6507526049928,968.5522150760204,34.81531726887852,269.3748809860478,388.82673281503935,638.3795032661225,434.5376163911556,746.6780730703586,536.8735626817756,927.577931179225,410.9193030873237,240.0434709310556,975.5514085777872,678.035016414803,784.74067910315,676.6976880324779,357.85939481143754,483.8620813207356,244.37928890403748,122.4784914216228,1044.9015869223406,512.3385746469427,902.3259567016016,513.314081313896,257.2499499680725,377.7482496089896,769.9523569988789,135.03235138341734
15,754.5537241273493,147.22638282038758,579.8191060319225,312.4575555617748,299.12391742279425,178.73669741011335,157.3738109820133,440.939617878166,690.2661907387961,426.9597218140146,496.6385164630839,134.83204930077324,785.8457065400113,801.4584612122372,919.9638966342864,0.0,658.8991382383159,314.4585360472143,516.7205174997076,1073.4625648686856,104.51950109249228,484.7100273588864,428.380533885343,700.1823154097849,552.9286759369263,1000.1089557872442,250.37140218248905,504.0573075950936,265.6180987130056,216.0132369032584,207.660461735486,239.6909360162648,174.19208762162555,460.45744455235086,453.24677810103606,266.9785605384827,816.1531739212431,685.0575466134487,502.21200272663214,105.95741051136642,870.7406400744044,973.5789358183154,494.0481295086091,804.9751416380412,224.96780634007743,740.0061997829383,829.3215829449766,287.2551176020904,169.2622073579202,795.2137332173578,545.0604910698207,362.0943566568162,965.974903959486,703.6583634481821,776.8874546263125,401.7377294875008,673.0360065192853,513.1021800668019,953.677366693258,810.6790047777322,276.85214360835147,189.1543529301088,666.2856383631163,975.1756295746364,797.457099772046,96.15201948110006,793.5804186138937,955.7003542967016,280.5182958770073,674.1001113576074,571.271205143177,770.726053974029,453.24677810103606,291.3486382235415,886.3057914128676,566.8099019389414,323.0839342232567,889.2352416030012,738.3543810321316,854.1773504035114,334.19678175784577,545.0604910698207,223.0750464455197,496.6385164630839,265.1800282474981,703.6583634481821,722.6384643401894,113.21934310769429,368.643476040392,193.24703630801287,571.1779040239085,677.993796045396,518.3460236371384,1000.9008199840048,843.4884644891016,467.39493891322087,983.1428546834968,474.916147903284,526.6963875426317,1000.4832900596236,717.494899962659,198.01887758097303,983.4814123417694
16,1346.0589158697994,535.73470863372,936.2004925275083,709.0847144856283,767.7400861002052,524.069787926392,651.0255061240256,293.16383778132695,335.3404905372053,717.9980360108916,285.4683999458641,710.1309944328934,398.926451732676,476.95007678959104,268.383386613076,658.8991382383159,0.0,477.90176842147054,179.75920219641702,564.9161566992942,741.0094116353771,697.3607344419648,714.2221858112182,50.05313497118805,737.4492660867293,578.5228191956911,428.7230844721817,195.1020262255748,422.7741193278547,860.6853835917063,529.6481854583548,419.63292794766375,525.5570054484011,328.9232803272633,796.6878044557319,658.9038709700745,670.9824244379993,61.58558393255407,931.119456391089,593.6764564744745,213.89706510823808,375.0675100387798,567.4508659564916,695.092876567857,688.6813615387808,457.3837321452572,261.1151819913314,416.3687676578947,828.0215702138986,645.3634788907235,179.24471604114692,302.23571011482284,680.2958636734731,351.4476552723723,721.4926555349053,275.38083210208873,102.8829549094746,937.1175884408872,694.4348849621317,717.2916721671821,384.42692304134704,492.66330268274754,304.0025084613555,337.8844729127584,161.736451417841,590.7281715861743,689.9548806233033,344.54252168563244,381.8091647551491,275.91149688765165,583.3286886283978,374.0283728934819,796.6878044557319,368.2695915213488,635.0828702122136,487.0952191202381,750.68279121641,235.15410486699133,138.03769160868632,429.5747977729117,410.48277299516775,179.24471604114692,505.44177864415786,285.4683999458641,701.4546663727141,351.4476552723723,182.0826569257486,723.6840296414102,470.91645864365694,516.6034941756467,542.4590325058443,171.33110632617547,307.9700181442559,429.2767163021221,185.8236908456408,849.1664835010591,589.1909561550598,723.5305086774224,268.07540940590377,436.0237830754687,328.8396149293267,526.1088213657279,326.6314509609249
17,874.3720851631225,174.34047193029525,476.9751859166957,231.22147628546784,292.7552576996341,138.8176602944736,421.27329008490335,188.91997066603287,392.6291616651357,258.24606916978456,469.41580276638376,283.4102442119955,483.09857603118974,489.9980373956705,699.9269949069236,314.4585360472143,477.90176842147054,0.0,299.79932480131004,776.6820001020287,418.942459345826,267.7458954025455,255.6744916177573,503.2444832318764,329.8278316140897,691.5665271481514,134.20046964388914,410.9456483059283,117.49847060397074,446.3608568980453,366.7650304433666,201.9590611914746,143.82189582921924,177.06549130595891,330.7203167480426,183.55245272774584,509.61483156571984,477.8340201573219,456.60087488074174,333.50736394876145,685.0470012872521,711.5568401138378,204.1492078490632,503.4551898613646,223.5291208065752,427.6846743245664,714.6517850338042,96.69358096635382,449.9157201569671,487.09311048801817,451.68628429539774,213.83911285340417,651.8128241775959,403.5463239641685,484.9114829155953,212.83033991106632,447.8220400640917,463.44891157981255,640.3900398388894,512.627470945816,190.73558611781704,147.57970932341047,374.6282333159695,815.7413172261738,638.4557092237511,319.89072892561467,492.5215849496785,701.300458574172,186.05098688351407,389.8930591532206,275.16761316185165,471.08315877596254,330.7203167480426,236.1520808299501,572.5047038011161,253.5884213822926,273.00010902444524,675.1502327327797,598.2640311423751,552.578992373286,68.64112450084734,451.68628429539774,92.94827071135336,469.41580276638376,227.72195635519276,403.5463239641685,470.75999507389446,311.82943770242457,54.93102221700968,336.882305975452,265.2981480979057,572.9709514094081,231.345656490979,725.9172727278374,656.3870195950931,378.59220944947634,672.2101553905695,281.10483440318507,488.8690714190178,722.95994927753,422.809077561213,116.63659453133272,794.2908622654679
18,1172.0981762770896,380.2222710651727,757.3506922761629,530.9051114793381,591.5755467811149,362.33316715179234,542.9795256514437,113.40536950608887,253.85518949766973,538.6026049359375,301.1961450095098,547.900964370992,346.0375544157666,403.6139343492218,410.1564264008196,516.7205174997076,179.75920219641702,299.79932480131004,0.0,592.1295882311853,609.3751773650688,520.6490040392869,534.8919492595145,203.65337675747085,564.3006259517273,559.6827363865077,270.5885148956937,200.73828726992696,260.1853349098359,704.8723652200313,431.9349505664637,281.4492292102019,364.6741226697477,152.70303256115056,617.0737668391902,482.3618042123073,553.4313639196287,179.706541119669,751.4257077112001,471.1562504288514,385.4698982196717,459.30192253848486,395.5779586456157,569.8683080419848,515.6903720231679,363.2347402780176,430.9900046121591,248.19807699610368,682.4886758360946,526.9662629602482,223.24138061598657,157.72564030677782,609.5810770034477,271.89638519415064,584.9481848081473,114.99068981039964,157.71956989709147,757.380233933096,615.0550715314803,589.5183943318958,242.2040783108038,335.6713124438459,219.2206752763934,516.6717136536796,341.4506625588255,464.6917266165981,562.712144994801,439.5614249400667,237.69925812237537,206.7156708333303,421.5801550779389,322.98215179343697,617.0737668391902,243.95757596611688,548.4327126795412,331.6107128006682,572.785191168413,382.3059471570952,309.17938250113883,400.79084847280205,233.6816608534424,223.24138061598657,337.00052248407843,301.1961450095098,525.6883408349819,271.89638519415064,209.05194394480355,565.7821131290901,291.1653850572203,411.1532376167635,383.682849301951,306.61483737047934,146.75541600211207,493.39449018374313,356.8041207068253,669.4164923531996,557.719090538517,545.6509612161842,302.16301281754465,495.0849072629399,265.49358000897087,359.9152237590966,495.5861997473231
19,1575.5853807090537,926.494518389967,1046.7796618967773,954.1349383699112,1027.8796503952992,897.512079392586,1128.6394153068484,635.8589274840467,384.732949696074,886.9514153540069,845.3342995681581,1059.885036147375,295.0076105437397,317.4517655249034,405.8752934701879,1073.4625648686856,564.9161566992942,776.6820001020287,592.1295882311853,0.0,1174.911766558765,823.1032940572314,881.9038181083082,518.8257315160002,814.8431450209972,147.35179809610253,826.226532122525,745.6137839591777,809.1893221399707,1222.4944002519917,1022.7182815567136,859.3089593247017,901.5607385709164,613.1746094767957,958.3073173692068,932.849499872736,499.4701803236285,504.3137564464478,1098.7884645220777,1050.406670747796,519.0556191945608,231.68439264855127,694.2850164127608,540.717562864254,986.50887046602,376.3144952284211,715.4549220951685,786.3341267128584,1224.2722761350735,490.9245486033012,740.484381867399,742.6050213643125,342.01541243971764,373.14697283020166,601.2881387779541,694.3646234957522,477.4699855063257,1099.0234866201652,377.0924984767458,562.814139329389,820.2167176533869,884.4611793747898,407.1821736233778,621.1478022313172,593.2719843766853,1041.5770602850762,545.927279680637,269.04271727233385,814.5837935452186,401.1110266073733,642.8312391351341,305.5998962369277,958.3073173692068,831.9715817128866,376.5015450391807,572.639227155017,992.7522810674104,428.38377087153,639.934525148813,225.6008824814775,740.8710417239954,740.484381867399,857.1730720293243,845.3342995681581,975.566563584656,373.14697283020166,397.47739367985866,1088.3752034535298,731.265841584577,1000.3756998657608,608.655157039586,716.6842164598422,555.2004908351216,161.6770715297079,514.9299548858357,1013.7494845563576,188.1222386139412,858.4620735021346,831.2598790582264,148.6272146138306,356.2016053416156,883.406710451899,521.9336986403058
20,737.3153899102759,250.5318787604972,642.7083112670315,393.358578010985,364.5901798493744,282.9714757796836,136.53395525748786,540.3410900985339,792.7022242314446,512.6996035956424,549.5704294133026,201.3602942323426,888.8239884712574,905.698652574269,1006.0324533835568,104.51950109249228,741.0094116353771,418.942459345826,609.3751773650688,1174.911766558765,0.0,575.6745130512429,514.7213942296223,784.614757615234,642.7342526948729,1103.817166099652,349.2169531936942,573.3572114045216,365.7732305759407,196.2113927990441,240.50111110193865,328.2279388913286,278.3462254763288,562.6520790495995,528.2425913205325,355.7556581092545,918.6923634965594,771.8747812693616,554.7087649721341,149.8246419790827,949.6403284007444,1068.2726863724452,595.2689619079341,906.4748479066454,305.932741473148,844.3693934389399,891.516108682257,388.7818426685445,118.05128458444726,898.1230201710536,612.0709010250271,452.3223141659322,1070.290378261363,806.4142972905635,876.5274638012321,495.04428990160847,763.5329355754802,565.9384285689431,1057.7183791305508,911.4398492396843,367.2179083672949,290.830972273427,767.9465728981028,1046.130729968642,871.4187319876664,150.66090508213637,895.013477420824,1048.9029361105088,371.678467236593,774.6099801335405,672.7274333368288,873.2491435300326,528.2425913205325,373.6924725270953,990.510478150774,670.9770190919986,395.6066358808632,974.3284088503076,809.2053238639141,956.8559869551452,437.5258062185519,612.0709010250271,327.5533706097806,549.5704294133026,345.0286300770278,806.4142972905635,817.3231355358197,166.8857467571255,473.032469753089,238.78493267266236,674.1357862583658,742.0864500670527,620.3364699162539,1098.1479371386738,923.1425030406792,533.6873464114972,1087.2485230890934,562.4034829348574,580.4875211283731,1098.2507444474363,819.4013961625252,302.5380776020353,1061.6742128159462
