,0,1,2,3,4,5,6,7,8,9,10,11,12,13,14,15,16,17,18,19,20,21,22,23,24,25,26,27,28,29,30,31,32,33,34,35,36,37,38,39,40,41,42,43,44,45,46,47,48,49,50,51,52,53,54,55,56,57,58,59,60,61,62,63,64,65,66,67,68,69,70,71,72,73,74,75,76,77,78,79,80,81,82,83,84,85,86,87,88,89,90,91,92,93,94,95,96,97,98,99,100,101,102
0,0.0,688.2223145591943,660.5297557781468,581.7169854712918,522.6938686570129,1322.8964278382844,1114.0867626933784,929.0818608480982,1281.0701085173807,1338.476298043206,1314.1801490957564,1595.2565702206368,566.1773360876244,789.3541140095648,1498.4810023196944,1207.0700507016306,1157.852005792545,596.8998054304225,827.2981371977829,1509.8007527266957,1235.502215263839,1046.4537318254747,1250.8841167957175,840.6164607731841,645.4840675825791,940.7541093158768,994.6698231286678,1419.1488505017287,948.2260612340148,1282.852057886177,1440.431728277181,919.2900530449818,693.7180889995939,680.0768860048336,1328.6033873984163,564.7291120752682,1253.367393786515,983.4961004350572,478.4742013354734,1353.2136896582358,1238.632284294888,1452.4814793788848,736.5038792074463,601.2859003791134,848.7959089437297,1248.6588076112598,1356.6321344649834,939.4841569647488,627.396514780405,1014.368959790975,1246.9192818735285,812.1990656304134,754.5537241273493,717.1873764020663,1188.770860415504,1162.3790800512195,492.6608478164564,960.3327089302228,596.7799764058223,1440.2368252038025,827.3055464992839,900.3056258300793,1040.3177927490867,1527.4732834530437,1228.390659175363,1219.4615205979146,1292.5121874252472,1223.420542081961,687.9424668047931,957.4012568035932,786.0798197031352,898.4124995084826,955.3518770340426,921.3664588322368,530.5329944605787,537.1253401369233,1190.6076999339275,940.7541093158768,1307.7613684762605,1217.92195954234,1179.6912422114765,601.949449914004,864.7225283856686,1157.852005792545,1217.92195954234,1186.191053078721,986.2547831003948,1229.2165877472646,481.9738586132549,1575.9902607817532,583.1604786867431,767.8688883521802,829.1052408238992,745.2427518971996,1224.3793064427668,657.3775555560563,1172.0981762770896,1246.999517555585,1313.506878135162,822.9097525098571,1409.8338614728293,822.8731071824103,1667.6765190679764
1,688.2223145591943,0.0,59.740729912334125,114.48625142861204,282.9444128646242,634.7905431039802,426.2360971396884,353.6738091813168,619.6459650220355,650.3835050831988,650.5425375229165,925.0341932769376,309.7340410493215,339.896523288399,812.2879776805792,651.7965475851958,613.9461337424149,100.26802995563808,249.1427971565045,847.040383687374,556.3243201563055,359.35828071667885,603.1923431172003,178.82663643122422,292.34945877241927,400.8542612344276,504.9229589943556,780.6388964778532,368.8310129389677,635.5480214289513,758.7810580382336,243.68292394220623,246.2978261959275,144.80136343412684,686.9664298049211,217.9891104328385,582.2994917229674,432.49577941547096,283.9842302650404,665.1331316041027,550.9172595483558,764.4375261813917,302.77019087148653,132.8908598910219,279.520471699966,656.6682698644172,688.5266965197953,391.9551303482769,311.44093923974805,375.2089666313978,666.8516051291874,221.6056942981671,319.3761306039691,155.744382421992,589.1238135934893,485.0860376660655,322.1642935286825,316.09180913586954,302.58109052016187,799.5471234293581,145.19102365442168,422.225016427836,377.2130866181652,850.5730949652773,641.4216063827141,645.6352902963874,702.9844446950584,577.4737359444475,41.964694453969926,270.2509135263397,226.26037380062465,281.75497886341066,337.94914598094607,307.7739133017635,305.0521864057162,159.26037104173915,564.9098608212743,400.8542612344276,683.6608800172766,533.3204831443473,601.058871926844,95.60636493798752,177.3895564256816,613.9461337424149,533.3204831443473,520.3608411109514,418.6552157337282,568.8018392417138,206.25070457606105,887.7958600208752,213.4273360563552,235.58597598315296,227.85255356532508,128.17445445303562,555.4246991047966,104.06988835933382,494.1907619243799,562.8914878771228,637.8050484665914,201.939042114303,729.2920478851478,202.0846254828012,986.4977282053432
2,660.5297557781468,59.740729912334125,0.0,79.17153314154642,303.07262347088835,667.8352980146706,461.4101544332612,330.61143020333213,668.3900778385519,683.44576324733,661.3443935046324,939.7959442281674,338.8240871626936,394.583809691468,848.6372816566526,710.913112172779,673.4269926303937,64.22816589510549,220.90147531936552,858.2432622339248,599.1882869107923,387.73459416138894,607.1736347195894,183.12214219142064,233.5534686029897,371.582354907456,470.3983104184559,832.8143950599774,347.4258420726283,687.1601745672995,780.1863198305836,292.72630669902355,191.64615110532824,194.8333631230835,739.1878452458385,242.9815214607024,628.4576761002205,406.7445689711954,294.064352296236,698.2094732355089,585.7185328692495,794.2771139179198,354.374607955061,159.15481399267688,339.15063421072216,645.0510417524549,734.9508119387735,363.9295919605926,252.03454083760496,372.9082291672653,724.9484730113813,281.2742495407133,268.70429367392524,211.25638716426508,646.4634525309317,502.8401465069799,338.82142059939656,314.56340913462174,336.4754442767443,802.5191372959529,167.6629482418288,382.8812549157028,385.7607321840758,868.7971785530699,628.4127189583866,704.1143433333665,760.390501282153,629.7561250515738,97.8948369350031,309.0680698462225,190.80347141314,268.09008383762733,326.7115872773245,294.128291860194,327.8789745995565,156.34638406731762,620.1068215900243,371.582354907456,680.7141050001237,572.6046025021151,585.5025688688181,59.29018934962441,208.4604014095273,673.4269926303937,572.6046025021151,531.5007446420516,396.1498541556679,618.1888542831804,183.74414230969472,919.5847140124522,242.7226501468364,292.6928023951009,205.54847190277647,187.50657676325704,602.5111339806093,45.813731974162295,512.4097957281122,602.4200607368605,681.7801130776971,185.5067008787684,749.8153284307232,185.58376234069945,1007.684544487664
3,581.7169854712918,114.48625142861204,79.17153314154642,0.0,253.7386953387048,744.4210368751548,536.9237422841211,395.84539962094925,733.9445220970867,760.0353956754761,739.9504018571147,1018.7763766783931,299.07059038472727,400.1372844893446,923.907741730029,751.5237437282575,710.9068022505659,15.219127429449903,284.85314894049134,936.8027637019902,670.3249978973317,465.4440118589221,684.3830790479719,261.91810863276936,234.86334085147752,430.68847489907415,522.276845949006,893.527003469871,413.6294813807912,748.8677776308718,859.2698734682754,358.13037753043045,216.06452092401383,200.18667002813032,799.8960537975846,203.4166734204274,696.776881771486,468.5712898101447,234.4037537129878,774.8032640897152,661.5362990373678,871.9700255431336,352.88149718855306,132.93705793922751,370.1959204461729,715.4199428435686,803.0128403418825,424.3589369024762,245.94109746045436,448.9261602671112,771.0792521720442,314.5502678010163,299.12391742279425,227.86982371883985,695.706218738429,582.0104333623449,284.2224057260091,391.2001333262425,303.5095341559221,879.152943383574,245.7104813047061,429.9710415256209,464.3582497296799,947.9650456400814,698.0036253724121,748.5449499199478,809.105704220579,690.4720909510105,133.29873704362524,382.4508186237306,249.42737528070128,340.3869939169569,399.4022663090033,366.0198892184805,280.65555652547226,94.50216407356127,675.3033509880897,430.68847489907415,755.3626993985779,646.1347975219312,653.6525438715405,20.28066430121563,284.673421792827,710.9068022505659,646.1347975219312,610.2566945462452,460.82432188669645,682.9861872363505,105.462937232975,996.735757647936,208.9501336389176,309.7449852266832,274.42523005776025,221.25479139386945,669.9054526954225,90.90869247666076,591.5755467811149,675.8263898753571,752.06336058178,258.34390789317325,828.9420070446072,258.3854909294439,1086.8046520474704
4,522.6938686570129,282.9444128646242,303.07262347088835,253.7386953387048,0.0,857.3388191309652,652.9336393875651,632.4711872682766,774.5469123333824,872.309895421923,919.1170998624534,1184.8167872793474,59.666842885638765,269.3329495601336,1017.7941121462512,685.588732798585,636.970165827149,259.82919275993464,523.7315561259892,1113.123075017731,746.4447805477089,607.2268362487955,879.4815026191902,460.5159346663439,480.287791706908,674.6528206074528,771.9838542383551,901.1484674040372,648.6567525261131,769.438278243759,1007.9521629580444,443.5881121378097,469.580254068225,188.18397516972288,812.5183574214782,66.89759399938781,754.6667711204241,709.5268894125052,50.74414765565503,886.4961440786655,771.5470725130807,992.5963285464566,215.10581530894703,150.0834791647362,330.91952585815807,939.6099397982288,853.0742440023188,666.9654375434984,485.788769633864,656.8421494393032,724.2760962574882,303.2550448456905,552.7750584245666,219.59910047063664,666.8149267585807,746.7710608536585,42.16342482017325,597.860900485386,83.50081533963501,1075.5366554870652,418.6147135923631,681.7356892825035,652.337113167152,1104.8226377349588,924.3290488996904,696.920359867839,769.8197193618555,710.6406413801665,254.4014091257951,501.4956549267683,493.5350847031103,564.1321268535396,620.8191723224243,590.242550671665,27.783530583489416,160.14613907946242,672.4257097557229,674.6528206074528,964.2719576800632,739.4975764565241,883.5850888352561,262.01635176707543,437.2342014411745,636.970165827149,739.4975764565241,790.3118166535612,697.9685877486511,723.3268085360598,197.11008888375355,1107.1898930503205,78.48569070204857,250.2017300366776,506.47499184305633,262.8313033613289,724.6699805030332,336.78269765146325,754.9080969085987,766.423155650348,817.9017601333649,483.0052879233105,980.7960229281296,483.1279768303078,1232.9371390519127
5,1322.8964278382844,634.7905431039802,667.8352980146706,744.4210368751548,857.3388191309652,0.0,209.01243864930416,542.4147974714692,237.1169478455081,15.61457077686359,262.4740422214882,383.6546838445855,848.5475054818994,689.7850654781346,186.0837680433567,543.7074042996665,557.8450767040716,729.2409961944678,579.2168133442904,356.59015405321395,150.27294517001053,281.7470195326313,325.71000252965706,503.071857651371,793.0985769936462,586.9758320021188,658.2121291105146,375.3086002234801,531.3469283626922,297.28121818941963,195.09683582166988,414.2405124680108,721.6318655312566,669.8642927116701,328.0532264125703,794.6901273081614,191.238264469174,565.5508117371264,882.209632723913,30.38252217534992,85.85701010705567,135.78260199928738,711.010274673192,732.87795913116,563.1155458726264,496.1542753570788,214.7204721110301,576.8736820515345,820.203934739704,411.2048034561672,494.5768768238223,564.940634986118,722.1730361127866,637.8179813789516,436.1152472854369,225.04248004038828,899.0297662863635,433.30720479305086,823.6823043581218,411.03214887869126,500.6642510395979,669.8257159242092,347.67006185570654,293.05913068883785,504.4274659757162,503.5803084236181,482.590507847697,301.47774569027695,636.6201675198505,365.9887444556551,612.8705320221853,505.19486607347375,475.19539113028486,496.77788045031866,866.8753860374206,787.9869642702457,366.9890366823982,586.9758320021188,417.6102531370232,126.08965966036357,515.6298496059145,724.192581615268,459.76544343760014,557.8450767040716,126.08965966036357,263.4957232347802,539.7888442765823,245.9211270276593,841.0013251971121,253.24115608552745,779.7228667541226,628.4107402670144,558.7704158884221,595.9507900199673,209.50656516585963,682.1365914894877,216.3201845924316,108.70883739490574,157.8688644326367,546.9865113329299,185.37902049601496,547.1481162313196,389.8871763322866
6,1114.0867626933784,426.2360971396884,461.4101544332612,536.9237422841211,652.9336393875651,209.01243864930416,0.0,395.79359209875935,264.5300901886157,224.54312844599312,320.1085414471189,545.9875257309874,648.260361240645,510.7746044486551,387.2273015570781,487.8460914607509,482.5867991630682,521.8004567078065,402.4309796904587,489.69337319815855,159.41241714917172,89.17401908541531,330.0668649675994,306.62027486271194,606.3300482744085,451.1030339382314,544.5570012904454,444.6125067620597,390.416019340219,311.0769036290494,360.21408613102585,209.8012990830756,534.9532192977956,464.794476507376,362.20713305866445,589.0566733177001,208.0489082249293,442.63133056314746,675.5866945897551,239.24397884926697,124.69975113835731,341.6237776184737,523.2679346311076,524.7381453168658,379.6269219964501,478.2877301688502,305.23232311824785,439.33674162855095,633.2414515183865,276.1087919523805,459.3311055210168,370.3346564797204,549.5767180417606,434.4278926385293,379.6325573527929,160.77967717095552,694.9179543140483,272.9698762039143,625.0408222194121,493.9836802131976,295.8076152357876,529.3777059202582,207.554748944844,460.28883513064056,477.2979817127059,455.9488479042501,468.3623810006192,275.0361799024231,427.62911382664856,156.97974187636785,430.2134052371216,336.9657907573432,325.48857438228833,336.66350055626475,664.083250902814,578.9821412162204,314.92605857040803,451.1030339382314,437.25096626520144,117.62942338853728,467.7136911875082,516.7716624807906,252.96280344657976,482.5867991630682,117.62942338853728,227.14551092923645,415.1990331950479,230.6185956162156,632.318351532234,462.2530118418773,574.7602675234449,435.0843732524294,377.2734319025289,390.2873693849986,195.0283565810481,478.81242730751046,161.73681915937465,146.86980309439068,241.07742575026927,359.46485115758406,336.128275858319,359.66433070008685,581.3106202123132
7,929.0818608480982,353.6738091813168,330.61143020333213,395.84539962094925,632.4711872682766,542.4147974714692,395.79359209875935,0.0,660.0647411786695,555.8883193806269,414.4559515139884,691.279264768998,663.2055828132679,657.6283151226257,724.3807117847239,834.8186809314673,813.7888999986462,384.4796379685609,110.99225095482122,598.6191009363921,553.5782271650772,309.79581102615185,336.2526866580781,199.13059042084285,296.5701930570796,60.98318695637696,171.11840588732016,840.2991728009277,19.144250795667627,703.6866862612799,573.6321903489206,387.8169528235371,236.84739438244767,489.7830129110605,756.0673685366169,569.8196463721546,603.8276055235373,79.89246542636123,624.5278951714567,568.720660793163,485.8796743157349,633.7226229333396,634.5692531820756,484.3483840789552,552.5621682048541,323.39411943054324,697.9858874820825,48.78718255081056,321.0123525163418,131.2688346590109,823.0719832371656,503.5649587829307,197.9802028205862,486.79365357729824,738.6713534866013,319.7261873060169,669.1879856145049,124.0153101560022,656.0636404528525,514.6387109571435,257.0696926601475,133.59991497204177,196.687244998554,639.7735101592361,304.6425494896433,812.1331726001691,842.6549795146336,660.7283329188696,390.3200701476253,334.1983068948894,148.5471596191809,84.42367958035788,70.38019367912808,67.34091967957166,656.2892894436785,485.3888988795035,685.2051343675314,60.98318695637696,379.283546224242,505.9958494600553,258.6443502995947,380.7615190544605,277.50471708000185,813.7888999986462,505.9958494600553,305.86733786009574,65.5474655903157,623.010064776026,496.3866127983011,760.5730385520308,566.6597987576488,548.7780745376874,126.14987926146313,440.44698457362375,589.868891322528,304.95011024938043,329.34530590470416,531.7629222098575,631.6411078727292,152.35106135985183,541.4574345984635,152.18156064942806,785.5834308051394
8,1281.0701085173807,619.6459650220355,668.3900778385519,733.9445220970867,774.5469123333824,237.1169478455081,264.5300901886157,660.0647411786695,0.0,240.69538877299271,489.70492386985217,607.5634485323452,750.1921288455176,552.7005957413209,287.3898307411981,311.6046284701924,332.6926385085064,719.9081228484777,657.9932219978683,591.5493584452167,114.90707746746982,350.845886305017,537.3984223573036,547.9198616575865,849.1930435166663,715.6320149893339,807.6912208425398,180.2895766876456,654.937568287257,60.371446095175656,426.6580240343834,376.15311235183947,779.4973109421649,601.2672345815024,101.22632420292098,721.0610656231911,58.94720873620827,706.3724325710994,810.3455078239505,244.97131120496388,213.95551943648684,331.9628028328203,588.6820477956973,680.5126214681777,446.7454796550154,704.1417042594392,80.50691560960348,703.8652489766886,875.3536304924696,539.8782518821112,258.7869014016523,472.0985066760945,804.6868102402259,564.4322427257172,209.90202468834448,391.3605067161896,813.1122469289763,536.6971825883314,721.3229772586924,647.0103720101966,520.0889716511888,793.6632072373859,470.9104664428339,518.117800736664,708.2174154724704,270.32030915722333,245.55964978854053,80.29218881803783,605.7770890399552,370.31717948151794,681.0879387755895,597.8100950098317,589.8499148857346,599.6271392541476,776.7545251715496,749.4596585951168,147.22383180882974,715.6320149893339,638.7108232522135,167.74280786414226,708.8052443648007,715.2493561093964,473.79451522037294,332.6926385085064,167.74280786414226,450.9857309647422,678.9621185391359,51.86816146720539,813.4532815316813,395.2959588200725,703.4554418960462,525.4776067696979,630.5256463099585,536.7279513971911,70.9893533359497,696.7844862267568,386.9375078964024,154.03598509111248,84.19825157440654,608.5011221256466,421.1512477749914,608.7277159806083,585.7022425642062
9,1338.476298043206,650.3835050831988,683.44576324733,760.0353956754761,872.309895421923,15.61457077686359,224.54312844599312,555.8883193806269,240.69538877299271,0.0,266.01317196281866,374.7352032132806,863.1793647712269,703.0165999572794,171.1941574913473,549.3228982738092,564.7146330765516,744.8554574322004,593.9088835445493,351.1948468236474,159.61794374627965,297.2793127419696,332.2717240334775,518.4900866073821,808.0518929713957,599.8332513224067,669.739215424768,372.65464771206143,544.5893500972116,300.4768236203826,187.8015934431723,429.36559024954494,736.6125806157336,684.9293965799894,329.0428698492299,809.7809807309586,197.46905885879195,577.821139765538,897.3850646566077,14.767960911971723,101.04787757134926,121.45492981109746,724.8034578731223,748.2321481154169,576.8002703075429,502.5330253434448,213.02356481452432,589.8368895189716,835.1550044337959,424.6312418373773,499.0543270771063,579.3170102855446,736.5535724200253,652.7577955537914,442.5331180910435,237.67897931260688,913.9683826570772,447.6381400580531,838.1937085988754,410.1390522528104,516.2632232582076,682.7371618937105,361.6362759217116,284.1518653777112,511.37782142541374,508.8701185330139,485.630130869914,307.59845397479177,652.1265448056263,381.5107226390139,627.7599226401195,519.6581021276025,488.9847505022425,510.93776818619887,881.7064479195071,803.5007215605616,373.8360413528268,599.8332513224067,421.9269814734277,139.03431901044755,523.8600244644756,739.8070699514021,475.3800139679765,564.7146330765516,139.03431901044755,273.8167657748512,552.2240788327387,252.5706326420646,856.5893908743668,237.7170087504294,794.7561417227552,642.6474951574361,573.6633287676333,611.0839022962608,217.3425674296706,697.6924993040514,228.74701333536007,119.74783074616656,159.44700994984368,562.1038407158045,180.4692798417821,562.2640322439174,377.2666318369471
10,1314.1801490957564,650.5425375229165,661.3443935046324,739.9504018571147,919.1170998624534,262.4740422214882,320.1085414471189,414.4559515139884,489.70492386985217,266.01317196281866,0.0,281.70741763063285,927.3288667757544,821.1439525552679,386.9522908787658,779.2282297380581,783.8899878716638,725.3557162537991,495.4995206583768,196.91636527379836,382.6411263573372,322.2138595657419,88.52777727880121,478.2347605602964,707.285967093311,436.0272773774017,470.5985214853974,637.7771521466897,397.3197444566143,549.7089258760342,173.401873485548,502.6363092347558,641.7126578910505,736.1930610058444,586.3522625882359,852.3326252736965,435.67823140559454,401.0784890343139,930.441987131018,270.12707472487875,280.5220226723507,272.35586343960824,826.012388763108,774.7564731718609,689.9108463889786,245.2608276277469,477.0181565212651,429.8089559401385,732.8520098940393,302.66713414149734,737.7827292635878,669.9708443677749,612.4204767603501,713.2601281469413,668.6707017705263,175.95408534608296,960.9141918161256,354.0883188241284,908.5977798405548,173.87869270824515,505.7347432522742,514.2510336213386,275.5987939644543,225.44181191278997,258.11894825062865,741.9305707975964,732.8470031595228,540.6107326978732,668.7972389018859,431.1114480344461,536.2581490409108,419.683523936801,367.16522122235614,399.557611174016,935.6127359054208,809.146660651425,598.9234981332783,436.0272773774017,156.50606253666103,335.01116193547585,282.5189986259961,720.5085336239168,482.0169756768694,783.8899878716638,335.01116193547585,130.21935174536966,381.9669357451824,484.87027630336434,845.0762023613263,381.69959158675,841.547881349781,733.8489510330817,487.9961455563567,663.6568421541308,444.25053347886,657.7835935612383,169.6102510039438,338.496499612027,417.2200541473321,491.47765404360746,144.22846381791408,491.52371230774025,371.253488282343
11,1595.2565702206368,925.0341932769376,939.7959442281674,1018.7763766783931,1184.8167872793474,383.6546838445855,545.9875257309874,691.279264768998,607.5634485323452,374.7352032132806,281.70741763063285,0.0,1187.2860210708184,1055.6830552331792,367.8432931554668,919.1589357976916,937.7462235383824,1003.9934971661608,776.7158370336879,96.60105514628457,533.8959919616523,577.805858586508,355.08695264230874,756.8962728717833,986.5828340401716,705.6918207690907,719.8661659559498,696.6520608874707,673.3554417184531,664.4727848567278,190.6479302575628,750.9103206552905,922.1917502684212,998.2911952714078,681.6555131756958,1118.6705831278853,570.8645229778892,667.1977141806555,1200.2153208605905,366.69188015523554,453.07151456609887,278.1919981654824,1069.2306587337146,1044.723735541001,925.0866490353052,444.7405329087332,558.1989828814144,701.0477619958168,1011.7153861187784,584.213997929238,865.1040084564174,915.5412096871344,888.7381631454156,971.7908364670157,814.947351533399,440.26503445648353,1226.9386890525648,635.655807871628,1166.042701281027,216.86692388429788,779.8699269971787,778.8865917551091,555.2073207740701,90.60700893802864,465.3878953723489,877.8585200473818,845.1986520634232,680.0426338451086,939.8426889840508,685.3299252121577,817.623254456733,701.2619746543528,647.9470012662548,680.7371495938141,1199.1925925792832,1084.2684143912752,747.2640251851607,705.6918207690907,345.18557520667207,504.9414628936777,507.6073268426158,999.0807452666523,751.5844148757557,937.7462235383824,504.9414628936777,409.1545733022662,651.7163222872348,626.1660657252343,1123.4104184932817,286.12712850666946,1106.4656218096882,980.355524022478,769.6882524308638,924.0726484259984,591.9986576842293,938.2459918485232,431.46779264614,491.8436976856343,523.3758833512169,772.9541547435971,210.39692549430083,773.0048588298956,126.54415833408298
12,566.1773360876244,309.7340410493215,338.8240871626936,299.07059038472727,59.666842885638765,848.5475054818994,648.260361240645,663.2055828132679,750.1921288455176,863.1793647712269,927.3288667757544,1187.2860210708184,0.0,223.43905950925665,1002.7523043811694,641.1947855463558,591.7740882788923,303.09923168030105,556.7568494922042,1119.0364560232924,730.5001329120664,610.0103163827134,892.9090735697192,482.3398156412134,530.4941038773992,708.5665927445036,809.1740484233721,868.3606499870931,678.5403912698088,740.8593540176788,1006.801477634764,438.6729077349128,514.7424164981352,191.32548631642987,781.7132570051343,96.55539414690293,734.439520642799,741.6108369597247,109.14448164584952,877.0570301327476,763.2284205780245,984.2921391858832,172.005112705489,179.97221051325673,303.4639106408718,962.7807192792948,829.7474550026516,700.2107954669993,537.6004185471656,676.9183696283959,682.8956660735411,285.42104719845264,597.3665938064362,215.49604582918485,629.6827964508128,752.8973867375031,74.0497961688722,618.523704463729,30.810295621152804,1087.9418322309311,435.7149708219528,721.210204034907,666.4929182306012,1105.1841153520152,948.4528110085078,654.9893333250191,729.3070489443119,682.8815248623066,275.7655515295943,501.9562995845928,529.3033960270263,590.8824415940892,645.8838226455981,616.736358404532,38.08965119063493,208.85540159003705,640.476530782756,708.5665927445036,981.6081052154458,727.7010475291382,909.4558699069456,304.59265313009047,448.53405797191766,591.7740882788923,727.7010475291382,800.1453864511169,728.3236032810224,699.7189819279225,253.4758174111791,1095.4358086107388,96.65624545172096,225.7379821677765,537.1500887470835,263.93921253482887,704.2380890807719,376.4531412289893,760.5251660504239,753.5328604850632,798.5400986555941,511.67289962141496,980.7352051168068,511.81863786980017,1229.5708958481025
13,789.3541140095648,339.896523288399,394.583809691468,400.1372844893446,269.3329495601336,689.7850654781346,510.7746044486551,657.6283151226257,552.7005957413209,703.0165999572794,821.1439525552679,1055.6830552331792,223.43905950925665,0.0,823.5068344288011,417.78208083274046,368.5075643929866,395.3095247789239,569.6439050005573,999.994797202336,554.7976362096358,500.82129456605617,806.6443291354334,458.5794957841129,625.6775019154109,713.689996885309,823.6953828007763,653.6843817365738,668.3201205557939,534.5698750305991,867.2955380748301,321.2055865279183,585.682666176256,201.8730987263913,570.8396303733088,247.20670285152875,547.2348957787556,736.8688245838523,317.970915179839,715.6311898981904,608.6458965513042,823.724567303568,55.20789834975238,272.6385732222246,131.49781047763895,911.319828718434,633.2075004574301,702.9345664863491,641.2290924493169,627.0755931646498,460.0689940863639,159.60559757855845,658.993876111422,184.15479107688287,410.69647459852223,646.474663960293,296.6935079338724,575.4585200976621,192.6975420192,992.1045683043152,400.9795457744808,750.6852991848298,594.6367742843329,968.3725098732318,901.3011733524188,431.95316376901184,506.8810647630418,479.2096921764541,298.2194033024681,395.0936860454909,556.5850626821536,574.572641385148,618.161004639061,597.1382431380825,258.8769919901375,343.95302459159416,429.2835446798593,713.689996885309,906.8705482512172,563.9870903326085,870.8130716202159,393.8179858592869,389.6097259502278,368.5075643929866,563.9870903326085,704.6517865264049,716.9555089428471,505.0441761671094,410.8221381990684,923.4502447990064,229.77837936391856,109.26858197009932,542.1989640237215,221.11434910593383,517.327944814521,440.3581039983837,651.931052518942,585.7137354095338,612.0108952930226,511.3475353060153,845.3062225602171,511.569581518118,1079.335653795756
14,1498.4810023196944,812.2879776805792,848.6372816566526,923.907741730029,1017.7941121462512,186.0837680433567,387.2273015570781,724.3807117847239,287.3898307411981,171.1941574913473,386.9522908787658,367.8432931554668,1002.7523043811694,823.5068344288011,0.0,585.3887854786188,613.8742816872249,908.8195244487416,765.0720012150288,388.7460409355889,272.28860634083185,465.8622499914964,468.2676696565088,687.9759157102319,979.182081634976,765.9488150567269,829.3851551689561,332.3330089936097,712.3023408757837,332.532307293838,237.1051466103499,581.1689462925334,907.7144062812424,833.2370049490391,334.1356567127558,957.8540486028254,277.3244341721133,741.4609701451046,1046.774922583739,157.24932310973503,263.23866918422016,117.12452775289444,852.7412341352024,902.1873311051396,705.2812005419704,632.2066605003523,216.4014921881821,756.4010379794223,1006.2873083844212,593.216018332873,525.4083170436885,717.4193633526404,907.3390219264091,799.0437863943317,493.28898512180575,404.7264835107933,1058.6536450662536,618.4164055001279,975.9462779714532,486.2941568287401,682.5974987851887,848.9055539472008,531.7797611801493,290.75990293882074,644.7714801592425,543.4605666622584,497.2712189180423,367.6423027960506,810.551322894615,542.0371766276593,798.9342514795856,690.609952722386,658.5280220974583,681.367351448502,1024.5998740248665,961.6451381994028,434.3058171082045,765.9488150567269,539.3975884954041,280.9715213440583,665.434820920375,903.8020596372176,640.1850677577512,613.8742816872249,280.9715213440583,431.5201288301635,716.6896611841565,325.43974954701736,1017.7087475712,108.86689990795767,941.8032909491188,777.9132119123515,744.8354858048025,761.1987801260444,306.70699746961014,865.144048476861,395.24429590489,252.5321870969785,213.38704425700973,732.9781725152103,253.70561593704463,733.1416083512214,312.5183818114643
15,1207.0700507016306,651.7965475851958,710.913112172779,751.5237437282575,685.588732798585,543.7074042996665,487.8460914607509,834.8186809314673,311.6046284701924,549.3228982738092,779.2282297380581,919.1589357976916,641.1947855463558,417.78208083274046,585.3887854786188,0.0,50.73294637591591,741.1663517625537,792.6324244981491,900.259010801556,399.6419574868255,547.2627334417226,810.4451752257761,666.032308880652,934.4695672792956,895.551140447591,1001.7513093071684,296.076370485431,836.2650069551474,256.1430391034121,736.7957481004316,457.2634471352927,874.6182000500784,564.7554536458493,253.06015896354796,653.7076291377051,352.5213546272413,899.643205646727,732.6320246338036,555.0074643456074,499.6440303156905,643.1159617524268,470.73369206039,650.7384123520626,383.70266851542345,965.648384396468,369.8289518357082,883.2588405429364,956.855295883038,741.3155781272603,63.885073502638846,437.2683789767726,925.3847291541302,530.0744489845177,110.62095649135092,645.7957339089476,714.429645853424,715.5766727535332,610.4741479110326,945.6899382969992,616.9752328019562,961.2337027875352,679.2644285282558,829.601916150664,965.1085004142444,41.96028992167894,108.16174968938844,242.43390399584115,620.5512242092178,500.8303085921291,800.8911546324578,756.0031611164871,770.9082934680562,767.7384454004563,676.5372848719519,727.3202415302054,180.327943582281,895.551140447591,916.7781072443588,444.42275767407074,954.6778800191672,737.7566170281926,577.5269393848135,50.73294637591591,444.42275767407074,711.6644965293644,873.223815192759,298.5110053573744,797.2343265911386,694.0531845032147,635.1607038583679,456.6889403628606,761.8614952348021,530.3692106641888,337.48502361052005,751.90103856161,644.8515733554897,444.6403688350852,395.8019257262552,732.5732990680214,729.0842497660909,732.8298156981328,893.247217618994
16,1157.852005792545,613.9461337424149,673.4269926303937,710.9068022505659,636.970165827149,557.8450767040716,482.5867991630682,813.7888999986462,332.6926385085064,564.7146330765516,783.8899878716638,937.7462235383824,591.7740882788923,368.5075643929866,613.8742816872249,50.73294637591591,0.0,701.0304565474414,765.9384895916277,913.908732898835,410.1128517940884,535.2419500071551,809.7685088585442,638.8884366505007,899.7829563623474,874.731259908004,982.436103051346,338.788759632514,816.306055195559,281.52867933562635,752.4926918201783,430.7108203752864,841.6612423166114,521.1031082753162,286.6559152774737,606.6230684691388,367.3123506108649,881.0620810264348,684.4232049535075,571.548984332285,507.0468371232143,664.26589570469,421.91740699026775,606.6504237550031,341.3049917451527,960.6762038184634,397.4727896612165,862.4735689598187,921.546218194818,726.068721343294,108.18472037607438,396.3772325230228,895.3479752629474,487.170246448996,122.99653572522422,642.6037738166676,665.1961150506129,696.8538033096563,561.104426013042,953.0042201760432,587.8438052628217,937.8086773970656,666.2734936174614,847.5805916695773,958.9794938104924,80.38209359469519,155.46094199474152,257.7036937789504,581.2489198101249,479.821955882754,771.991482847628,733.3403596267707,751.721411770531,746.4775370710518,627.3793723950034,683.1883209915472,190.8913103943779,874.731259908004,916.725131091949,451.2989057387117,946.0167827652735,697.785843302992,550.2510439306996,0.0,451.2989057387117,708.9085911654607,855.0791997919728,312.14400159404624,753.0823256171811,722.7405773372977,588.1497066517222,411.83954552004576,735.0919149208603,490.36967424839617,348.7706230855504,715.362804620343,642.4608084770878,454.8391313619052,416.2509807008168,705.1802829482228,742.7462210116147,705.4372593296562,918.0566051539736
17,596.8998054304225,100.26802995563808,64.22816589510549,15.219127429449903,259.82919275993464,729.2409961944678,521.8004567078065,384.4796379685609,719.9081228484777,744.8554574322004,725.3557162537991,1003.9934971661608,303.09923168030105,395.3095247789239,908.8195244487416,741.1663517625537,701.0304565474414,0.0,273.540137650115,922.2318284946016,655.6143079468627,450.22500925274505,670.2814765973507,247.21246604359763,235.1335918893789,420.63612870604817,513.8135826878046,880.175022510416,402.0801453551966,735.3434227821666,844.1746592708421,343.9379896076015,211.73243738751776,194.20542620844583,786.5228347053817,206.83264417350935,682.3908488321566,458.0033659209744,243.04175945744288,759.6233857143942,646.399505705785,856.7522366121844,349.20595378197737,132.20492476010267,360.87963967702,703.1026562929165,788.675736162771,414.0267956875528,247.7482527420757,435.131539932323,759.8569667672654,304.6952931802627,294.2719757257096,220.20539771580792,683.9651104682684,567.0067909527039,291.7323300376073,377.2193017412759,306.03753002175495,865.239924052794,230.4998759580581,422.324984841765,449.7569560444607,932.9977212164356,685.8639465570164,737.5777491786234,797.4994442082909,677.0647088130952,121.4824813323417,367.4664615179434,239.0104020397118,327.4354159319432,386.40903694326585,353.18358184625646,286.35168431933164,102.60356411979298,662.6676310272563,420.63612870604817,741.9924918373473,631.1812747738654,641.8296004986645,5.061537682285171,269.485339261826,701.0304565474414,631.1812747738654,595.5908828784353,449.6484629242276,669.0341732878759,119.77862250120954,981.532853955607,211.06701878425977,302.5325146256257,262.1032623937048,210.81512860478443,655.625108358127,79.86800917037809,576.5565009033766,660.8871541398765,737.4578945343801,245.16746441165725,813.8734121125304,245.21670756386885,1071.7296752761224
18,827.2981371977829,249.1427971565045,220.90147531936552,284.85314894049134,523.7315561259892,579.2168133442904,402.4309796904587,110.99225095482122,657.9932219978683,593.9088835445493,495.4995206583768,776.7158370336879,556.7568494922042,569.6439050005573,765.0720012150288,792.6324244981491,765.9384895916277,273.540137650115,0.0,687.2617813631409,561.1631872238277,313.36007148925995,425.534919054165,127.10188338289622,217.1177505245685,151.8874671648895,256.7812264644415,836.8835829675355,128.91696853117855,694.2400734662442,642.032681204751,335.5301417742825,147.78178272507492,390.18891761277854,747.7652738290899,462.2118287619649,605.7194308457551,185.84657684033525,514.2592694934297,607.8390272258617,510.864455766622,685.9884605622204,541.3628904015355,377.0347032865956,475.9504740344829,432.6151930397933,706.9509769606477,143.48891076156423,243.91749007221725,193.1165502513761,789.050675635156,422.61868989970856,147.22638282038758,391.75207347108494,704.8033998284797,370.03845669854354,559.7184444645453,149.5432211945587,551.3150661586789,612.9400635563046,181.29812530077604,181.83409575322844,238.0870594148983,717.5681398985247,414.4620594482936,774.6788108754008,814.2010951682887,645.153390667735,288.0961180719524,299.6196981484428,41.31162611577952,77.46247578292714,129.14259170025136,95.97888049001206,548.1032362076693,374.7388227865002,658.8785151929739,151.8874671648895,481.5496716865935,519.3205126800568,369.22146284427953,269.865087304295,215.69660886846933,765.9384895916277,519.3205126800568,374.34176660314233,176.12249337963922,615.2202672519288,385.7624030527407,814.3893743501837,460.10392748045314,460.4388682346636,30.8501384329426,348.8722195270965,587.033246231879,193.9596676890417,380.2222710651727,547.6697617525562,643.4935118011426,61.65030821886209,609.9439890981296,61.3973708370433,862.3660221835838
19,1509.8007527266957,847.040383687374,858.2432622339248,936.8027637019902,1113.123075017731,356.59015405321395,489.69337319815855,598.6191009363921,591.5493584452167,351.1948468236474,196.91636527379836,96.60105514628457,1119.0364560232924,999.994797202336,388.7460409355889,900.259010801556,913.908732898835,922.2318284946016,687.2617813631409,0.0,504.1396598696728,509.6389123902816,262.68606988695603,675.1420936413459,894.7302281928581,610.922231257057,623.3040398617984,702.931003662881,580.4266654663223,650.855616853985,166.16234696863057,687.4532806997859,831.4677479450316,928.5213495423257,675.1498120811987,1046.5094007870618,547.8284178377393,571.9306595160341,1125.854048853926,346.6400382894076,412.8664999250783,281.0096872082873,1009.4950584203552,970.114209668747,868.5783831518524,348.93370251576147,553.4122142966769,606.6203880449602,919.5370832397684,496.0445690270091,850.1785976130307,854.1576874773517,795.4418118655882,903.9701409869296,792.5928085265849,366.4531696393881,1155.077187463329,549.4934349122481,1099.1801693783668,125.76746673588404,702.0409824518252,683.1953734638608,472.48427804752833,104.06773273852612,369.34999512578094,859.9831263227609,835.3504732198735,658.0652882661699,864.3948935006202,618.6425043043731,728.4022592402279,612.8750329016799,558.1496615168104,591.4324782535806,1128.8217854634293,1005.827726192124,723.2375448192433,610.922231257057,248.77161353807992,467.7145648382499,411.1139054806847,917.3914973344567,676.8348648830356,913.908732898835,467.7145648382499,327.02599257495285,557.1158021306032,602.4065439288562,1041.9665986842354,329.01407521413483,1035.175494374302,918.7490010436458,681.8254230041456,855.1036837702218,565.1412970815772,854.1596929571672,358.5794651556811,459.8623673870978,508.828963594302,686.8957313516046,171.24533646774285,686.9311840111943,215.7013818158772
20,1235.502215263839,556.3243201563055,599.1882869107923,670.3249978973317,746.4447805477089,150.27294517001053,159.41241714917172,553.5782271650772,114.90707746746982,159.61794374627965,382.6411263573372,533.8959919616523,730.5001329120664,554.7976362096358,272.28860634083185,399.6419574868255,410.1128517940884,655.6143079468627,561.1631872238277,504.1396598696728,0.0,248.4590936032453,424.86853595325726,459.7209553900622,761.4770373990949,607.402110862105,696.3787404748219,290.1744974585298,547.1898521401755,171.40941864697163,345.10666370207736,316.4319857865521,690.5295266150847,563.4343936847521,216.1327524096116,687.5095964973453,56.17970680691004,595.9098737141562,776.7675360483511,169.32597239072496,102.44423894187636,273.94324059214864,581.6390864335378,635.5642152330188,433.7227204052928,590.2763151319049,145.87743295192996,595.8688736721539,788.175870624372,429.94642936452885,355.4147493902598,445.24008656583067,708.3860892848305,528.5185410774228,290.08036259222075,276.45927087355835,787.0488023915719,431.6919193949862,703.6580372669856,546.3184651323925,440.3751569484221,686.9413825441083,360.8594199735832,443.2917220222606,593.8968476334975,360.9576625757931,350.815558178617,158.35647635390305,549.3006203402947,290.99196499671973,587.6874132982647,496.3776060327582,483.1998078388551,495.7208459676968,752.6823597816373,698.6878567184623,220.1739127454705,607.402110862105,527.8293620045495,52.83638613180998,593.9327728622236,650.7261848173848,394.8369860429533,410.1128517940884,52.83638613180998,336.3656176490259,568.5890819415937,102.31278567183672,758.2956449744602,368.82188389011566,671.1037757854676,505.6409149616855,535.3406453805363,492.79750018858414,62.189083161781085,622.327001683031,272.0491667285181,44.99929353000599,83.76522757984615,516.0741465941353,333.255166730088,516.2843258527018,533.4500632208868
