,0,1,2,3,4,5,6,7,8,9,10,11,12,13,14,15,16,17,18,19,20,21,22,23,24,25,26,27,28,29,30,31,32,33,34,35,36,37,38,39,40,41,42,43,44,45,46,47,48,49,50,51,52,53,54,55,56,57,58,59,60,61,62,63,64,65,66,67,68,69,70,71,72,73,74,75,76,77,78,79,80,81,82,83,84,85,86,87,88,89,90,91,92,93,94,95,96,97,98,99,100,101,102
0,0.0,1084.5,1426.9,448.3,566.8,733.0,937.4,1373.7,952.1,514.6,535.0,883.0,658.9,1346.9,891.7,1280.7,1387.3,1068.0,673.6,987.3,1181.4,850.7,653.5,881.2,1507.6,677.4,1439.9,1138.1,1447.7,419.7,591.5,864.7,1145.5,1515.0,1114.7,1153.6,1396.7,847.0,1514.4,1180.4,974.2,1113.7,783.9,1234.5,865.4,666.0,682.5,796.0,882.5,1246.0,667.3,1062.1,1447.7,818.2,501.5,1093.2,656.2,1156.7,682.1,1268.8,1209.4,553.3,1138.2,1020.3,864.2,1091.8,1532.5,854.8,849.7,1031.1,862.2,653.1,1367.3,860.9,1117.4,1209.5,854.8,1521.3,844.5,787.6,684.7,1507.6,1432.1,1314.2,722.2,865.5,563.6,1407.8,1081.3,901.2,1063.0,1511.8,1370.7,828.2,983.7,915.7,1417.1,965.2,659.4,1145.4,663.6,721.3,1513.9
1,1084.5,0.0,342.4,779.4,849.1,609.1,743.6,699.2,216.9,654.4,549.5,425.0,797.0,262.4,639.2,740.1,425.6,125.6,495.4,127.8,499.6,535.0,504.3,814.1,423.1,625.2,355.4,283.3,363.2,719.0,770.2,587.0,264.7,430.5,233.9,527.4,676.2,538.7,429.9,242.7,381.8,379.8,716.8,224.8,276.1,1009.1,528.3,831.7,257.8,705.4,604.3,22.4,363.2,418.5,860.2,108.8,719.6,524.3,820.2,307.1,668.8,956.0,283.2,726.9,438.4,7.3,448.0,661.1,536.0,53.4,377.4,618.5,282.8,583.2,236.6,248.6,530.9,436.8,566.8,433.0,822.8,423.1,347.6,229.7,905.5,240.8,605.4,323.3,65.6,779.8,182.2,427.3,830.1,408.5,188.8,635.2,640.3,898.1,509.6,264.6,727.0,620.8,429.4
2,1426.9,342.4,0.0,1049.8,1116.1,876.1,901.4,541.3,487.3,924.8,891.9,695.4,1064.0,95.1,902.2,618.8,548.2,396.0,765.8,470.2,657.4,798.0,801.3,1081.1,335.4,895.6,13.0,553.7,70.0,1019.7,1037.2,821.4,535.1,139.9,504.3,685.2,518.3,801.7,197.3,400.5,642.0,537.6,983.8,382.6,618.5,1220.2,798.7,1098.7,600.2,653.5,874.7,364.8,70.0,688.9,1127.2,379.2,990.0,682.1,1087.2,473.4,705.6,1223.0,553.6,884.7,708.8,335.1,232.4,924.1,799.0,395.8,647.8,888.9,91.4,846.2,507.0,406.4,793.9,146.2,829.8,703.4,1089.8,335.4,212.5,222.3,1116.6,583.2,875.8,152.1,408.0,937.6,452.6,136.7,696.5,678.9,459.2,850.9,482.4,1063.7,780.0,535.0,997.4,887.8,271.5
3,448.3,779.4,1049.8,0.0,395.3,516.0,765.9,1178.1,562.5,125.0,337.2,636.5,487.4,969.8,674.7,1085.1,1098.9,678.4,284.0,728.3,965.6,633.7,407.1,664.2,1130.5,422.3,1062.8,772.8,1070.6,167.7,420.0,647.7,755.9,1137.9,725.1,952.4,1201.1,630.0,1137.3,950.1,735.4,884.0,566.9,932.2,667.6,494.5,292.9,624.5,684.7,1050.4,277.7,773.7,1070.6,428.6,330.0,703.6,370.9,955.5,510.6,980.4,1013.8,381.8,772.7,848.8,539.3,772.1,1155.4,637.8,632.7,742.7,472.6,263.5,990.2,643.9,727.8,956.0,637.8,1144.2,627.5,398.0,513.2,1130.5,1055.0,937.1,550.7,667.7,174.0,1030.7,792.9,729.7,673.4,1134.7,1175.1,438.6,594.1,698.7,1221.5,748.2,269.8,755.8,378.3,504.3,1136.8
4,566.8,849.1,1116.1,395.3,0.0,253.0,545.2,915.1,674.8,446.6,690.8,427.4,146.3,1036.1,411.7,822.1,1208.0,748.1,449.2,837.4,717.2,370.7,572.3,379.6,1196.8,264.9,1129.1,682.5,1136.9,541.5,78.9,384.7,704.2,1204.2,734.8,689.4,938.1,367.0,1203.6,724.8,518.6,658.1,282.3,778.9,857.5,273.8,458.1,397.2,874.6,787.4,345.5,871.5,1136.9,517.7,65.3,773.3,243.7,692.5,169.5,1089.5,750.8,161.1,682.6,628.1,418.0,841.8,1216.2,374.8,369.7,851.8,561.0,331.3,1056.5,380.9,732.3,753.9,374.8,1210.5,364.5,509.7,172.1,1196.8,1121.3,1003.4,330.0,857.6,397.6,1097.0,902.0,509.0,686.9,1201.0,912.1,527.7,706.4,435.7,958.5,463.6,435.0,704.3,251.1,241.3,1169.4
5,733.0,609.1,876.1,516.0,253.0,0.0,402.9,662.1,434.8,456.7,508.5,187.4,200.9,796.1,158.7,569.1,968.0,508.1,308.5,597.4,464.2,117.7,390.0,218.0,956.8,159.4,889.1,442.5,896.9,551.6,174.1,131.7,464.2,964.2,494.8,436.4,685.1,114.0,963.6,484.8,278.6,418.1,120.7,538.9,675.2,413.0,341.4,235.6,670.2,534.4,311.8,631.5,896.9,277.7,264.1,533.3,253.8,439.5,224.1,849.5,497.8,359.9,442.6,485.8,178.0,601.8,963.2,121.8,116.7,611.8,321.0,326.0,816.5,127.9,492.3,513.9,121.8,970.5,111.5,269.7,226.7,956.8,881.3,763.4,309.4,653.2,407.7,857.0,662.0,409.1,446.9,961.0,659.1,287.7,466.4,182.7,705.5,302.0,322.7,464.3,261.2,11.7,916.4
6,937.4,743.6,901.4,765.9,545.2,402.9,0.0,436.3,697.8,792.4,844.2,576.4,512.4,821.4,559.1,343.3,1075.0,656.0,644.2,745.3,244.0,492.9,725.7,240.9,884.2,495.1,914.4,539.4,922.2,887.3,485.6,440.9,561.1,822.2,591.7,216.2,459.3,489.2,772.5,510.1,509.6,393.2,282.2,564.2,893.6,318.8,677.1,216.4,875.3,308.6,647.5,766.0,922.2,667.6,479.9,681.2,589.5,219.3,535.6,956.5,272.0,384.1,539.5,82.9,567.9,736.3,737.4,524.7,491.9,759.7,710.9,661.7,841.8,503.1,589.2,539.2,497.0,867.9,486.7,659.6,538.2,884.2,819.8,788.7,215.2,858.3,743.4,871.4,809.2,36.2,574.8,914.0,433.3,677.6,669.7,411.9,479.7,162.3,658.4,561.2,596.9,391.2,690.6
7,1373.7,699.2,541.3,1178.1,915.1,662.1,436.3,0.0,787.3,1118.8,1170.6,665.9,863.0,531.2,648.6,272.6,676.2,745.5,970.6,827.0,333.5,582.4,1052.1,677.2,463.4,821.5,554.3,628.9,504.5,1213.7,836.2,530.4,650.6,401.4,681.2,305.7,23.0,578.7,351.7,599.6,599.1,482.7,718.5,653.7,975.3,755.1,1003.5,652.7,957.0,237.9,973.9,721.6,504.5,879.0,916.2,736.0,915.9,308.8,886.2,760.7,164.3,820.4,629.0,419.6,754.8,691.9,316.6,670.5,581.4,752.6,840.3,988.1,583.5,592.6,678.7,628.7,586.5,447.1,576.2,890.8,888.8,463.4,399.0,572.7,651.5,940.0,1069.8,450.6,764.8,472.5,664.3,493.2,155.2,869.0,759.2,501.4,267.5,598.6,984.8,650.7,923.3,673.8,269.8
8,952.1,216.9,487.3,562.5,674.8,434.8,697.8,787.3,0.0,437.5,432.5,250.7,622.7,407.3,464.9,694.3,536.4,115.9,278.5,165.8,453.8,360.7,314.0,639.8,568.0,450.9,500.3,224.1,508.1,532.4,595.9,412.7,205.5,575.4,174.7,481.6,810.3,364.4,574.8,387.6,207.5,372.2,542.5,369.7,270.9,834.8,311.4,657.4,252.6,659.6,387.4,211.2,508.1,201.6,685.9,141.1,518.1,478.5,645.9,417.9,623.0,781.7,224.0,681.1,264.1,209.6,592.9,486.8,361.7,180.2,160.5,401.6,427.7,408.9,177.4,393.5,356.6,581.7,392.5,216.1,648.5,568.0,492.5,374.6,731.2,235.6,388.5,468.2,230.4,734.0,123.0,572.2,784.3,191.6,31.6,461.2,785.2,723.8,292.7,205.4,525.5,446.5,574.3
9,514.6,654.4,924.8,125.0,446.6,456.7,792.4,1118.8,437.5,0.0,264.4,511.5,468.7,844.8,615.4,1025.8,973.9,553.4,159.0,603.3,840.6,574.4,282.1,607.5,1005.5,297.3,937.8,647.8,945.6,94.9,401.3,588.4,630.9,1012.9,600.1,868.4,1141.8,570.7,1012.3,825.1,610.4,759.0,510.2,807.2,567.3,619.5,167.9,625.1,584.4,991.1,152.7,648.7,945.6,303.6,455.0,578.6,245.9,865.3,491.9,855.4,954.5,506.8,647.7,875.3,414.3,647.1,1030.4,578.5,573.4,617.7,347.6,138.5,865.2,584.6,602.8,831.0,573.5,1019.2,568.2,273.0,494.5,1005.5,930.0,812.1,675.7,567.4,49.0,905.7,667.9,798.6,548.4,1009.7,1115.8,313.6,469.1,639.4,1162.2,691.5,144.8,630.8,253.3,445.0,1011.8
10,535.0,549.5,891.9,337.2,690.8,508.5,844.2,1170.6,432.5,264.4,0.0,541.5,642.2,811.9,667.2,1077.6,852.3,548.4,241.6,452.3,883.1,624.0,118.5,659.3,972.6,452.5,904.9,654.9,912.7,169.5,615.4,640.2,638.0,980.0,607.2,910.9,1193.6,622.5,979.4,792.2,620.7,801.5,562.0,774.3,330.4,831.7,274.5,676.9,347.5,1042.9,350.5,527.1,912.7,332.7,667.2,573.6,490.1,907.8,665.4,733.8,1006.3,719.0,654.8,927.1,455.2,556.8,997.5,630.3,625.0,496.1,367.1,364.7,832.3,636.4,609.9,798.1,619.9,986.3,620.0,302.1,668.0,972.6,897.1,779.2,750.7,330.5,313.4,872.8,546.3,850.4,555.5,976.8,1167.6,341.7,464.1,691.2,1189.8,743.3,255.8,637.9,497.5,496.8,978.9
11,883.0,425.0,695.4,636.5,427.4,187.4,576.4,665.9,250.7,511.5,541.5,0.0,375.3,615.4,214.2,572.9,783.9,324.0,355.5,413.3,341.6,110.0,423.0,392.4,776.1,231.0,708.4,271.1,716.2,606.4,348.5,162.0,292.8,783.5,314.5,369.4,688.9,113.7,782.9,326.7,107.2,260.0,295.1,380.8,504.4,587.4,388.4,410.0,486.1,538.2,358.8,447.4,716.2,213.1,438.5,349.2,325.4,366.3,398.5,665.4,501.6,534.3,271.2,559.7,97.2,417.7,801.0,236.1,111.0,427.7,174.4,373.0,635.8,158.2,317.2,355.8,105.9,789.8,141.8,243.7,401.1,776.1,700.6,582.7,483.8,469.1,462.5,676.3,477.9,583.5,262.8,780.3,662.9,203.1,282.3,213.0,709.3,476.4,369.7,292.9,332.8,199.1,782.4
12,658.9,797.0,1064.0,487.4,146.3,200.9,512.4,863.0,622.7,468.7,642.2,375.3,0.0,984.0,359.6,770.0,1155.9,696.0,442.2,785.3,665.1,318.6,523.7,327.5,1144.7,287.0,1077.0,630.4,1084.8,563.6,67.4,332.6,652.1,1152.1,682.7,637.3,886.0,314.9,1151.5,672.7,466.5,606.0,230.2,726.8,808.9,365.9,475.1,345.1,826.0,735.3,367.6,819.4,1084.8,465.6,157.4,721.2,265.8,640.4,23.2,1037.4,698.7,253.2,630.5,595.3,365.9,789.7,1164.1,322.7,317.6,799.7,508.9,353.4,1004.4,328.8,680.2,701.8,322.7,1158.4,312.4,457.6,38.0,1144.7,1069.2,951.3,418.9,809.0,419.7,1044.9,849.9,518.6,634.8,1148.9,860.0,475.6,654.3,383.6,906.4,411.5,456.4,652.2,273.2,189.2,1117.3
13,1346.9,262.4,95.1,969.8,1036.1,796.1,821.4,531.2,407.3,844.8,811.9,615.4,984.0,0.0,822.2,608.7,467.9,316.0,685.8,390.2,577.4,718.0,721.3,1001.1,255.1,815.6,108.1,473.7,115.9,939.7,957.2,741.4,455.1,185.8,424.3,605.2,508.2,721.7,243.2,320.5,562.0,457.6,903.8,302.6,538.5,1140.2,718.7,1018.7,520.2,643.4,794.7,284.8,115.9,608.9,1047.2,299.2,910.0,602.1,1007.2,387.0,695.5,1143.0,473.6,804.7,628.8,255.1,278.3,844.1,719.0,315.8,567.8,808.9,87.5,766.2,427.0,326.4,713.9,192.1,749.8,623.4,1009.8,255.1,179.6,135.9,1036.6,503.2,795.8,155.3,328.0,857.6,372.6,182.6,686.4,598.9,379.2,770.9,472.3,983.7,700.0,455.0,917.4,807.8,261.4
14,891.7,639.2,902.2,674.7,411.7,158.7,559.1,648.6,464.9,615.4,667.2,214.2,359.6,822.2,0.0,555.6,998.1,538.2,467.2,627.5,450.7,104.2,548.7,376.7,982.9,318.1,915.2,468.9,923.0,710.3,332.8,118.2,490.6,990.3,521.2,422.9,671.6,100.5,984.8,510.9,305.0,444.2,279.4,565.0,718.6,571.7,500.1,394.3,700.3,520.9,470.5,661.6,923.0,406.2,422.8,563.4,412.5,426.0,382.8,879.6,484.3,518.6,469.0,542.4,303.1,631.9,949.7,36.9,103.2,641.9,388.6,484.7,842.6,56.0,518.7,540.0,108.3,996.6,72.4,398.2,385.4,982.9,907.4,789.5,468.1,683.3,566.4,883.1,692.1,567.8,477.0,987.1,645.6,416.2,496.5,169.2,692.0,460.7,481.4,490.7,419.9,170.4,902.9
15,1280.7,740.1,618.8,1085.1,822.1,569.1,343.3,272.6,694.3,1025.8,1077.6,572.9,770.0,608.7,555.6,0.0,753.7,652.5,877.6,741.8,240.5,489.4,959.1,584.2,540.9,728.5,631.8,535.9,582.0,1120.7,743.2,437.4,557.6,478.9,588.2,212.7,295.6,485.7,429.2,506.6,506.1,389.7,625.5,560.7,890.1,662.1,910.5,559.7,871.8,34.7,880.9,762.5,582.0,786.0,823.2,677.7,822.9,215.8,793.2,838.2,108.3,727.4,536.0,326.6,661.8,732.8,394.1,577.5,488.4,756.2,747.3,895.1,661.0,499.6,585.7,535.7,493.5,524.6,483.2,797.8,795.8,540.9,476.5,650.2,558.5,854.8,976.8,528.1,805.7,379.5,571.3,570.7,269.6,776.0,666.2,408.4,136.4,505.6,891.8,557.7,830.3,580.8,347.3
16,1387.3,425.6,548.2,1098.9,1208.0,968.0,1075.0,676.2,536.4,973.9,852.3,783.9,1155.9,467.9,998.1,753.7,0.0,530.9,814.9,411.6,831.0,893.9,807.1,1173.0,212.8,984.1,561.2,642.2,511.4,1021.8,1129.1,945.9,623.6,483.6,592.8,858.8,653.2,897.6,460.1,574.1,740.7,711.2,1075.7,556.2,578.9,1368.0,847.8,1190.6,560.6,788.4,923.8,407.2,511.4,738.0,1219.1,534.4,1054.5,855.7,1179.1,118.5,840.5,1314.9,642.1,1058.3,797.3,432.9,425.0,1020.0,894.9,414.2,696.9,938.0,532.3,942.1,595.5,580.0,889.8,509.6,925.7,752.5,1181.7,212.8,335.7,437.0,1264.4,543.6,924.9,396.1,364.0,1111.2,541.1,500.1,831.4,728.0,508.3,994.1,617.3,1237.3,829.1,623.5,1061.9,979.7,406.4
17,1068.0,125.6,396.0,678.4,748.1,508.1,656.0,745.5,115.9,553.4,548.4,324.0,696.0,316.0,538.2,652.5,530.9,0.0,394.4,160.3,412.0,434.0,429.9,713.1,476.7,524.2,409.0,182.3,416.8,648.3,669.2,486.0,163.7,484.1,132.9,439.8,729.8,437.7,483.5,296.3,280.8,330.4,615.8,278.4,308.6,908.1,427.3,730.7,290.3,617.8,503.3,148.0,416.8,317.5,759.2,49.8,618.6,436.7,719.2,412.4,581.2,855.0,182.2,639.3,337.4,118.3,501.6,560.1,435.0,174.7,276.4,517.5,336.4,482.2,135.6,302.2,429.9,490.4,465.8,332.0,721.8,476.7,401.2,283.3,804.5,273.3,504.4,376.9,191.2,692.2,81.2,480.9,742.5,307.5,87.8,534.2,693.9,797.1,408.6,163.6,626.0,519.8,483.0
18,673.6,495.4,765.8,284.0,449.2,308.5,644.2,970.6,278.5,159.0,241.6,355.5,442.2,685.8,467.2,877.6,814.9,394.4,0.0,444.3,688.8,426.2,123.1,459.3,846.5,252.5,778.8,488.8,786.6,253.9,403.9,440.2,471.9,853.9,441.1,716.6,993.6,422.5,853.3,666.1,454.4,607.2,362.0,648.2,408.3,654.3,32.9,476.9,425.4,842.9,150.5,489.7,786.6,144.6,460.3,419.6,248.5,713.5,465.4,696.4,806.3,556.1,488.7,727.1,258.3,488.1,871.4,430.3,425.2,458.7,188.6,141.1,706.2,436.4,443.8,672.0,422.9,860.2,420.0,114.0,468.0,846.5,771.0,653.1,550.7,408.4,110.0,746.7,508.9,650.4,389.4,850.7,967.6,154.6,310.1,491.2,1014.0,543.3,14.2,471.8,255.9,296.8,852.8
19,987.3,127.8,470.2,728.3,837.4,597.4,745.3,827.0,165.8,603.3,452.3,413.3,785.3,390.2,627.5,741.8,411.6,160.3,444.3,0.0,501.3,523.3,407.1,802.4,550.9,613.5,483.2,271.6,491.0,621.8,758.5,575.3,253.0,558.3,222.2,529.1,804.0,527.0,557.7,370.5,370.1,419.7,705.1,352.6,178.9,997.4,477.2,820.0,160.6,707.1,553.2,105.4,491.0,367.4,848.5,185.5,683.9,526.0,808.5,293.1,670.5,944.3,271.5,728.6,426.7,135.1,575.8,649.4,524.3,74.4,326.3,567.4,410.6,571.5,224.9,376.4,519.2,564.6,555.1,381.9,811.1,550.9,475.4,357.5,893.8,143.6,554.3,451.1,124.6,781.5,170.5,555.1,831.8,357.4,137.7,623.5,768.1,886.4,458.5,252.9,691.3,609.1,557.2
20,1181.4,499.6,657.4,965.6,717.2,464.2,244.0,333.5,453.8,840.6,883.1,341.6,665.1,577.4,450.7,240.5,831.0,412.0,688.8,501.3,0.0,384.5,764.6,484.9,738.1,543.3,670.4,295.4,678.2,935.5,638.3,332.5,317.1,719.4,347.7,27.8,356.5,380.8,669.7,266.1,265.6,149.2,526.2,320.2,649.6,562.8,721.7,460.4,631.3,205.8,692.1,522.0,678.2,554.7,723.9,437.2,637.7,24.7,688.3,712.5,169.2,628.1,295.5,227.3,430.5,492.3,634.6,472.6,383.5,515.7,516.0,706.3,597.8,394.7,345.2,295.2,388.6,751.8,378.3,583.8,690.9,738.1,662.6,544.7,459.2,614.3,791.6,638.3,565.2,280.2,330.8,742.3,330.5,544.7,425.7,303.5,376.9,406.3,703.0,317.2,645.1,475.9,587.8
21,850.7,535.0,798.0,633.7,370.7,117.7,492.9,582.4,360.7,574.4,624.0,110.0,318.6,718.0,104.2,489.4,893.9,434.0,426.2,523.3,384.5,0.0,505.5,335.7,878.7,277.1,811.0,364.7,818.8,669.3,291.8,52.0,386.4,886.1,417.0,356.7,605.4,3.7,885.5,406.7,200.8,340.0,238.4,460.8,614.4,530.7,459.1,353.3,596.1,454.7,429.5,557.4,818.8,323.1,381.8,459.2,371.5,359.8,341.8,775.4,418.1,477.6,364.8,476.2,198.9,527.7,883.5,126.1,1.0,537.7,284.4,443.7,738.4,48.2,414.5,435.8,4.1,892.4,31.8,333.8,344.4,878.7,803.2,685.3,427.1,579.1,525.4,778.9,587.9,526.8,372.8,882.9,579.4,313.1,392.3,103.0,625.8,419.7,440.4,386.5,378.9,129.4,836.7
22,653.5,504.3,801.3,407.1,572.3,390.0,725.7,1052.1,314.0,282.1,118.5,423.0,523.7,721.3,548.7,959.1,807.1,429.9,123.1,407.1,764.6,505.5,0.0,540.8,882.0,334.0,814.3,536.4,822.1,288.0,496.9,521.7,519.5,889.4,488.7,792.4,1075.1,504.0,888.8,701.6,502.2,683.0,443.5,683.7,285.2,735.8,156.0,558.4,302.3,924.4,232.0,481.9,822.1,214.2,583.4,455.1,371.6,789.3,546.9,688.6,887.8,679.2,536.3,808.6,336.7,511.6,906.9,511.8,506.5,450.9,248.6,246.2,741.7,517.9,491.4,707.5,501.4,895.7,501.5,183.6,549.5,882.0,806.5,688.6,632.2,285.3,233.1,782.2,501.1,731.9,437.0,886.2,1049.1,223.2,345.6,572.7,1095.5,624.8,137.3,519.4,379.0,378.3,888.3
23,881.2,814.1,1081.1,664.2,379.6,218.0,240.9,677.2,639.8,607.5,659.3,392.4,327.5,1001.1,376.7,584.2,1173.0,713.1,459.3,802.4,484.9,335.7,540.8,0.0,1125.1,310.2,1094.1,647.5,1101.9,702.4,300.7,349.7,669.2,1063.1,699.8,457.1,700.2,332.0,1013.4,689.8,483.6,623.1,97.3,743.9,826.0,279.0,492.2,101.6,843.1,549.5,462.6,836.5,1101.9,482.7,390.7,738.3,404.6,460.2,350.7,1054.5,512.9,344.3,647.6,323.8,383.0,806.8,978.3,339.8,334.7,816.8,526.0,476.8,1021.5,345.9,697.3,718.9,339.8,1108.8,329.5,474.7,353.3,1125.1,1060.7,968.4,175.4,826.1,558.5,1062.0,867.0,247.1,651.9,1154.9,674.2,492.7,671.4,400.7,720.6,140.0,473.5,669.3,412.0,206.3,931.5
24,1507.6,423.1,335.4,1130.5,1196.8,956.8,884.2,463.4,568.0,1005.5,972.6,776.1,1144.7,255.1,982.9,540.9,212.8,476.7,846.5,550.9,738.1,878.7,882.0,1125.1,0.0,976.3,348.4,634.4,298.6,1100.4,1117.9,902.1,615.8,270.8,585.0,753.6,440.4,882.4,247.3,481.2,722.7,618.3,1064.5,463.3,699.2,1203.0,879.4,1100.6,680.9,575.6,955.4,445.5,298.6,769.6,1207.9,459.9,1070.7,756.7,1167.9,297.3,627.7,1268.3,634.3,867.5,789.5,415.8,212.2,1004.8,879.7,476.5,728.5,969.6,342.6,926.9,587.7,487.1,874.6,296.8,910.5,784.1,1170.5,0.0,122.9,296.6,1099.4,663.9,956.5,183.3,488.7,920.4,533.3,287.3,618.6,759.6,539.9,931.6,404.5,1046.5,860.7,615.7,1078.1,968.5,193.6
25,677.4,625.2,895.6,422.3,264.9,159.4,495.1,821.5,450.9,297.3,452.5,231.0,287.0,815.6,318.1,728.5,984.1,524.2,252.5,613.5,543.3,277.1,334.0,310.2,976.3,0.0,908.6,486.1,916.4,392.2,219.6,291.1,507.8,983.7,514.7,571.1,844.5,273.4,983.1,528.4,322.2,461.7,212.9,582.5,619.2,484.5,285.4,327.8,636.3,693.8,196.2,647.6,916.4,277.3,276.0,549.4,94.4,568.0,310.2,865.6,657.2,371.8,486.2,578.0,186.8,617.9,1001.2,281.2,276.1,627.9,320.7,182.0,836.0,287.3,517.4,557.5,276.2,990.0,270.9,269.3,312.8,976.3,900.8,782.9,401.6,619.3,248.3,876.5,678.1,501.3,463.0,980.5,818.5,287.3,482.5,342.1,864.9,394.2,266.7,507.9,101.8,147.7,982.6
26,1439.9,355.4,13.0,1062.8,1129.1,889.1,914.4,554.3,500.3,937.8,904.9,708.4,1077.0,108.1,915.2,631.8,561.2,409.0,778.8,483.2,670.4,811.0,814.3,1094.1,348.4,908.6,0.0,566.7,83.0,1032.7,1050.2,834.4,548.1,152.9,517.3,698.2,531.3,814.7,210.3,413.5,655.0,550.6,996.8,395.6,631.5,1233.2,811.7,1111.7,613.2,666.5,887.7,377.8,83.0,701.9,1140.2,392.2,1003.0,695.1,1100.2,486.4,718.6,1236.0,566.6,897.7,721.8,348.1,245.4,937.1,812.0,408.8,660.8,901.9,104.4,859.2,520.0,419.4,806.9,159.2,842.8,716.4,1102.8,348.4,225.5,235.3,1129.6,596.2,888.8,165.1,421.0,950.6,465.6,149.7,709.5,691.9,472.2,863.9,495.4,1076.7,793.0,548.0,1010.4,900.8,284.5
27,1138.1,283.3,553.7,772.8,682.5,442.5,539.4,628.9,224.1,647.8,654.9,271.1,630.4,473.7,468.9,535.9,642.2,182.3,488.8,271.6,295.4,364.7,536.4,647.5,634.4,486.1,566.7,0.0,574.5,742.7,603.6,388.1,21.7,641.8,52.5,323.2,651.9,368.4,641.2,280.5,166.3,213.8,550.2,334.6,419.9,842.5,521.7,665.1,401.6,501.2,597.7,305.7,574.5,410.9,693.6,207.5,580.5,320.1,653.6,523.7,464.6,789.4,0.1,522.7,360.0,276.0,659.3,490.8,365.7,286.0,369.8,611.9,494.1,412.9,49.8,309.6,360.6,648.1,396.5,425.4,656.2,634.4,558.9,441.0,738.9,384.6,598.8,534.6,336.2,575.6,101.1,638.6,625.9,400.9,196.0,417.6,672.3,701.7,503.0,21.8,587.9,454.2,640.7
28,1447.7,363.2,70.0,1070.6,1136.9,896.9,922.2,504.5,508.1,945.6,912.7,716.2,1084.8,115.9,923.0,582.0,511.4,416.8,786.6,491.0,678.2,818.8,822.1,1101.9,298.6,916.4,83.0,574.5,0.0,1040.5,1058.0,842.2,555.9,103.1,525.1,706.0,481.5,822.5,160.5,421.3,662.8,558.4,1004.6,403.4,639.3,1241.0,819.5,1119.5,621.0,616.7,895.5,385.6,0.0,709.7,1148.0,400.0,1010.8,702.9,1108.0,494.2,668.8,1243.8,574.4,905.5,729.6,355.9,195.6,944.9,819.8,416.6,668.6,909.7,112.2,867.0,527.8,427.2,814.7,109.4,850.6,724.2,1110.6,298.6,175.7,243.1,1137.4,604.0,896.6,115.3,428.8,958.4,473.4,99.9,659.7,699.7,480.0,871.7,445.6,1084.5,800.8,555.8,1018.2,908.6,234.7
29,419.7,719.0,1019.7,167.7,541.5,551.6,887.3,1213.7,532.4,94.9,169.5,606.4,563.6,939.7,710.3,1120.7,1021.8,648.3,253.9,621.8,935.5,669.3,288.0,702.4,1100.4,392.2,1032.7,742.7,1040.5,0.0,496.2,683.3,725.8,1107.8,695.0,963.3,1236.7,665.6,1107.2,920.0,705.3,853.9,605.1,902.1,499.9,662.2,262.8,720.0,517.0,1086.0,247.6,696.6,1040.5,398.5,497.7,673.5,340.8,960.2,586.8,903.3,1049.4,549.5,742.6,970.2,509.2,726.3,1125.3,673.4,668.3,665.6,442.5,233.4,960.1,679.5,697.7,925.9,668.4,1114.1,663.1,367.9,589.4,1100.4,1024.9,907.0,718.4,500.0,143.9,1000.6,715.8,893.5,643.3,1104.6,1210.7,408.5,564.0,734.3,1257.1,786.4,239.7,725.7,348.2,539.9,1106.7
30,591.5,770.2,1037.2,420.0,78.9,174.1,485.6,836.2,595.9,401.3,615.4,348.5,67.4,957.2,332.8,743.2,1129.1,669.2,403.9,758.5,638.3,291.8,496.9,300.7,1117.9,219.6,1050.2,603.6,1058.0,496.2,0.0,305.8,625.3,1125.3,655.9,610.5,859.2,288.1,1124.7,645.9,439.7,579.2,203.4,700.0,782.1,298.5,412.8,318.3,799.2,708.5,300.2,792.6,1058.0,438.8,90.0,694.4,198.4,613.6,90.6,1010.6,671.9,185.8,603.7,568.5,339.1,762.9,1137.3,295.9,290.8,772.9,482.1,286.0,977.6,302.0,653.4,675.0,295.9,1131.6,285.6,430.8,93.2,1117.9,1042.4,924.5,354.7,782.2,352.3,1018.1,823.1,491.8,608.0,1122.1,833.2,448.8,627.5,356.8,879.6,384.7,389.7,625.4,205.8,162.4,1090.5
31,864.7,587.0,821.4,647.7,384.7,131.7,440.9,530.4,412.7,588.4,640.2,162.0,332.6,741.4,118.2,437.4,945.9,486.0,440.2,575.3,332.5,52.0,521.7,349.7,902.1,291.1,834.4,388.1,842.2,683.3,305.8,0.0,409.8,909.5,440.4,304.7,553.4,48.3,866.6,430.1,224.2,363.4,252.4,484.2,666.4,544.7,473.1,367.3,648.1,402.7,443.5,609.4,842.2,375.1,395.8,511.2,385.5,307.8,355.8,827.4,366.1,491.6,388.2,424.2,250.9,579.7,831.5,140.1,51.0,589.7,336.4,457.7,761.8,62.2,437.9,459.2,56.1,915.8,45.8,371.2,358.4,902.1,826.6,708.7,441.1,631.1,539.4,802.3,639.9,477.1,423.5,906.3,527.4,365.1,444.3,51.0,573.8,433.7,454.4,409.9,392.9,143.4,784.7
32,1145.5,264.7,535.1,755.9,704.2,464.2,561.1,650.6,205.5,630.9,638.0,292.8,652.1,455.1,490.6,557.6,623.6,163.7,471.9,253.0,317.1,386.4,519.5,669.2,615.8,507.8,548.1,21.7,555.9,725.8,625.3,409.8,0.0,623.2,30.8,344.9,673.6,390.1,622.6,302.2,188.0,235.5,571.9,356.3,401.3,864.2,504.8,686.8,383.0,522.9,580.8,287.1,555.9,394.0,715.3,188.9,602.2,341.8,675.3,505.1,486.3,811.1,21.6,544.4,358.7,257.4,640.7,512.5,387.4,267.4,352.9,595.0,475.5,434.6,28.1,331.3,382.3,629.5,418.2,408.5,677.9,615.8,540.3,422.4,760.6,366.0,581.9,516.0,317.6,597.3,82.5,620.0,647.6,384.0,177.4,439.3,694.0,723.4,486.1,0.1,609.6,475.9,622.1
33,1515.0,430.5,139.9,1137.9,1204.2,964.2,822.2,401.4,575.4,1012.9,980.0,783.5,1152.1,185.8,990.3,478.9,483.6,484.1,853.9,558.3,719.4,886.1,889.4,1063.1,270.8,983.7,152.9,641.8,103.1,1107.8,1125.3,909.5,623.2,0.0,592.4,691.6,378.4,889.8,57.4,488.6,730.1,625.7,1071.9,470.7,706.6,1141.0,886.8,1038.6,688.3,513.6,962.8,452.9,103.1,777.0,1215.3,467.3,1078.1,694.7,1175.3,555.1,565.7,1206.3,641.7,805.5,796.9,423.2,92.5,1012.2,887.1,483.9,735.9,977.0,182.1,934.3,595.1,494.5,882.0,45.7,917.9,791.5,1177.9,270.8,161.9,304.0,1037.4,671.3,963.9,107.2,496.1,858.4,540.7,91.8,556.6,767.0,547.3,887.3,342.5,984.5,868.1,623.1,1085.5,975.9,131.6
34,1114.7,233.9,504.3,725.1,734.8,494.8,591.7,681.2,174.7,600.1,607.2,314.5,682.7,424.3,521.2,588.2,592.8,132.9,441.1,222.2,347.7,417.0,488.7,699.8,585.0,514.7,517.3,52.5,525.1,695.0,655.9,440.4,30.8,592.4,0.0,375.5,704.2,420.7,591.8,332.8,217.0,266.1,602.5,386.7,370.5,894.8,474.0,717.4,352.2,553.5,550.0,256.3,525.1,363.2,745.9,158.1,609.1,372.4,705.9,474.3,516.9,841.7,52.4,575.0,327.9,226.6,609.9,543.1,418.0,236.6,322.1,564.2,444.7,465.2,2.7,361.9,412.9,598.7,448.8,377.7,708.5,585.0,509.5,391.6,791.2,335.2,551.1,485.2,286.8,627.9,51.7,589.2,678.2,353.2,146.6,469.9,724.6,754.0,455.3,30.7,616.5,506.5,591.3
35,1153.6,527.4,685.2,952.4,689.4,436.4,216.2,305.7,481.6,868.4,910.9,369.4,637.3,605.2,422.9,212.7,858.8,439.8,716.6,529.1,27.8,356.7,792.4,457.1,753.6,571.1,698.2,323.2,706.0,963.3,610.5,304.7,344.9,691.6,375.5,0.0,328.7,353.0,641.9,293.9,293.4,177.0,498.4,348.0,677.4,535.0,749.5,432.6,659.1,178.0,719.9,549.8,706.0,582.5,696.1,465.0,665.5,3.1,660.5,740.3,141.4,600.3,323.3,199.5,458.3,520.1,606.8,444.8,355.7,543.5,543.8,734.1,625.6,366.9,373.0,323.0,360.8,737.3,350.5,611.6,663.1,753.6,689.2,572.5,431.4,642.1,819.4,666.1,593.0,252.4,358.6,770.1,302.7,572.5,453.5,275.7,349.1,378.5,730.8,345.0,672.9,448.1,560.0
36,1396.7,676.2,518.3,1201.1,938.1,685.1,459.3,23.0,810.3,1141.8,1193.6,688.9,886.0,508.2,671.6,295.6,653.2,729.8,993.6,804.0,356.5,605.4,1075.1,700.2,440.4,844.5,531.3,651.9,481.5,1236.7,859.2,553.4,673.6,378.4,704.2,328.7,0.0,601.7,328.7,622.6,622.1,505.7,741.5,676.7,952.3,778.1,1026.5,675.7,934.0,260.9,996.9,698.6,481.5,902.0,939.2,713.0,938.9,331.8,909.2,737.7,187.3,843.4,652.0,442.6,777.8,668.9,293.6,693.5,604.4,729.6,863.3,1011.1,560.5,615.6,701.7,651.7,609.5,424.1,599.2,913.8,911.8,440.4,376.0,549.7,674.5,917.0,1092.8,427.6,741.8,495.5,687.3,470.2,178.2,892.0,782.2,524.4,244.5,621.6,1007.8,673.7,946.3,696.8,246.8
37,847.0,538.7,801.7,630.0,367.0,114.0,489.2,578.7,364.4,570.7,622.5,113.7,314.9,721.7,100.5,485.7,897.6,437.7,422.5,527.0,380.8,3.7,504.0,332.0,882.4,273.4,814.7,368.4,822.5,665.6,288.1,48.3,390.1,889.8,420.7,353.0,601.7,0.0,889.2,410.4,204.5,343.7,234.7,464.5,618.1,527.0,455.4,349.6,599.8,451.0,425.8,561.1,822.5,326.8,378.1,462.9,367.8,356.1,338.1,779.1,414.4,473.9,368.5,472.5,202.6,531.4,879.8,122.4,2.7,541.4,288.1,440.0,742.1,44.5,418.2,439.5,7.8,896.1,28.1,337.5,340.7,882.4,806.9,689.0,423.4,582.8,521.7,782.6,591.6,523.1,376.5,886.6,575.7,316.8,396.0,99.3,622.1,416.0,436.7,390.2,375.2,125.7,833.0
38,1514.4,429.9,197.3,1137.3,1203.6,963.6,772.5,351.7,574.8,1012.3,979.4,782.9,1151.5,243.2,984.8,429.2,460.1,483.5,853.3,557.7,669.7,885.5,888.8,1013.4,247.3,983.1,210.3,641.2,160.5,1107.2,1124.7,866.6,622.6,57.4,591.8,641.9,328.7,889.2,0.0,488.0,729.5,625.1,1054.7,470.1,706.0,1091.3,886.2,988.9,687.7,463.9,962.2,452.3,160.5,776.4,1214.7,466.7,1077.5,645.0,1174.7,544.6,516.0,1156.6,641.1,755.8,796.3,422.6,34.2,1006.7,886.5,483.3,735.3,976.4,239.5,928.8,594.5,493.9,881.4,103.1,912.4,790.9,1177.3,247.3,139.1,303.4,987.7,670.7,963.3,106.6,495.5,808.7,540.1,149.2,506.9,766.4,546.7,837.6,292.8,934.8,867.5,622.5,1084.9,975.3,81.9
39,1180.4,242.7,400.5,950.1,724.8,484.8,510.1,599.6,387.6,825.1,792.2,326.7,672.7,320.5,510.9,506.6,574.1,296.3,666.1,370.5,266.1,406.7,701.6,689.8,481.2,528.4,413.5,280.5,421.3,920.0,645.9,430.1,302.2,488.6,332.8,293.9,622.6,410.4,488.0,0.0,250.7,146.3,592.5,63.3,518.8,828.9,699.0,707.4,500.5,471.9,677.2,265.1,421.3,539.8,735.9,279.5,622.8,290.8,695.9,455.6,435.3,831.7,280.6,493.4,415.6,235.4,506.1,532.8,407.7,296.1,501.1,691.4,340.9,454.9,330.3,62.9,402.6,494.9,438.5,568.9,698.5,481.2,405.7,287.8,725.3,483.5,776.1,381.4,308.3,546.3,315.9,485.4,596.6,529.8,359.5,459.6,643.0,672.4,680.3,302.3,630.2,496.5,487.5
40,974.2,381.8,642.0,735.4,518.6,278.6,509.6,599.1,207.5,610.4,620.7,107.2,466.5,562.0,305.0,506.1,740.7,280.8,454.4,370.1,265.6,200.8,502.2,483.6,722.7,322.2,655.0,166.3,662.8,705.3,439.7,224.2,188.0,730.1,217.0,293.4,622.1,204.5,729.5,250.7,0.0,184.0,386.3,304.8,461.2,678.6,487.3,501.2,442.9,471.4,457.7,404.2,662.8,320.3,529.7,306.0,416.6,290.3,489.7,622.2,434.8,625.5,166.4,492.9,196.1,374.5,747.6,326.9,201.8,384.5,281.6,471.9,582.4,249.0,216.1,279.8,196.7,736.4,232.6,349.4,492.3,722.7,647.2,529.3,575.0,425.9,561.4,622.9,434.7,545.8,200.1,726.9,596.1,310.3,239.1,253.7,642.5,567.6,468.6,188.1,424.0,290.3,729.0
41,1113.7,379.8,537.6,884.0,658.1,418.1,393.2,482.7,372.2,759.0,801.5,260.0,606.0,457.6,444.2,389.7,711.2,330.4,607.2,419.7,149.2,340.0,683.0,623.1,618.3,461.7,550.6,213.8,558.4,853.9,579.2,363.4,235.5,625.7,266.1,177.0,505.7,343.7,625.1,146.3,184.0,0.0,525.8,200.4,568.0,712.0,640.1,609.6,549.7,355.0,610.5,402.2,558.4,473.1,669.2,355.6,556.1,173.9,629.2,592.7,318.4,765.0,213.9,376.5,348.9,372.5,643.2,466.1,341.0,433.2,434.4,624.7,478.0,388.2,263.6,175.4,335.9,632.0,371.8,502.2,631.8,618.3,542.8,424.9,608.4,532.7,710.0,518.5,445.4,429.4,249.2,622.5,479.7,463.1,344.1,392.9,526.1,555.5,621.4,235.6,563.5,429.8,624.6
42,783.9,716.8,983.8,566.9,282.3,120.7,282.2,718.5,542.5,510.2,562.0,295.1,230.2,903.8,279.4,625.5,1075.7,615.8,362.0,705.1,526.2,238.4,443.5,97.3,1064.5,212.9,996.8,550.2,1004.6,605.1,203.4,252.4,571.9,1071.9,602.5,498.4,741.5,234.7,1054.7,592.5,386.3,525.8,0.0,646.6,728.7,292.3,394.9,114.9,745.8,590.8,365.3,739.2,1004.6,385.4,293.4,641.0,307.3,501.5,253.4,957.2,554.2,357.6,550.3,365.1,285.7,709.5,1019.6,242.5,237.4,719.5,428.7,379.5,924.2,248.6,600.0,621.6,242.5,1078.2,232.2,377.4,256.0,1064.5,989.0,871.1,188.7,728.8,461.2,964.7,769.7,288.4,554.6,1068.7,715.5,395.4,574.1,303.4,761.9,181.3,376.2,572.0,314.7,109.0,972.8
43,1234.5,224.8,382.6,932.2,778.9,538.9,564.2,653.7,369.7,807.2,774.3,380.8,726.8,302.6,565.0,560.7,556.2,278.4,648.2,352.6,320.2,460.8,683.7,743.9,463.3,582.5,395.6,334.6,403.4,902.1,700.0,484.2,356.3,470.7,386.7,348.0,676.7,464.5,470.1,63.3,304.8,200.4,646.6,0.0,500.9,883.0,681.1,761.5,482.6,526.0,731.3,247.2,403.4,571.3,790.0,261.6,676.9,344.9,750.0,437.7,489.4,885.8,334.7,547.5,469.7,217.5,488.2,586.9,461.8,278.2,530.2,745.5,323.0,509.0,384.4,69.2,456.7,477.0,492.6,585.8,752.6,463.3,387.8,269.9,779.4,465.6,758.2,363.5,290.4,600.4,335.0,467.5,650.7,561.3,341.6,513.7,680.5,726.5,662.4,356.4,684.3,550.6,469.6
44,865.4,276.1,618.5,667.6,857.5,675.2,893.6,975.3,270.9,567.3,330.4,504.4,808.9,538.5,718.6,890.1,578.9,308.6,408.3,178.9,649.6,614.4,285.2,826.0,699.2,619.2,631.5,419.9,639.3,499.9,782.1,666.4,401.3,706.6,370.5,677.4,952.3,618.1,706.0,518.8,461.2,568.0,728.7,500.9,0.0,1021.0,441.2,843.6,74.1,855.4,517.2,253.7,639.3,430.9,868.6,333.8,656.8,674.3,832.1,460.4,818.8,964.4,419.8,876.9,517.8,283.4,724.1,740.5,615.4,222.7,395.0,531.4,558.9,662.6,373.2,524.7,610.3,712.9,646.2,440.0,834.7,699.2,623.7,505.8,917.4,57.1,518.3,599.4,272.9,929.8,318.8,703.4,980.1,426.1,286.0,714.9,916.4,910.0,422.5,401.2,664.2,663.5,705.5
45,666.0,1009.1,1220.2,494.5,273.8,413.0,318.8,755.1,834.8,619.5,831.7,587.4,365.9,1140.2,571.7,662.1,1368.0,908.1,654.3,997.4,562.8,530.7,735.8,279.0,1203.0,484.5,1233.2,842.5,1241.0,662.2,298.5,544.7,864.2,1141.0,894.8,535.0,778.1,527.0,1091.3,828.9,678.6,712.0,292.3,883.0,1021.0,0.0,677.7,177.4,1038.1,627.4,565.1,1031.5,1241.0,677.7,208.5,933.3,463.3,538.1,389.1,1249.5,590.8,112.7,842.6,401.7,578.0,1001.8,1056.2,534.8,529.7,1011.8,721.0,550.9,1160.6,540.9,892.3,858.0,534.8,1186.7,524.5,669.7,391.7,1203.0,1138.6,1107.5,103.6,1021.1,617.2,1190.2,1062.0,282.6,846.9,1232.8,752.1,687.7,866.4,595.7,798.5,363.0,654.6,864.3,470.7,401.3,1009.4
46,682.5,528.3,798.7,292.9,458.1,341.4,677.1,1003.5,311.4,167.9,274.5,388.4,475.1,718.7,500.1,910.5,847.8,427.3,32.9,477.2,721.7,459.1,156.0,492.2,879.4,285.4,811.7,521.7,819.5,262.8,412.8,473.1,504.8,886.8,474.0,749.5,1026.5,455.4,886.2,699.0,487.3,640.1,394.9,681.1,441.2,677.7,0.0,509.8,458.3,875.8,164.2,522.6,819.5,177.5,469.2,452.5,257.4,746.4,498.3,729.3,839.2,565.0,521.6,760.0,291.2,521.0,904.3,463.2,458.1,491.6,221.5,150.0,739.1,469.3,476.7,704.9,455.8,893.1,452.9,146.9,500.9,879.4,803.9,686.0,583.6,441.3,118.9,779.6,541.8,683.3,422.3,883.6,1000.5,187.5,343.0,524.1,1046.9,576.2,23.1,504.7,264.8,329.7,885.7
47,796.0,831.7,1098.7,624.5,397.2,235.6,216.4,652.7,657.4,625.1,676.9,410.0,345.1,1018.7,394.3,559.7,1190.6,730.7,476.9,820.0,460.4,353.3,558.4,101.6,1100.6,327.8,1111.7,665.1,1119.5,720.0,318.3,367.3,686.8,1038.6,717.4,432.6,675.7,349.6,988.9,707.4,501.2,609.6,114.9,761.5,843.6,177.4,509.8,0.0,860.7,525.0,480.2,854.1,1119.5,500.3,338.5,755.9,422.2,435.7,368.3,1072.1,488.4,242.7,665.2,299.3,400.6,824.4,953.8,357.4,352.3,834.4,543.6,494.4,1039.1,363.5,714.9,736.5,357.4,1084.3,347.1,492.3,370.9,1100.6,1036.2,986.0,73.8,843.7,576.1,1079.6,884.6,180.2,669.5,1130.4,649.7,510.3,689.0,418.3,696.1,185.6,491.1,686.9,429.6,223.9,907.0
48,882.5,257.8,600.2,684.7,874.6,670.2,875.3,957.0,252.6,584.4,347.5,486.1,826.0,520.2,700.3,871.8,560.6,290.3,425.4,160.6,631.3,596.1,302.3,843.1,680.9,636.3,613.2,401.6,621.0,517.0,799.2,648.1,383.0,688.3,352.2,659.1,934.0,599.8,687.7,500.5,442.9,549.7,745.8,482.6,74.1,1038.1,458.3,860.7,0.0,837.1,534.3,235.4,621.0,412.6,885.7,315.5,673.9,656.0,849.2,442.1,800.5,981.5,401.5,858.6,499.5,265.1,705.8,722.2,597.1,204.4,376.7,548.5,540.6,644.3,354.9,506.4,592.0,694.6,627.9,421.7,851.8,680.9,605.4,487.5,934.5,17.0,535.4,581.1,254.6,911.5,300.5,685.1,961.8,407.8,267.7,696.6,898.1,927.1,439.6,382.9,681.3,680.6,687.2
49,1246.0,705.4,653.5,1050.4,787.4,534.4,308.6,237.9,659.6,991.1,1042.9,538.2,735.3,643.4,520.9,34.7,788.4,617.8,842.9,707.1,205.8,454.7,924.4,549.5,575.6,693.8,666.5,501.2,616.7,1086.0,708.5,402.7,522.9,513.6,553.5,178.0,260.9,451.0,463.9,471.9,471.4,355.0,590.8,526.0,855.4,627.4,875.8,525.0,837.1,0.0,846.2,727.8,616.7,751.3,788.5,643.0,788.2,181.1,758.5,872.9,73.6,692.7,501.3,291.9,627.1,698.1,428.8,542.8,453.7,721.5,712.6,860.4,695.7,464.9,551.0,501.0,458.8,559.3,448.5,763.1,761.1,575.6,511.2,684.9,523.8,820.1,942.1,562.8,771.0,344.8,536.6,605.4,234.9,741.3,631.5,373.7,171.1,470.9,857.1,523.0,795.6,546.1,382.0
50,667.3,604.3,874.7,277.7,345.5,311.8,647.5,973.9,387.4,152.7,350.5,358.8,367.6,794.7,470.5,880.9,923.8,503.3,150.5,553.2,692.1,429.5,232.0,462.6,955.4,196.2,887.7,597.7,895.5,247.6,300.2,443.5,580.8,962.8,550.0,719.9,996.9,425.8,962.2,677.2,457.7,610.5,365.3,731.3,517.2,565.1,164.2,480.2,534.3,846.2,0.0,598.6,895.5,253.5,356.6,528.5,144.8,716.8,390.8,805.3,809.6,452.4,597.6,730.4,261.6,597.0,980.3,433.6,428.5,567.6,297.5,14.2,815.1,439.7,552.7,706.3,426.2,969.1,423.3,222.9,393.4,955.4,879.9,762.0,554.0,517.3,103.7,855.6,617.8,653.7,498.3,959.6,970.9,263.5,419.0,494.5,1017.3,546.6,141.1,580.7,152.2,300.1,961.7
51,1062.1,22.4,364.8,773.7,871.5,631.5,766.0,721.6,211.2,648.7,527.1,447.4,819.4,284.8,661.6,762.5,407.2,148.0,489.7,105.4,522.0,557.4,481.9,836.5,445.5,647.6,377.8,305.7,385.6,696.6,792.6,609.4,287.1,452.9,256.3,549.8,698.6,561.1,452.3,265.1,404.2,402.2,739.2,247.2,253.7,1031.5,522.6,854.1,235.4,727.8,598.6,0.0,385.6,412.8,882.6,131.2,729.3,546.7,842.6,288.7,691.2,978.4,305.6,749.3,460.8,29.7,470.4,683.5,558.4,31.0,371.7,612.8,305.2,605.6,259.0,271.0,553.3,459.2,589.2,427.3,845.2,445.5,370.0,252.1,927.9,218.4,599.7,345.7,43.2,802.2,204.6,449.7,852.5,402.8,183.1,657.6,662.7,920.5,503.9,287.0,736.7,643.2,451.8
52,1447.7,363.2,70.0,1070.6,1136.9,896.9,922.2,504.5,508.1,945.6,912.7,716.2,1084.8,115.9,923.0,582.0,511.4,416.8,786.6,491.0,678.2,818.8,822.1,1101.9,298.6,916.4,83.0,574.5,0.0,1040.5,1058.0,842.2,555.9,103.1,525.1,706.0,481.5,822.5,160.5,421.3,662.8,558.4,1004.6,403.4,639.3,1241.0,819.5,1119.5,621.0,616.7,895.5,385.6,0.0,709.7,1148.0,400.0,1010.8,702.9,1108.0,494.2,668.8,1243.8,574.4,905.5,729.6,355.9,195.6,944.9,819.8,416.6,668.6,909.7,112.2,867.0,527.8,427.2,814.7,109.4,850.6,724.2,1110.6,298.6,175.7,243.1,1137.4,604.0,896.6,115.3,428.8,958.4,473.4,99.9,659.7,699.7,480.0,871.7,445.6,1084.5,800.8,555.8,1018.2,908.6,234.7
53,818.2,418.5,688.9,428.6,517.7,277.7,667.6,879.0,201.6,303.6,332.7,213.1,465.6,608.9,406.2,786.0,738.0,317.5,144.6,367.4,554.7,323.1,214.2,482.7,769.6,277.3,701.9,410.9,709.7,398.5,438.8,375.1,394.0,777.0,363.2,582.5,902.0,326.8,776.4,539.8,320.3,473.1,385.4,571.3,430.9,677.7,177.5,500.3,412.6,751.3,253.5,412.8,709.7,0.0,528.8,342.7,322.2,579.4,488.8,619.5,714.7,624.6,410.8,750.5,161.3,411.2,794.5,369.3,324.1,381.8,44.0,267.7,629.3,371.3,365.9,568.9,319.0,783.3,354.9,30.6,491.4,769.6,694.1,576.2,574.1,395.6,254.6,669.8,432.0,673.8,311.5,773.8,876.0,10.0,233.2,426.1,922.4,566.7,158.8,393.9,329.6,289.4,775.9
54,501.5,860.2,1127.2,330.0,65.3,264.1,479.9,916.2,685.9,455.0,667.2,438.5,157.4,1047.2,422.8,823.2,1219.1,759.2,460.3,848.5,723.9,381.8,583.4,390.7,1207.9,276.0,1140.2,693.6,1148.0,497.7,90.0,395.8,715.3,1215.3,745.9,696.1,939.2,378.1,1214.7,735.9,529.7,669.2,293.4,790.0,868.6,208.5,469.2,338.5,885.7,788.5,356.6,882.6,1148.0,528.8,0.0,784.4,254.8,699.2,180.6,1100.6,751.9,95.8,693.7,562.8,429.1,852.9,1217.3,385.9,380.8,862.9,572.1,342.4,1067.6,392.0,743.4,765.0,385.9,1221.6,375.6,520.8,183.2,1207.9,1132.4,1014.5,264.7,868.7,408.7,1108.1,913.1,443.7,698.0,1212.1,913.2,538.8,717.5,446.8,959.6,474.7,446.1,715.4,262.2,252.4,1170.5
55,1093.2,108.8,379.2,703.6,773.3,533.3,681.2,736.0,141.1,578.6,573.6,349.2,721.2,299.2,563.4,677.7,534.4,49.8,419.6,185.5,437.2,459.2,455.1,738.3,459.9,549.4,392.2,207.5,400.0,673.5,694.4,511.2,188.9,467.3,158.1,465.0,713.0,462.9,466.7,279.5,306.0,355.6,641.0,261.6,333.8,933.3,452.5,755.9,315.5,643.0,528.5,131.2,400.0,342.7,784.4,0.0,643.8,461.9,744.4,415.9,606.4,880.2,207.4,664.5,362.6,101.5,484.8,585.3,460.2,162.2,301.6,542.7,319.6,507.4,160.8,285.4,455.1,473.6,491.0,357.2,747.0,459.9,384.4,266.5,829.7,298.5,529.6,360.1,174.4,717.4,106.4,464.1,767.7,332.7,113.0,559.4,677.1,822.3,433.8,188.8,651.2,545.0,466.2
56,656.2,719.6,990.0,370.9,243.7,253.8,589.5,915.9,518.1,245.9,490.1,325.4,265.8,910.0,412.5,822.9,1054.5,618.6,248.5,683.9,637.7,371.5,371.6,404.6,1070.7,94.4,1003.0,580.5,1010.8,340.8,198.4,385.5,602.2,1078.1,609.1,665.5,938.9,367.8,1077.5,622.8,416.6,556.1,307.3,676.9,656.8,463.3,257.4,422.2,673.9,788.2,144.8,729.3,1010.8,322.2,254.8,643.8,0.0,662.4,289.0,936.0,751.6,350.6,580.6,672.4,281.2,712.3,1095.6,375.6,370.5,698.3,365.6,130.6,930.4,381.7,611.8,651.9,370.6,1084.4,365.3,314.2,291.6,1070.7,995.2,877.3,496.0,656.9,196.9,970.9,748.5,595.7,557.4,1074.9,912.9,332.2,549.7,436.5,959.3,488.6,234.3,602.3,7.4,242.1,1077.0
57,1156.7,524.3,682.1,955.5,692.5,439.5,219.3,308.8,478.5,865.3,907.8,366.3,640.4,602.1,426.0,215.8,855.7,436.7,713.5,526.0,24.7,359.8,789.3,460.2,756.7,568.0,695.1,320.1,702.9,960.2,613.6,307.8,341.8,694.7,372.4,3.1,331.8,356.1,645.0,290.8,290.3,173.9,501.5,344.9,674.3,538.1,746.4,435.7,656.0,181.1,716.8,546.7,702.9,579.4,699.2,461.9,662.4,0.0,663.6,737.2,144.5,603.4,320.2,202.6,455.2,517.0,609.9,447.9,358.8,540.4,540.7,731.0,622.5,370.0,369.9,319.9,363.9,740.4,353.6,608.5,666.2,756.7,687.3,569.4,434.5,639.0,816.3,663.0,589.9,255.5,355.5,767.0,305.8,569.4,450.4,278.8,352.2,381.6,727.7,341.9,669.8,451.2,563.1
58,682.1,820.2,1087.2,510.6,169.5,224.1,535.6,886.2,645.9,491.9,665.4,398.5,23.2,1007.2,382.8,793.2,1179.1,719.2,465.4,808.5,688.3,341.8,546.9,350.7,1167.9,310.2,1100.2,653.6,1108.0,586.8,90.6,355.8,675.3,1175.3,705.9,660.5,909.2,338.1,1174.7,695.9,489.7,629.2,253.4,750.0,832.1,389.1,498.3,368.3,849.2,758.5,390.8,842.6,1108.0,488.8,180.6,744.4,289.0,663.6,0.0,1060.6,721.9,276.4,653.7,618.5,389.1,812.9,1187.3,345.9,340.8,822.9,532.1,376.6,1027.6,352.0,703.4,725.0,345.9,1181.6,335.6,480.8,61.2,1167.9,1092.4,974.5,442.1,832.2,442.9,1068.1,873.1,541.8,658.0,1172.1,883.2,498.8,677.5,406.8,929.6,434.7,479.6,675.4,296.4,212.4,1140.5
59,1268.8,307.1,473.4,980.4,1089.5,849.5,956.5,760.7,417.9,855.4,733.8,665.4,1037.4,387.0,879.6,838.2,118.5,412.4,696.4,293.1,712.5,775.4,688.6,1054.5,297.3,865.6,486.4,523.7,494.2,903.3,1010.6,827.4,505.1,555.1,474.3,740.3,737.7,779.1,544.6,455.6,622.2,592.7,957.2,437.7,460.4,1249.5,729.3,1072.1,442.1,872.9,805.3,288.7,494.2,619.5,1100.6,415.9,936.0,737.2,1060.6,0.0,881.7,1196.4,523.6,939.8,678.8,314.4,509.5,901.5,776.4,295.7,578.4,819.5,413.8,823.6,477.0,461.5,771.3,561.4,807.2,634.0,1063.2,297.3,420.2,318.5,1145.9,425.1,806.4,447.9,245.5,992.7,422.6,551.9,915.9,609.5,389.8,875.6,701.8,1118.8,710.6,505.0,943.4,861.2,490.9
60,1209.4,668.8,705.6,1013.8,750.8,497.8,272.0,164.3,623.0,954.5,1006.3,501.6,698.7,695.5,484.3,108.3,840.5,581.2,806.3,670.5,169.2,418.1,887.8,512.9,627.7,657.2,718.6,464.6,668.8,1049.4,671.9,366.1,486.3,565.7,516.9,141.4,187.3,414.4,516.0,435.3,434.8,318.4,554.2,489.4,818.8,590.8,839.2,488.4,800.5,73.6,809.6,691.2,668.8,714.7,751.9,606.4,751.6,144.5,721.9,881.7,0.0,656.1,464.7,255.3,590.5,661.5,480.9,506.2,417.1,684.9,676.0,823.8,747.8,428.3,514.4,464.4,422.2,611.4,411.9,726.5,724.5,627.7,563.3,713.9,487.2,783.5,905.5,614.9,734.4,308.2,500.0,657.5,161.3,704.7,594.9,337.1,244.7,434.3,820.5,486.4,759.0,509.5,434.1
61,553.3,956.0,1223.0,381.8,161.1,359.9,384.1,820.4,781.7,506.8,719.0,534.3,253.2,1143.0,518.6,727.4,1314.9,855.0,556.1,944.3,628.1,477.6,679.2,344.3,1268.3,371.8,1236.0,789.4,1243.8,549.5,185.8,491.6,811.1,1206.3,841.7,600.3,843.4,473.9,1156.6,831.7,625.5,765.0,357.6,885.8,964.4,112.7,565.0,242.7,981.5,692.7,452.4,978.4,1243.8,624.6,95.8,880.2,350.6,603.4,276.4,1196.4,656.1,0.0,789.5,467.0,524.9,948.7,1121.5,481.7,476.6,958.7,667.9,438.2,1163.4,487.8,839.2,860.8,481.7,1252.0,471.4,616.6,279.0,1268.3,1203.9,1110.3,168.9,964.5,504.5,1203.9,1008.9,347.9,793.8,1298.1,817.4,634.6,813.3,542.6,863.8,428.3,541.9,811.2,358.0,348.2,1074.7
62,1138.2,283.2,553.6,772.7,682.6,442.6,539.5,629.0,224.0,647.7,654.8,271.2,630.5,473.6,469.0,536.0,642.1,182.2,488.7,271.5,295.5,364.8,536.3,647.6,634.3,486.2,566.6,0.1,574.4,742.6,603.7,388.2,21.6,641.7,52.4,323.3,652.0,368.5,641.1,280.6,166.4,213.9,550.3,334.7,419.8,842.6,521.6,665.2,401.5,501.3,597.6,305.6,574.4,410.8,693.7,207.4,580.6,320.2,653.7,523.6,464.7,789.5,0.0,522.8,360.1,275.9,659.2,490.9,365.8,285.9,369.7,611.8,494.0,413.0,49.7,309.7,360.7,648.0,396.6,425.3,656.3,634.3,558.8,440.9,739.0,384.5,598.7,534.5,336.1,575.7,101.0,638.5,626.0,400.8,195.9,417.7,672.4,701.8,502.9,21.7,588.0,454.3,640.6
