,0,1,2,3,4,5,6,7,8,9,10,11,12,13,14,15,16,17,18,19,20,21,22,23,24,25,26,27,28,29,30,31,32,33,34,35,36,37,38,39,40,41,42,43,44,45,46,47,48,49,50,51,52,53,54,55,56,57,58,59,60,61,62,63,64,65,66,67,68,69,70,71,72,73,74,75,76,77,78,79,80,81,82,83,84,85,86,87,88,89,90,91,92,93,94,95,96,97,98,99,100,101,102
0,0.0,1097.2,777.1,2039.8,1568.1,1116.9,1215.5,1437.4,755.9,1602.8,733.8,997.9,920.5,1115.2,939.2,1381.9,1175.4,1264.4,1057.6,1465.5,1221.0,689.0,1516.4,1545.1,1197.9,1588.9,1674.3,1965.0,1041.8,900.5,1252.5,2093.5,2081.6,744.0,1989.2,2020.9,1170.1,1390.3,1380.0,903.7,1133.1,1262.5,2002.3,1747.0,991.8,1322.8,1595.5,1064.1,1119.3,1187.2,1794.0,1970.3,1525.2,1109.2,1692.8,1263.1,956.9,1160.4,996.8,1067.4,955.9,971.6,1148.3,1633.8,1361.6,1106.0,1005.8,1632.3,1316.4,2039.8,952.5,1679.7,1016.7,1186.6,918.6,726.5,1175.4,1466.9,1504.9,2059.6,1204.6,1452.5,1704.7,1898.3,1247.6,2116.5,1184.6,1562.9,1801.7,1314.7,1484.5,1301.8,635.4,1119.7,1885.6,1230.9,1128.5,1681.8,1358.4,1955.3,1530.5,999.1,2085.4
1,1097.2,0.0,320.1,1488.4,722.9,428.8,527.4,438.7,526.4,688.2,363.5,676.5,749.2,485.6,506.2,363.9,572.6,1152.6,582.6,1209.3,532.9,930.6,774.6,893.7,509.8,1275.1,675.5,1526.0,203.9,729.2,564.4,1094.7,1530.2,835.9,1550.2,1022.2,777.2,1134.1,319.3,581.3,445.0,611.2,1444.8,1490.8,596.0,916.3,695.5,375.9,431.2,499.0,1355.0,1531.3,765.8,421.1,1041.5,574.9,523.8,530.8,591.0,592.4,522.8,595.4,460.2,982.5,955.2,417.8,674.7,981.0,628.3,1488.4,630.1,1148.6,373.5,106.5,669.1,948.0,572.6,1278.0,1039.3,1620.6,516.5,1209.9,1053.4,899.5,596.3,1438.2,496.5,911.6,1470.0,626.6,833.2,650.2,944.6,752.8,1446.6,542.8,440.4,683.1,1068.1,1463.7,760.5,310.9,1257.0
2,777.1,320.1,0.0,1710.1,944.5,612.5,711.1,660.3,206.3,909.9,43.3,858.5,771.3,669.3,389.6,604.8,756.3,1336.3,646.7,1393.0,716.6,610.5,996.2,1077.5,693.5,1458.8,897.2,1709.7,507.3,751.3,748.1,1316.4,1751.9,747.3,1733.9,1243.8,960.9,1317.8,602.9,492.8,628.7,794.9,1666.5,1674.5,707.3,1100.0,917.2,559.7,614.9,682.7,1538.7,1715.0,987.4,604.8,1225.2,758.6,407.3,714.5,712.4,656.5,406.3,560.7,643.9,1166.2,1138.9,601.5,856.6,1164.7,812.0,1710.1,541.6,1332.3,557.2,426.7,634.2,996.2,756.3,1461.7,1223.0,1804.3,700.2,1393.6,1237.1,1121.2,780.0,1659.8,680.2,1095.3,1653.7,810.3,1016.9,833.9,718.9,936.5,1630.3,726.5,624.1,904.7,1251.8,1685.3,982.1,494.6,1478.6
3,2039.8,1488.4,1710.1,0.0,901.5,1290.6,1272.6,1079.1,1646.0,936.2,1741.2,1091.8,1228.2,1244.4,1579.5,1317.8,1209.0,818.1,1335.9,622.1,1342.7,1579.4,849.8,873.8,1164.0,579.9,834.2,428.5,1396.9,1208.2,1177.5,415.0,41.8,1327.2,452.7,487.6,964.5,649.5,1315.9,1445.0,1367.3,999.1,172.8,600.6,1221.7,748.5,928.9,1298.3,1209.8,1244.2,378.8,433.8,858.7,1282.9,590.1,1250.8,1597.1,1243.3,1216.7,1345.7,1596.1,1348.7,1322.0,631.1,709.7,1279.6,1078.3,671.4,1179.8,0.0,1445.8,484.3,1283.9,1482.0,1294.9,1313.3,1209.0,782.4,566.4,443.2,1157.2,798.9,632.7,822.1,1013.9,337.5,1177.2,855.9,578.6,1036.4,849.0,975.5,1435.9,981.3,349.0,1332.8,1302.2,805.3,888.5,161.1,864.0,1308.0,231.4
4,1568.1,722.9,944.5,901.5,0.0,606.6,588.6,313.6,962.0,34.7,987.9,879.3,959.8,696.3,895.4,552.3,711.9,700.1,793.2,679.2,658.6,1298.3,51.7,294.0,479.9,637.0,321.4,826.7,712.9,939.8,493.4,740.6,943.3,1046.2,850.9,668.0,666.4,605.1,550.4,791.5,683.3,429.6,864.0,857.4,806.6,540.7,27.4,614.3,525.8,560.2,655.7,832.0,42.9,598.8,342.2,501.9,913.1,695.2,801.6,803.0,912.1,806.0,638.0,283.2,501.9,595.6,821.2,281.7,495.7,901.5,840.3,449.3,599.9,716.5,879.8,1150.7,711.9,749.0,510.2,921.3,473.2,680.9,354.1,545.4,414.8,978.2,493.2,311.8,770.7,352.4,266.6,473.3,1154.8,726.8,747.3,648.7,618.2,329.0,722.8,817.0,37.6,624.0,902.9
5,1116.9,428.8,612.5,1290.6,606.6,0.0,144.3,627.6,474.0,640.5,569.2,544.1,616.8,353.2,407.5,627.1,405.3,847.8,450.2,904.5,104.0,887.3,554.9,584.1,126.6,970.3,635.5,1215.8,224.9,596.8,181.2,1054.7,1332.4,700.9,1240.0,982.1,527.6,829.3,582.5,446.3,177.2,301.8,1253.1,1186.0,463.6,611.5,634.0,108.2,163.4,115.9,1044.8,1221.1,563.7,37.9,731.3,191.8,425.1,388.5,458.6,460.0,424.1,463.0,77.1,672.3,650.4,11.0,514.7,670.8,245.1,1290.6,495.1,838.4,244.8,369.8,536.7,815.6,405.3,973.3,734.5,1310.4,133.4,905.1,743.2,859.5,287.0,1367.3,113.4,601.9,1159.8,286.2,523.5,345.5,809.6,503.2,1136.4,113.9,11.6,643.0,763.3,1206.1,569.0,117.9,1216.9
6,1215.5,527.4,711.1,1272.6,588.6,144.3,0.0,609.7,572.6,622.5,667.8,642.7,715.4,451.8,506.1,725.7,503.9,829.8,548.8,886.5,70.1,985.9,536.9,566.1,108.6,952.3,617.5,1197.9,323.5,695.4,163.3,1036.7,1314.5,799.5,1222.1,964.1,520.6,811.4,681.1,544.9,275.8,283.8,1235.1,1168.1,562.2,593.5,616.0,206.8,241.4,28.4,1026.9,1203.1,545.7,136.5,713.3,173.8,523.7,487.1,557.2,558.6,522.7,561.6,175.7,654.3,632.4,133.3,613.3,652.8,227.1,1272.6,593.7,820.4,343.4,468.4,635.3,914.2,503.9,955.3,716.5,1292.4,115.4,887.2,725.2,841.5,269.0,1349.3,95.4,583.9,1141.8,268.2,505.5,327.5,908.2,581.0,1118.4,60.1,155.9,625.0,745.3,1188.1,551.0,216.5,1198.9
7,1437.4,438.7,660.3,1079.1,313.6,627.6,609.7,0.0,866.6,278.9,703.7,1049.7,1122.3,858.8,879.4,268.1,945.8,1013.7,955.7,992.8,679.7,1270.8,365.3,607.5,592.0,950.6,266.2,1140.3,577.1,1102.4,462.4,685.4,1120.9,1209.1,1164.5,612.8,967.4,918.6,266.1,954.5,759.2,730.6,1035.5,1171.0,969.2,854.3,286.2,690.2,689.6,581.3,969.3,1145.6,356.4,619.9,655.8,454.4,897.0,904.0,964.2,965.6,896.0,968.5,659.0,596.8,815.4,616.7,1047.9,595.3,484.9,1079.1,1003.3,762.9,746.7,432.2,1042.3,1321.2,945.8,1062.6,823.8,1234.9,598.7,994.5,667.7,490.2,715.7,1028.9,578.8,625.4,1084.3,546.1,580.2,774.3,1317.8,1027.7,1060.9,669.8,639.2,273.8,1036.4,1054.4,351.1,684.1,847.7
8,755.9,526.4,206.3,1646.0,962.0,474.0,572.6,866.6,0.0,996.6,162.9,719.9,632.8,530.8,251.1,771.0,617.8,1197.7,508.1,1254.5,578.0,589.3,910.3,938.9,554.9,1320.2,1063.8,1571.2,368.8,612.8,609.6,1483.0,1687.8,608.9,1595.4,1410.4,822.4,1179.3,726.4,354.2,490.1,656.3,1608.5,1536.0,568.8,961.5,989.3,421.1,476.3,544.2,1400.2,1576.5,919.1,466.2,1086.7,620.1,268.7,576.0,573.8,518.0,267.8,422.1,505.4,1027.7,1000.3,463.0,718.1,1026.2,673.4,1646.0,403.0,1193.8,418.7,513.6,495.6,974.9,617.8,1323.2,1084.5,1665.8,561.7,1255.1,1098.6,1287.8,641.5,1722.7,541.7,956.8,1515.2,671.8,878.4,695.4,697.6,798.0,1491.8,587.9,485.6,1071.3,1113.2,1561.5,924.4,356.1,1645.2
9,1602.8,688.2,909.9,936.2,34.7,640.5,622.5,278.9,996.6,0.0,953.2,914.0,994.5,731.0,930.1,517.6,746.5,734.8,827.9,713.9,692.5,1333.0,86.4,328.7,514.6,671.7,286.7,861.4,747.6,974.5,475.2,705.9,978.0,1080.8,885.6,633.3,701.1,639.8,515.7,826.2,718.0,464.3,898.7,892.1,841.3,575.4,7.3,649.0,560.5,594.1,690.4,866.7,77.6,632.7,376.9,467.2,947.8,729.9,836.3,837.7,946.8,840.7,671.8,317.9,536.6,629.5,855.9,316.4,497.7,936.2,875.0,484.0,634.6,681.8,914.5,1185.4,746.5,783.7,544.9,956.0,507.9,715.6,388.8,510.7,449.5,1012.9,527.9,346.5,805.4,387.0,301.3,508.0,1189.5,761.5,782.0,682.6,652.0,294.3,757.5,851.7,72.2,658.7,868.2
10,733.8,363.5,43.3,1741.2,987.9,569.2,667.8,703.7,162.9,953.2,0.0,815.1,728.0,626.0,346.3,648.2,713.0,1292.9,603.3,1349.6,673.2,567.2,1005.5,1034.1,650.1,1415.4,940.5,1666.4,464.0,708.0,704.7,1359.7,1783.0,703.9,1690.6,1287.2,917.6,1274.5,646.2,449.4,585.3,751.5,1703.7,1631.2,664.0,1056.7,960.5,516.3,571.5,639.4,1495.4,1671.7,1014.3,561.4,1181.9,715.3,363.9,671.2,669.0,613.1,362.9,517.3,600.6,1122.8,1095.5,558.2,813.3,1121.4,768.6,1741.2,498.2,1288.9,513.9,470.0,590.8,952.8,713.0,1418.4,1179.6,1760.9,656.9,1350.3,1193.7,1164.5,736.7,1703.2,636.9,1051.9,1610.4,767.0,973.5,790.6,675.5,893.2,1587.0,683.1,580.8,948.1,1208.4,1656.7,1019.6,451.3,1522.0
11,997.9,676.5,858.5,1091.8,879.3,544.1,642.7,1049.7,719.9,914.0,815.1,0.0,164.6,285.4,655.2,874.8,284.9,538.0,288.0,640.7,648.2,515.8,827.6,678.7,586.9,761.1,1133.9,1017.0,472.6,144.6,679.7,1320.9,1133.6,263.6,1041.2,1393.5,212.9,565.5,830.2,415.1,560.3,449.7,1054.3,922.2,158.0,343.2,906.7,491.3,454.2,614.3,846.0,1022.3,836.4,536.4,837.4,690.2,672.8,338.4,153.0,297.8,671.8,300.8,575.5,878.4,382.1,533.1,90.1,918.8,741.1,1091.8,394.8,731.7,351.4,617.5,231.2,271.5,284.9,709.4,525.4,1111.5,580.1,641.3,880.0,1357.9,464.5,1168.4,600.1,660.8,960.9,640.4,620.0,406.0,372.2,157.0,937.6,658.1,555.7,1141.4,453.5,1007.3,841.7,426.2,1137.4
12,920.5,749.2,771.3,1228.2,959.8,616.8,715.4,1122.3,632.8,994.5,728.0,164.6,0.0,358.0,669.3,947.5,357.6,674.5,360.6,777.2,720.8,428.6,908.1,798.3,663.5,897.6,1206.5,1153.5,545.3,20.0,752.3,1457.4,1270.1,176.4,1177.7,1530.0,327.0,702.0,902.8,328.0,632.9,541.9,1190.8,1058.7,230.7,479.7,987.2,563.9,530.8,687.0,982.5,1158.7,917.0,609.0,973.9,762.9,686.9,411.0,225.7,370.4,686.0,283.4,648.1,1014.9,518.6,605.8,162.7,1024.0,817.6,1228.2,307.7,868.1,424.1,690.1,198.5,436.0,357.6,845.9,661.8,1248.0,656.7,777.8,1016.5,1430.6,556.7,1304.9,676.7,780.4,1097.4,720.9,739.6,501.0,285.1,276.6,1074.1,730.7,628.3,1214.1,590.0,1143.7,922.3,498.9,1273.8
13,1115.2,485.6,669.3,1244.4,696.3,353.2,451.8,858.8,530.8,731.0,626.0,285.4,358.0,0.0,464.3,683.9,181.5,787.5,191.4,848.0,457.3,704.8,644.6,654.8,399.9,913.7,943.0,1169.6,281.7,338.0,488.8,1362.2,1286.2,452.6,1193.8,1289.6,385.1,772.8,639.3,302.9,369.4,278.4,1206.9,1129.5,204.8,555.0,723.7,300.4,267.2,423.4,998.6,1174.9,653.4,345.5,821.0,499.3,481.9,147.5,199.8,201.2,481.0,204.2,384.6,762.0,593.8,342.2,283.5,760.5,554.1,1244.4,301.3,884.3,160.5,426.6,278.0,556.8,181.5,916.7,678.0,1264.1,393.2,848.6,832.9,1167.0,293.2,1321.0,413.2,672.6,1113.5,457.3,594.3,288.9,561.3,360.6,1090.2,467.2,364.8,950.6,703.0,1159.9,658.7,235.3,1290.0
14,939.2,506.2,389.6,1579.5,895.4,407.5,506.1,879.4,251.1,930.1,346.3,655.2,669.3,464.3,0.0,704.5,551.3,1131.2,544.6,1187.9,511.5,772.6,843.8,872.4,488.4,1253.7,997.2,1504.7,302.3,649.3,543.0,1416.5,1621.3,645.4,1528.9,1343.9,755.9,1112.8,659.8,390.7,423.6,589.8,1542.0,1469.5,574.6,895.0,922.8,354.6,409.8,477.7,1333.7,1510.0,852.6,399.7,1020.2,553.6,67.1,509.5,569.6,554.4,16.7,458.6,438.8,961.1,933.8,396.5,653.3,959.7,606.9,1579.5,439.5,1127.2,352.2,447.1,532.1,926.6,551.3,1256.7,1017.9,1599.2,495.1,1188.6,1032.0,1221.3,575.0,1656.1,475.2,890.2,1448.6,605.2,811.8,628.9,754.1,731.4,1425.3,521.4,419.0,1004.8,1046.7,1495.0,857.9,289.6,1578.7
15,1381.9,363.9,604.8,1317.8,552.3,627.1,725.7,268.1,771.0,517.6,648.2,874.8,947.5,683.9,704.5,0.0,770.9,1252.4,780.9,1231.5,731.2,1214.3,604.0,846.3,708.1,1189.4,505.0,1379.1,402.2,927.5,701.1,924.2,1359.7,1034.2,1403.3,851.6,975.5,1157.4,59.4,779.6,643.3,809.5,1274.3,1409.8,794.3,1093.1,524.9,574.2,629.5,697.3,1208.1,1384.4,595.2,619.4,894.6,693.2,722.1,729.1,789.3,790.7,721.2,793.7,658.5,835.5,1054.2,616.1,873.0,834.0,723.6,1317.8,828.4,1001.6,571.8,257.4,867.4,1146.3,770.9,1301.3,1062.6,1473.6,714.8,1233.2,906.4,729.0,794.6,1267.6,694.8,864.1,1323.0,784.9,819.0,848.5,1142.9,951.1,1299.7,741.1,638.7,512.5,1266.4,1293.1,589.9,509.2,1086.4
16,1175.4,572.6,756.3,1209.0,711.9,405.3,503.9,945.8,617.8,746.5,713.0,284.9,357.6,181.5,551.3,770.9,0.0,670.0,191.0,757.9,509.4,704.3,660.2,670.4,415.7,878.3,980.4,1134.2,368.7,337.6,540.9,1399.6,1250.8,452.1,1158.4,1327.1,267.6,682.7,726.3,321.1,421.5,285.6,1171.5,1039.4,204.4,460.4,739.3,352.5,283.0,475.6,963.2,1139.5,669.0,397.6,836.6,551.5,568.9,234.5,199.4,200.8,567.9,203.8,436.7,777.6,499.3,394.4,254.6,776.1,569.9,1209.0,300.8,848.9,247.5,513.6,277.6,556.4,0.0,826.6,642.6,1228.7,408.9,758.5,848.5,1204.4,300.5,1285.6,428.9,674.5,1078.1,472.9,609.8,249.1,560.8,243.1,1054.8,519.3,416.9,988.0,585.5,1124.5,674.3,322.3,1254.6
17,1264.4,1152.6,1336.3,818.1,700.1,847.8,829.8,1013.7,1197.7,734.8,1292.9,538.0,674.5,787.5,1131.2,1252.4,670.0,0.0,797.0,243.8,899.8,1025.7,648.4,497.3,721.1,367.3,1021.5,743.3,948.7,654.5,800.8,1047.3,859.9,773.5,767.5,1119.8,410.9,168.6,1250.5,925.0,919.1,546.0,780.6,523.8,668.0,266.6,727.5,850.1,766.9,801.4,572.3,748.6,657.2,840.0,563.8,874.2,1148.9,790.1,663.0,806.8,1147.9,809.8,879.2,604.7,278.5,836.8,524.6,645.1,803.1,818.1,904.8,458.0,835.6,1093.5,741.1,537.9,670.0,202.5,337.1,837.9,714.4,230.8,606.3,1245.5,560.8,894.8,734.4,479.4,578.5,659.7,472.5,522.3,815.2,427.7,663.9,889.9,859.4,1029.1,136.7,733.6,662.5,859.7,863.7
18,1057.6,582.6,646.7,1335.9,793.2,450.2,548.8,955.7,508.1,827.9,603.3,288.0,360.6,191.4,544.6,780.9,191.0,797.0,0.0,884.8,554.2,597.7,741.5,751.7,496.9,1005.3,1039.9,1261.2,378.7,340.6,585.7,1459.1,1377.8,345.5,1285.4,1386.6,394.6,809.7,736.2,203.3,466.3,375.3,1298.4,1166.4,207.4,587.4,820.6,397.3,364.1,520.4,1090.2,1266.4,750.4,442.4,918.0,596.3,562.3,244.4,202.4,9.8,561.3,86.0,481.5,858.9,626.3,439.2,286.1,857.4,651.0,1335.9,183.1,975.8,257.5,523.5,232.2,559.4,191.0,953.6,769.5,1355.7,490.1,885.5,929.8,1264.0,390.1,1412.6,510.1,769.6,1205.1,554.3,691.2,376.0,454.2,370.1,1181.8,564.1,461.7,1047.5,712.5,1251.4,755.7,332.3,1381.5
19,1465.5,1209.3,1393.0,622.1,679.2,904.5,886.5,992.8,1254.5,713.9,1349.6,640.7,777.2,848.0,1187.9,1231.5,757.9,243.8,884.8,0.0,956.6,1128.4,627.5,477.4,777.9,151.4,1000.6,547.4,1005.4,757.2,857.2,851.3,664.0,876.2,571.6,923.9,513.4,75.2,1229.6,1015.0,975.8,602.7,584.6,362.0,770.6,297.5,706.6,906.8,823.6,858.1,376.4,552.6,636.3,896.8,367.8,930.6,1205.6,846.9,765.6,894.7,1204.6,897.6,935.9,408.8,258.6,893.5,627.3,449.1,859.5,622.1,994.7,262.0,892.4,1150.2,843.8,739.0,757.9,288.4,187.6,641.9,771.1,224.5,410.4,1224.6,617.5,698.8,791.1,459.5,416.7,716.1,452.6,579.1,984.8,530.3,468.0,946.7,916.1,1008.2,314.2,537.6,641.6,916.5,667.7
20,1221.0,532.9,716.6,1342.7,658.6,104.0,70.1,679.7,578.0,692.5,673.2,648.2,720.8,457.3,511.5,731.2,509.4,899.8,554.2,956.6,0.0,991.3,607.0,636.1,178.7,1022.4,687.5,1267.9,329.0,700.8,233.3,1106.8,1384.5,805.0,1292.1,1034.2,590.7,881.4,686.5,550.3,281.3,353.9,1305.2,1238.1,567.6,663.6,686.0,212.2,267.4,98.4,1096.9,1273.2,615.8,142.0,783.4,243.9,529.2,492.5,562.6,564.0,528.2,567.0,181.1,724.4,702.5,115.0,618.8,722.9,297.2,1342.7,599.1,890.5,348.8,473.8,640.8,919.6,509.4,1025.3,786.6,1362.5,185.4,957.2,795.3,911.6,339.0,1419.4,165.4,654.0,1211.9,338.2,575.6,397.5,913.7,607.2,1188.5,9.9,92.5,695.1,815.3,1258.2,621.1,221.9,1269.0
21,689.0,930.6,610.5,1579.4,1298.3,887.3,985.9,1270.8,589.3,1333.0,567.2,515.8,428.6,704.8,772.6,1214.3,704.3,1025.7,597.7,1128.4,991.3,0.0,1246.7,1149.5,968.2,1248.8,1477.0,1504.7,812.1,408.6,1022.8,1808.6,1621.3,252.2,1528.9,1823.7,678.2,1053.2,1169.7,556.3,903.4,888.7,1542.0,1409.9,500.0,830.9,1325.7,834.4,867.6,957.5,1333.7,1509.9,1255.5,879.5,1325.1,1033.4,790.3,757.8,505.0,607.5,789.3,511.7,918.6,1366.1,869.8,876.3,513.9,1362.6,1086.7,1579.4,536.0,1219.3,760.4,957.0,426.8,501.1,704.3,1197.1,1013.0,1599.2,974.9,1129.0,1367.7,1701.1,903.5,1656.1,954.9,1131.6,1448.6,1059.0,1090.8,852.2,223.8,627.8,1425.3,1001.2,898.8,1484.6,941.2,1495.0,1260.8,769.4,1625.0
22,1516.4,774.6,996.2,849.8,51.7,554.9,536.9,365.3,910.3,86.4,1005.5,827.6,908.1,644.6,843.8,604.0,660.2,648.4,741.5,627.5,607.0,1246.7,0.0,242.3,428.3,585.3,373.1,775.1,661.2,888.2,441.8,792.3,891.7,994.5,799.3,719.7,614.8,553.4,602.0,739.8,631.6,378.0,812.4,805.8,755.0,489.0,79.1,562.6,474.1,508.5,604.1,780.3,8.8,547.1,290.6,515.1,861.4,643.5,750.0,751.3,860.4,754.3,586.3,231.5,450.2,543.9,769.6,230.0,444.1,849.8,788.6,397.6,548.2,768.2,828.1,1099.1,660.2,697.3,458.5,869.6,421.5,629.2,302.4,597.1,363.1,926.5,441.5,260.1,719.0,300.7,214.9,421.6,1103.2,675.1,695.7,597.1,566.5,380.6,671.1,765.3,14.1,572.3,895.4
23,1545.1,893.7,1077.5,873.8,294.0,584.1,566.1,607.5,938.9,328.7,1034.1,678.7,798.3,654.8,872.4,846.3,670.4,497.3,751.7,477.4,636.1,1149.5,242.3,0.0,457.4,543.2,615.4,799.0,689.8,778.3,470.9,1034.6,915.6,897.3,823.2,962.0,533.2,402.2,844.3,768.5,660.3,388.2,836.3,758.9,765.2,337.9,321.4,591.3,503.3,537.7,628.0,804.3,251.1,576.3,418.7,544.3,890.1,653.7,760.2,761.6,889.1,764.5,615.4,359.7,299.0,573.1,647.6,358.2,473.2,873.8,817.3,513.7,576.8,834.7,838.3,950.1,670.4,546.1,307.4,893.5,450.7,478.0,430.6,839.4,373.3,950.5,470.7,17.8,743.0,329.8,93.6,431.8,1006.0,550.0,719.6,626.2,595.6,622.9,519.9,789.3,256.4,600.9,919.4
24,1197.9,509.8,693.5,1164.0,479.9,126.6,108.6,592.0,554.9,514.6,650.1,586.9,663.5,399.9,488.4,708.1,415.7,721.1,496.9,777.9,178.7,968.2,428.3,457.4,0.0,843.7,599.8,1089.2,305.9,643.5,145.6,1019.0,1205.8,748.1,1113.4,946.5,412.0,702.7,663.4,493.5,258.2,175.2,1126.5,1059.4,510.3,484.9,507.3,189.1,132.7,80.3,918.2,1094.5,437.1,118.9,604.7,156.2,506.1,398.8,505.3,506.7,505.1,509.7,158.0,545.7,523.8,115.7,525.1,544.2,209.5,1164.0,542.3,711.7,301.9,450.7,583.4,858.3,415.7,846.6,607.9,1183.8,6.7,778.5,616.6,823.8,160.3,1240.7,13.3,475.3,1033.2,159.5,396.9,218.8,856.8,472.3,1009.8,168.8,138.2,607.4,636.6,1079.5,442.4,198.8,1181.3
25,1588.9,1275.1,1458.8,579.9,637.0,970.3,952.3,950.6,1320.2,671.7,1415.4,761.1,897.6,913.7,1253.7,1189.4,878.3,367.3,1005.3,151.4,1022.4,1248.8,585.3,543.2,843.7,0.0,958.4,505.2,1071.2,877.6,913.0,809.1,621.8,996.6,529.4,881.7,633.9,198.6,1187.4,1114.3,1041.6,668.5,542.5,314.1,891.1,417.9,664.4,972.6,889.4,923.9,334.2,510.4,594.2,962.5,325.6,986.3,1271.4,912.6,886.1,1015.1,1270.4,1018.1,1001.7,366.6,379.1,959.3,747.7,406.9,915.3,579.9,1115.2,219.8,958.2,1216.0,964.3,862.5,878.3,303.4,235.8,599.7,836.9,290.1,368.2,1182.4,683.3,656.6,856.9,525.3,368.8,771.9,518.4,644.8,1105.3,650.7,425.8,1012.5,981.9,966.0,437.7,495.5,599.5,982.2,625.5
26,1674.3,675.5,897.2,834.2,321.4,635.5,617.5,266.2,1063.8,286.7,940.5,1133.9,1206.5,943.0,997.2,505.0,980.4,1021.5,1039.9,1000.6,687.5,1477.0,373.1,615.4,599.8,958.4,0.0,979.6,814.0,1186.5,470.2,419.2,876.0,1290.7,1003.8,346.6,975.2,926.5,503.0,1036.1,767.0,738.4,790.6,1178.8,1053.3,862.1,294.0,698.0,697.5,589.1,977.1,984.8,364.3,627.7,663.6,462.2,1014.9,963.6,1048.3,1049.7,1013.9,1052.7,666.8,604.6,823.3,624.5,1089.8,603.1,492.7,834.2,1084.8,770.7,834.5,669.1,1126.5,1405.3,980.4,1070.4,831.6,994.2,606.6,1002.3,675.5,224.0,723.6,784.0,586.6,633.2,1092.1,553.9,588.0,782.1,1399.4,1035.6,997.4,677.6,647.0,59.0,1044.2,809.5,358.9,707.7,602.8
27,1965.0,1526.0,1709.7,428.5,826.7,1215.8,1197.9,1140.3,1571.2,861.4,1666.4,1017.0,1153.5,1169.6,1504.7,1379.1,1134.2,743.3,1261.2,547.4,1267.9,1504.7,775.1,799.0,1089.2,505.2,979.6,0.0,1322.1,1133.5,1102.7,560.3,470.3,1252.5,24.2,632.9,889.7,574.7,1377.1,1370.2,1292.6,924.3,268.0,599.4,1146.9,673.8,854.1,1223.5,1135.0,1169.5,213.2,5.3,783.9,1208.1,515.4,1176.1,1522.3,1168.5,1141.9,1271.0,1521.4,1273.9,1247.2,556.3,634.9,1204.9,1003.6,596.7,1105.0,428.5,1371.0,409.6,1209.1,1467.0,1220.1,1238.5,1134.2,782.8,491.6,162.7,1082.5,724.1,557.9,967.4,939.2,245.9,1102.5,781.2,512.6,961.6,774.3,900.7,1361.2,906.6,100.2,1258.0,1227.4,950.7,813.7,267.4,789.2,1233.2,376.8
28,1041.8,203.9,507.3,1396.9,712.9,224.9,323.5,577.1,368.8,747.6,464.0,472.6,545.3,281.7,302.3,402.2,368.7,948.7,378.7,1005.4,329.0,812.1,661.2,689.8,305.9,1071.2,814.0,1322.1,0.0,525.3,360.5,1233.2,1438.7,632.0,1346.3,1160.6,573.3,930.2,357.6,377.4,241.1,407.3,1359.4,1286.9,392.1,712.4,740.3,172.0,227.2,295.1,1151.1,1327.4,670.0,217.2,837.6,371.0,319.9,326.9,387.1,388.5,318.9,391.5,256.3,778.6,751.3,213.9,470.8,777.1,424.3,1396.9,426.2,944.7,169.6,144.8,465.2,744.1,368.7,1074.1,835.4,1416.7,312.6,1006.0,849.5,1038.0,392.4,1473.6,292.6,707.7,1266.1,422.7,629.3,446.3,740.7,548.9,1242.7,338.9,236.5,821.5,864.2,1312.4,675.3,107.0,1395.4
29,900.5,729.2,751.3,1208.2,939.8,596.8,695.4,1102.4,612.8,974.5,708.0,144.6,20.0,338.0,649.3,927.5,337.6,654.5,340.6,757.2,700.8,408.6,888.2,778.3,643.5,877.6,1186.5,1133.5,525.3,0.0,732.3,1437.4,1250.1,156.4,1157.7,1510.0,307.0,682.0,882.8,308.0,612.9,521.9,1170.8,1038.7,210.7,459.7,967.2,543.9,510.8,667.0,962.5,1138.7,897.0,589.0,953.9,742.9,666.9,391.0,205.7,350.4,666.0,263.4,628.2,994.9,498.6,585.8,142.7,1004.1,797.6,1208.2,287.7,848.1,404.1,670.1,178.5,416.0,337.6,825.9,641.8,1228.0,636.7,757.8,996.5,1410.6,536.8,1284.9,656.7,760.4,1077.4,700.9,719.6,481.0,265.1,256.6,1054.1,710.7,608.4,1194.1,570.0,1123.8,902.3,478.9,1253.8
30,1252.5,564.4,748.1,1177.5,493.4,181.2,163.3,462.4,609.6,475.2,704.7,679.7,752.3,488.8,543.0,701.1,540.9,800.8,585.7,857.2,233.3,1022.8,441.8,470.9,145.6,913.0,470.2,1102.7,360.5,732.3,0.0,889.4,1219.3,836.5,1126.9,816.8,557.6,782.0,699.2,581.9,312.8,320.8,1140.0,1133.4,599.1,564.6,482.5,243.8,278.3,134.9,931.7,1108.0,450.6,173.5,618.2,73.4,560.7,524.0,594.1,595.5,559.7,598.5,212.6,559.1,603.4,170.3,650.3,557.7,79.8,1177.5,630.6,725.2,380.3,505.3,672.3,951.1,540.9,925.9,687.2,1197.2,152.3,857.8,630.1,694.2,305.9,1232.9,132.4,488.8,1046.7,141.1,410.4,364.4,945.2,617.9,1023.3,223.4,192.8,477.7,716.3,1093.0,455.9,253.4,1051.6
31,2093.5,1094.7,1316.4,415.0,740.6,1054.7,1036.7,685.4,1483.0,705.9,1359.7,1320.9,1457.4,1362.2,1416.5,924.2,1399.6,1047.3,1459.1,851.3,1106.8,1808.6,792.3,1034.6,1019.0,809.1,419.2,560.3,1233.2,1437.4,889.4,0.0,456.8,1556.4,584.5,72.6,1193.7,878.7,922.2,1455.3,1186.2,1157.6,371.4,894.6,1450.9,977.7,713.2,1117.2,1116.7,1008.3,608.0,565.6,783.5,1046.9,819.3,881.4,1434.1,1382.8,1445.9,1469.0,1433.1,1471.9,1086.1,860.3,938.9,1043.7,1307.5,900.6,911.9,415.0,1504.1,713.5,1253.8,1088.3,1524.1,1542.5,1399.6,1086.7,795.6,575.0,1025.8,1028.0,861.9,407.1,1142.8,364.8,1005.8,1052.4,807.8,973.2,1007.2,1201.3,1665.1,1210.5,578.2,1096.8,1066.3,461.2,1117.7,390.3,778.2,1126.9,183.6
32,2081.6,1530.2,1751.9,41.8,943.3,1332.4,1314.5,1120.9,1687.8,978.0,1783.0,1133.6,1270.1,1286.2,1621.3,1359.7,1250.8,859.9,1377.8,664.0,1384.5,1621.3,891.7,915.6,1205.8,621.8,876.0,470.3,1438.7,1250.1,1219.3,456.8,0.0,1369.1,494.5,529.4,1006.3,691.3,1357.7,1486.8,1409.2,1040.9,214.6,558.7,1263.6,790.4,970.7,1340.1,1251.7,1286.1,420.7,475.6,900.5,1324.7,632.0,1292.7,1638.9,1285.1,1258.5,1387.6,1638.0,1390.6,1363.8,672.9,751.5,1321.5,1120.2,713.3,1221.6,41.8,1487.6,526.2,1325.7,1523.8,1336.7,1355.1,1250.8,740.6,608.2,485.0,1199.1,804.5,674.5,863.9,1055.8,379.3,1219.1,897.8,613.5,1078.2,890.9,1017.3,1477.8,1023.2,390.8,1374.6,1344.0,847.2,930.3,202.9,905.8,1349.8,273.2
33,744.0,833.3,747.3,1327.2,1046.2,700.9,799.5,1206.5,608.9,1080.8,703.9,263.6,176.4,452.6,645.4,1031.6,452.1,773.5,345.5,876.2,805.0,252.2,994.5,897.3,748.1,996.6,1290.7,1252.5,629.4,156.4,836.5,1556.4,1369.1,0.0,1276.7,1629.0,426.0,801.0,987.0,304.1,717.1,636.5,1289.8,1157.7,247.8,578.7,1073.5,648.1,615.4,771.2,1081.5,1257.7,1003.3,693.2,1072.9,847.0,663.0,505.6,252.8,355.3,662.0,259.5,732.3,1113.9,617.6,690.0,261.7,1110.4,900.4,1327.2,283.8,967.1,508.2,774.3,174.6,386.0,452.1,944.9,760.8,1347.0,741.4,876.8,1115.5,1514.7,651.3,1403.9,761.4,879.4,1196.4,806.8,838.6,600.0,108.7,375.6,1173.1,814.9,712.5,1298.3,689.0,1242.8,1008.6,583.0,1372.8
34,1989.2,1550.2,1733.9,452.7,850.9,1240.0,1222.1,1164.5,1595.4,885.6,1690.6,1041.2,1177.7,1193.8,1528.9,1403.3,1158.4,767.5,1285.4,571.6,1292.1,1528.9,799.3,823.2,1113.4,529.4,1003.8,24.2,1346.3,1157.7,1126.9,584.5,494.5,1276.7,0.0,657.1,913.9,598.9,1401.3,1394.4,1316.8,948.5,292.2,623.6,1171.1,698.0,878.3,1247.7,1159.2,1193.7,237.4,18.9,808.1,1232.3,539.6,1200.3,1546.5,1192.7,1166.1,1295.2,1545.6,1298.1,1271.4,580.5,659.1,1229.1,1027.8,620.9,1129.2,452.7,1395.2,433.8,1233.3,1491.2,1244.3,1262.7,1158.4,807.0,515.8,186.9,1106.7,748.3,582.1,991.6,963.4,270.1,1126.7,805.4,536.8,985.8,798.5,924.9,1385.4,930.8,124.4,1282.2,1251.6,974.9,837.9,291.6,813.4,1257.4,401.0
35,2020.9,1022.2,1243.8,487.6,668.0,982.1,964.1,612.8,1410.4,633.3,1287.2,1393.5,1530.0,1289.6,1343.9,851.6,1327.1,1119.8,1386.6,923.9,1034.2,1823.7,719.7,962.0,946.5,881.7,346.6,632.9,1160.6,1510.0,816.8,72.6,529.4,1629.0,657.1,0.0,1266.3,951.2,849.6,1382.7,1113.6,1085.0,444.0,967.2,1400.0,1050.3,640.6,1044.6,1044.1,935.7,680.6,638.2,710.9,974.3,891.9,808.8,1361.5,1310.2,1395.0,1396.4,1360.5,1399.4,1013.5,932.8,1011.4,971.1,1380.1,949.7,839.3,487.6,1431.5,786.1,1181.2,1015.8,1473.2,1615.1,1327.1,1159.3,868.2,647.6,953.2,1100.6,934.5,334.5,1070.2,437.4,933.2,979.8,880.4,900.6,934.7,1128.7,1737.7,1283.1,650.8,1024.3,993.7,405.6,1190.3,462.9,705.6,1054.3,256.2
36,1170.1,777.2,960.9,964.5,666.4,527.6,520.6,967.4,822.4,701.1,917.6,212.9,327.0,385.1,755.9,975.5,267.6,410.9,394.6,513.4,590.7,678.2,614.8,533.2,412.0,633.9,975.2,889.7,573.3,307.0,557.6,1193.7,1006.3,426.0,913.9,1266.3,0.0,438.3,930.9,524.7,543.8,236.8,927.0,795.0,320.5,216.0,693.8,474.7,405.2,492.2,718.7,895.0,623.6,519.9,710.2,568.1,773.5,403.9,315.5,404.4,772.6,407.4,559.0,732.1,254.8,516.6,176.4,730.7,564.6,964.5,504.4,604.4,451.1,718.2,393.7,484.3,267.6,582.2,398.1,984.3,405.2,514.1,752.8,1199.2,251.6,1041.2,425.2,515.4,833.7,427.5,474.6,193.1,534.7,60.4,810.3,580.8,539.2,982.7,326.4,880.0,628.9,484.4,1010.1
37,1390.3,1134.1,1317.8,649.5,605.1,829.3,811.4,918.6,1179.3,639.8,1274.5,565.5,702.0,772.8,1112.8,1157.4,682.7,168.6,809.7,75.2,881.4,1053.2,553.4,402.2,702.7,198.6,926.5,574.7,930.2,682.0,782.0,878.7,691.3,801.0,598.9,951.2,438.3,0.0,1155.4,939.8,900.6,527.5,612.0,399.1,695.5,222.3,632.5,831.6,748.4,783.0,403.7,580.0,562.2,821.6,395.2,855.4,1130.4,771.7,690.5,819.5,1129.4,822.5,860.7,436.1,183.4,818.4,552.1,476.5,784.3,649.5,919.6,289.4,817.2,1075.1,768.6,663.8,682.7,217.5,214.9,669.2,696.0,149.4,437.7,1150.5,542.4,726.2,716.0,384.4,453.8,640.9,377.5,503.9,909.7,455.1,495.3,871.5,840.9,934.0,239.0,565.0,567.5,841.3,695.1
38,1380.0,319.3,602.9,1315.9,550.4,582.5,681.1,266.1,726.4,515.7,646.2,830.2,902.8,639.3,659.8,59.4,726.3,1250.5,736.2,1229.6,686.5,1169.7,602.0,844.3,663.4,1187.4,503.0,1377.1,357.6,882.8,699.2,922.2,1357.7,989.6,1401.3,849.6,930.9,1155.4,0.0,735.0,598.6,764.8,1272.3,1407.8,749.7,1070.0,523.0,529.6,584.8,652.7,1206.1,1382.4,593.2,574.7,892.6,691.2,677.5,684.5,744.6,746.0,676.5,749.0,613.9,833.6,1052.2,571.5,828.4,832.1,721.7,1315.9,783.7,999.7,527.2,212.7,822.8,1101.6,726.3,1299.4,1060.6,1471.7,670.2,1231.2,904.5,727.0,750.0,1265.7,650.2,862.2,1321.1,780.3,817.0,803.9,1098.3,906.5,1297.7,696.4,594.1,510.5,1221.7,1291.1,587.9,464.6,1084.5
39,903.7,578.7,492.8,1445.0,791.5,446.3,544.9,951.9,354.2,826.2,449.4,415.1,328.0,302.9,390.7,777.0,321.1,925.0,203.3,1015.0,550.3,556.3,739.8,768.5,493.5,1114.3,1036.1,1370.2,374.8,308.0,581.9,1455.3,1486.8,304.1,1394.4,1382.7,524.7,939.8,732.4,0.0,462.5,479.0,1407.5,1296.5,264.0,717.5,818.9,393.4,360.8,516.5,1199.2,1375.5,748.7,438.5,916.3,592.4,408.4,348.1,269.0,213.1,407.4,117.3,477.7,857.2,756.4,435.3,413.3,855.7,645.7,1445.0,98.2,1023.3,253.6,519.6,190.8,686.5,321.1,1083.7,878.6,1464.7,486.8,1015.6,928.1,1260.1,471.1,1521.6,506.8,786.3,1314.1,552.1,707.9,489.5,412.7,500.2,1290.8,560.2,457.9,1043.6,840.5,1360.5,754.0,328.4,1490.6
40,1133.1,445.0,628.7,1367.3,683.3,177.2,275.8,759.2,490.1,718.0,585.3,560.3,632.9,369.4,423.6,643.3,421.5,919.1,466.3,975.8,281.3,903.4,631.6,660.3,258.2,1041.6,767.0,1292.6,241.1,612.9,312.8,1186.2,1409.2,717.1,1316.8,1113.6,543.8,900.6,598.6,462.5,0.0,377.7,1329.9,1257.4,479.7,682.8,710.7,69.0,179.6,247.4,1121.6,1297.8,640.4,169.5,808.1,323.3,441.3,404.6,474.7,476.1,440.3,479.1,208.6,749.0,721.7,166.2,530.9,747.5,376.7,1367.3,511.2,915.1,260.9,385.9,552.9,831.7,421.5,1044.6,805.8,1387.1,264.9,976.4,819.9,991.0,362.8,1444.0,244.9,678.1,1236.5,375.0,599.7,416.8,825.8,519.3,1213.2,291.2,188.8,774.6,834.6,1282.8,645.7,134.0,1348.5
41,1262.5,611.2,794.9,999.1,429.6,301.8,283.8,730.6,656.3,464.3,751.5,449.7,541.9,278.4,589.8,809.5,285.6,546.0,375.3,602.7,353.9,888.7,378.0,388.2,175.2,668.5,738.4,924.3,407.3,521.9,320.8,1157.6,1040.9,636.5,948.5,1085.0,236.8,527.5,764.8,479.0,377.7,0.0,961.6,884.2,388.7,309.7,457.0,308.7,220.9,255.4,753.3,929.6,386.8,294.0,554.4,331.3,607.5,277.3,383.7,385.1,606.5,388.1,333.2,495.3,348.6,290.8,394.0,493.9,327.8,999.1,485.2,639.0,294.3,552.1,461.9,721.1,285.6,671.5,432.7,1018.9,168.4,603.3,566.3,962.4,14.8,1075.8,188.4,406.0,868.3,190.7,327.6,43.7,745.2,297.2,844.9,344.0,313.4,746.0,461.5,914.6,392.1,318.3,1044.7
42,2002.3,1444.8,1666.5,172.8,864.0,1253.1,1235.1,1035.5,1608.5,898.7,1703.7,1054.3,1190.8,1206.9,1542.0,1274.3,1171.5,780.6,1298.4,584.6,1305.2,1542.0,812.4,836.3,1126.5,542.5,790.6,268.0,1359.4,1170.8,1140.0,371.4,214.6,1289.8,292.2,444.0,927.0,612.0,1272.3,1407.5,1329.9,961.6,0.0,627.9,1184.2,711.1,891.4,1260.8,1172.3,1206.8,341.4,273.2,821.2,1245.4,552.6,1213.4,1559.6,1205.8,1179.2,1308.3,1558.7,1311.2,1284.5,593.6,672.2,1242.1,1040.9,634.0,1142.3,172.8,1408.3,446.9,1246.4,1438.4,1257.4,1275.8,1171.5,820.1,528.9,282.6,1119.8,761.4,595.2,778.5,976.5,164.7,1139.8,818.5,541.2,998.9,811.6,938.0,1398.4,943.9,300.0,1295.3,1264.7,761.7,851.0,86.3,826.5,1270.5,187.8
43,1747.0,1490.8,1674.5,600.6,857.4,1186.0,1168.1,1171.0,1536.0,892.1,1631.2,922.2,1058.7,1129.5,1469.5,1409.8,1039.4,523.8,1166.4,362.0,1238.1,1409.9,805.8,758.9,1059.4,314.1,1178.8,599.4,1286.9,1038.7,1133.4,894.6,558.7,1157.7,623.6,967.2,795.0,399.1,1407.8,1296.5,1257.4,884.2,627.9,0.0,1052.2,579.0,884.8,1188.3,1105.1,1139.7,438.0,604.7,814.6,1178.3,546.1,1206.8,1487.1,1128.4,1047.2,1176.2,1486.2,1179.2,1217.4,587.0,540.1,1175.1,908.8,627.4,1135.7,600.6,1276.3,440.3,1173.9,1431.8,1125.3,1020.6,1039.4,333.8,522.3,693.9,1052.7,397.6,588.6,1301.7,899.1,742.1,1072.7,741.1,146.8,992.3,734.2,860.6,1266.4,811.8,511.2,1228.2,1197.6,1186.4,595.8,580.9,819.9,1198.0,711.0
44,991.8,596.0,707.3,1221.7,806.6,463.6,562.2,969.2,568.8,841.3,664.0,158.0,230.7,204.8,574.6,794.3,204.4,668.0,207.4,770.6,567.6,500.0,755.0,765.2,510.3,891.1,1053.3,1146.9,392.1,210.7,599.1,1450.9,1263.6,247.8,1171.1,1400.0,320.5,695.5,749.7,264.0,479.7,388.7,1184.2,1052.2,0.0,473.2,834.0,410.7,377.6,533.8,975.9,1152.2,763.8,455.8,931.4,609.7,592.3,257.9,5.0,217.2,591.3,219.4,495.0,872.3,512.0,452.6,156.2,870.9,664.5,1221.7,243.7,861.6,270.9,536.9,73.2,429.5,204.4,839.4,655.3,1241.5,503.5,771.3,943.2,1277.4,403.6,1298.4,523.5,773.9,1090.9,567.7,704.6,389.4,356.4,270.1,1067.5,577.5,475.2,1060.9,583.5,1137.2,769.1,345.7,1267.3
45,1322.8,916.3,1100.0,748.5,540.7,611.5,593.5,854.3,961.5,575.4,1056.7,343.2,479.7,555.0,895.0,1093.1,460.4,266.6,587.4,297.5,663.6,830.9,489.0,337.9,484.9,417.9,862.1,673.8,712.4,459.7,564.6,977.7,790.4,578.7,698.0,1050.3,216.0,222.3,1070.0,717.5,682.8,309.7,711.1,579.0,473.2,0.0,568.1,613.8,530.6,565.2,502.8,679.0,497.9,603.8,494.2,637.9,912.6,553.9,468.2,597.2,911.6,600.2,642.9,535.2,38.9,600.6,329.8,575.5,566.9,748.5,697.3,388.4,599.4,857.2,546.4,614.7,460.4,366.2,182.1,768.3,478.2,298.1,536.8,1086.1,324.6,825.2,498.2,320.0,617.7,423.5,280.1,286.1,687.4,232.8,594.4,653.7,623.1,869.7,182.1,664.0,503.2,623.5,794.1
46,1595.5,695.5,917.2,928.9,27.4,634.0,616.0,286.2,989.3,7.3,960.5,906.7,987.2,723.7,922.8,524.9,739.3,727.5,820.6,706.6,686.0,1325.7,79.1,321.4,507.3,664.4,294.0,854.1,740.3,967.2,482.5,713.2,970.7,1073.5,878.3,640.6,693.8,632.5,523.0,818.9,710.7,457.0,891.4,884.8,834.0,568.1,0.0,641.7,553.2,587.6,683.1,859.4,70.3,626.2,369.6,474.5,940.5,722.6,829.0,830.4,939.5,833.4,665.4,310.6,529.3,623.0,848.6,309.1,505.0,928.9,867.7,476.7,627.3,689.1,907.2,1178.1,739.3,776.4,537.6,948.7,500.6,708.3,381.5,518.0,442.2,1005.6,520.6,339.2,798.1,379.7,294.0,500.7,1182.2,754.2,774.7,676.1,645.6,301.6,750.2,844.4,65.0,651.4,875.5
47,1064.1,375.9,559.7,1298.3,614.3,108.2,206.8,690.2,421.1,649.0,516.3,491.3,563.9,300.4,354.6,574.2,352.5,850.1,397.3,906.8,212.2,834.4,562.6,591.3,189.1,972.6,698.0,1223.5,172.0,543.9,243.8,1117.2,1340.1,648.1,1247.7,1044.6,474.7,831.6,529.6,393.4,69.0,308.7,1260.8,1188.3,410.7,613.8,641.7,0.0,110.5,178.4,1052.5,1228.8,571.4,100.4,739.0,254.3,372.3,335.6,405.7,407.1,371.3,410.1,139.6,680.0,652.7,97.2,461.9,678.5,307.6,1298.3,442.2,846.1,191.9,316.9,483.9,762.7,352.5,975.5,736.8,1318.1,195.9,907.4,750.9,922.0,293.8,1375.0,175.9,609.1,1167.5,306.0,530.7,347.7,756.7,450.3,1144.1,222.1,119.8,705.5,765.6,1213.8,576.7,65.0,1279.4
48,1119.3,431.2,614.9,1209.8,525.8,163.4,241.4,689.6,476.3,560.5,571.5,454.2,530.8,267.2,409.8,629.5,283.0,766.9,364.1,823.6,267.4,867.6,474.1,503.3,132.7,889.4,697.5,1135.0,227.2,510.8,278.3,1116.7,1251.7,615.4,1159.2,1044.1,405.2,748.4,584.8,360.8,179.6,220.9,1172.3,1105.1,377.6,530.6,553.2,110.5,0.0,213.0,964.0,1140.3,482.9,155.7,650.5,288.9,427.5,266.1,372.6,374.0,426.5,376.9,194.8,591.5,569.5,152.4,392.4,590.0,286.9,1209.8,409.6,757.6,169.2,372.1,450.7,725.6,283.0,892.3,653.6,1229.6,126.0,824.2,662.4,921.5,206.0,1286.5,146.0,521.1,1079.0,208.4,442.7,264.5,724.1,380.8,1055.6,277.4,175.0,705.0,682.4,1125.3,488.2,120.2,1255.4
49,1187.2,499.0,682.7,1244.2,560.2,115.9,28.4,581.3,544.2,594.1,639.4,614.3,687.0,423.4,477.7,697.3,475.6,801.4,520.4,858.1,98.4,957.5,508.5,537.7,80.3,923.9,589.1,1169.5,295.1,667.0,134.9,1008.3,1286.1,771.2,1193.7,935.7,492.2,783.0,652.7,516.5,247.4,255.4,1206.8,1139.7,533.8,565.2,587.6,178.4,213.0,0.0,998.5,1174.7,517.3,108.2,685.0,145.4,495.3,458.7,528.8,530.2,494.4,533.2,147.3,625.9,604.0,104.9,585.0,624.4,198.8,1244.2,565.3,792.0,315.0,440.0,607.0,885.8,475.6,926.9,688.1,1264.0,87.0,858.8,696.8,813.1,240.6,1320.9,67.0,555.5,1113.4,239.8,477.1,299.1,879.8,552.6,1090.1,88.5,127.5,596.7,716.9,1159.8,522.7,188.1,1170.6
50,1794.0,1355.0,1538.7,378.8,655.7,1044.8,1026.9,969.3,1400.2,690.4,1495.4,846.0,982.5,998.6,1333.7,1208.1,963.2,572.3,1090.2,376.4,1096.9,1333.7,604.1,628.0,918.2,334.2,977.1,213.2,1151.1,962.5,931.7,608.0,420.7,1081.5,237.4,680.6,718.7,403.7,1206.1,1199.2,1121.6,753.3,341.4,438.0,975.9,502.8,683.1,1052.5,964.0,998.5,0.0,218.4,612.9,1037.1,344.4,1005.1,1351.3,997.5,970.9,1100.0,1350.4,1102.9,1076.2,385.3,463.9,1033.9,832.6,425.7,934.0,378.8,1200.0,238.6,1038.1,1296.0,1049.1,1067.5,963.2,611.8,320.6,307.7,911.5,553.1,386.9,1015.1,768.2,390.8,931.5,610.2,351.3,790.6,603.3,729.7,1190.2,735.6,176.0,1087.0,1056.4,984.7,642.7,294.3,618.2,1062.2,424.4
51,1970.3,1531.3,1715.0,433.8,832.0,1221.1,1203.1,1145.6,1576.5,866.7,1671.7,1022.3,1158.7,1174.9,1510.0,1384.4,1139.5,748.6,1266.4,552.6,1273.2,1509.9,780.3,804.3,1094.5,510.4,984.8,5.3,1327.4,1138.7,1108.0,565.6,475.6,1257.7,18.9,638.2,895.0,580.0,1382.4,1375.5,1297.8,929.6,273.2,604.7,1152.2,679.0,859.4,1228.8,1140.3,1174.7,218.4,0.0,789.1,1213.4,520.6,1181.3,1527.6,1173.7,1147.2,1276.2,1526.6,1279.2,1252.5,561.6,640.2,1210.1,1008.8,601.9,1110.3,433.8,1376.3,414.8,1214.4,1472.2,1225.4,1243.8,1139.5,788.1,496.9,168.0,1087.7,729.3,563.2,972.7,944.4,251.1,1107.7,786.4,517.9,966.9,779.5,905.9,1366.4,911.8,105.5,1263.3,1232.7,955.9,819.0,272.7,794.5,1238.5,382.0
52,1525.2,765.8,987.4,858.7,42.9,563.7,545.7,356.4,919.1,77.6,1014.3,836.4,917.0,653.4,852.6,595.2,669.0,657.2,750.4,636.3,615.8,1255.5,8.8,251.1,437.1,594.2,364.3,783.9,670.0,897.0,450.6,783.5,900.5,1003.3,808.1,710.9,623.6,562.2,593.2,748.7,640.4,386.8,821.2,814.6,763.8,497.9,70.3,571.4,482.9,517.3,612.9,789.1,0.0,556.0,299.4,524.0,870.2,652.3,758.8,760.2,869.2,763.1,595.1,240.3,459.0,552.7,778.4,238.8,452.9,858.7,797.4,406.4,557.0,759.4,836.9,1107.9,669.0,706.1,467.4,878.4,430.3,638.0,311.2,588.3,371.9,935.3,450.3,268.9,727.8,309.5,223.8,430.4,1112.0,683.9,704.5,605.9,575.3,371.8,679.9,774.2,5.3,581.1,904.3
53,1109.2,421.1,604.8,1282.9,598.8,37.9,136.5,619.9,466.2,632.7,561.4,536.4,609.0,345.5,399.7,619.4,397.6,840.0,442.4,896.8,142.0,879.5,547.1,576.3,118.9,962.5,627.7,1208.1,217.2,589.0,173.5,1046.9,1324.7,693.2,1232.3,974.3,519.9,821.6,574.7,438.5,169.5,294.0,1245.4,1178.3,455.8,603.8,626.2,100.4,155.7,108.2,1037.1,1213.4,556.0,0.0,723.6,184.0,417.4,380.7,450.8,452.2,416.4,455.2,39.1,664.5,642.6,27.0,507.0,663.0,237.4,1282.9,487.3,830.6,237.0,362.0,529.0,807.8,397.6,965.5,726.7,1302.6,125.6,897.4,735.4,851.7,279.2,1359.5,105.6,594.1,1152.0,278.4,515.7,337.7,801.9,495.4,1128.7,151.9,49.5,635.3,755.5,1198.4,561.3,110.1,1209.2
54,1692.8,1041.5,1225.2,590.1,342.2,731.3,713.3,655.8,1086.7,376.9,1181.9,837.4,973.9,821.0,1020.2,894.6,836.6,563.8,918.0,367.8,783.4,1325.1,290.6,418.7,604.7,325.6,663.6,515.4,837.6,953.9,618.2,819.3,632.0,1072.9,539.6,891.9,710.2,395.2,892.6,916.3,808.1,554.4,552.6,546.1,931.4,494.2,369.6,739.0,650.5,685.0,344.4,520.6,299.4,723.6,0.0,691.6,1037.8,819.9,926.4,927.8,1036.9,930.8,762.7,71.8,455.4,720.3,824.0,112.2,620.5,590.1,965.0,137.9,724.6,982.5,1004.6,1059.0,836.6,603.3,312.1,609.9,598.0,544.5,73.4,887.6,539.5,666.8,618.0,436.5,459.3,477.1,391.4,598.1,1181.6,727.0,436.0,773.5,742.9,671.2,634.2,505.6,304.7,748.7,635.7
55,1263.1,574.9,758.6,1250.8,501.9,191.8,173.8,454.4,620.1,467.2,715.3,690.2,762.9,499.3,553.6,693.2,551.5,874.2,596.3,930.6,243.9,1033.4,515.1,544.3,156.2,986.3,462.2,1176.1,371.0,742.9,73.4,881.4,1292.7,847.0,1200.3,808.8,568.1,855.4,691.2,592.4,323.3,331.3,1213.4,1206.8,609.7,637.9,474.5,254.3,288.9,145.4,1005.1,1181.3,524.0,184.0,691.6,0.0,571.2,534.6,604.7,606.1,570.3,609.1,223.2,632.5,676.8,180.8,660.8,631.0,153.2,1250.8,641.2,798.6,390.9,515.9,682.9,961.7,551.5,999.3,760.6,1270.6,162.9,931.2,703.4,686.2,316.5,1224.9,142.9,562.1,1120.0,214.5,483.7,375.0,955.7,628.5,1096.7,234.0,203.4,469.8,789.7,1166.4,529.3,264.0,1043.7
56,956.9,523.8,407.3,1597.1,913.1,425.1,523.7,897.0,268.7,947.8,363.9,672.8,686.9,481.9,67.1,722.1,568.9,1148.9,562.3,1205.6,529.2,790.3,861.4,890.1,506.1,1271.4,1014.9,1522.3,319.9,666.9,560.7,1434.1,1638.9,663.0,1546.5,1361.5,773.5,1130.4,677.5,408.4,441.3,607.5,1559.6,1487.1,592.3,912.6,940.5,372.3,427.5,495.3,1351.3,1527.6,870.2,417.4,1037.8,571.2,0.0,527.1,587.3,572.1,83.7,476.3,456.5,978.8,951.5,414.1,671.0,977.3,624.6,1597.1,457.2,1144.9,369.8,464.8,549.8,944.3,568.9,1274.3,1035.6,1616.9,512.8,1206.2,1049.7,1238.9,592.6,1673.8,492.8,907.9,1466.3,622.9,829.5,646.5,771.7,749.1,1442.9,539.1,436.7,1022.5,1064.4,1512.6,875.5,307.2,1596.4
57,1160.4,530.8,714.5,1243.3,695.2,388.5,487.1,904.0,576.0,729.9,671.2,338.4,411.0,147.5,509.5,729.1,234.5,790.1,244.4,846.9,492.5,757.8,643.5,653.7,398.8,912.6,963.6,1168.5,326.9,391.0,524.0,1382.8,1285.1,505.6,1192.7,1310.2,403.9,771.7,684.5,348.1,404.6,277.3,1205.8,1128.4,257.9,553.9,722.6,335.6,266.1,458.7,997.5,1173.7,652.3,380.7,819.9,534.6,527.1,0.0,252.8,254.2,526.2,257.2,419.9,760.9,592.7,377.5,336.6,759.4,553.0,1243.3,354.3,883.2,205.7,471.8,331.0,609.8,234.5,915.6,676.8,1263.0,392.1,847.5,831.8,1187.6,292.1,1319.9,412.1,671.5,1112.4,456.2,593.1,287.8,614.3,379.5,1089.1,502.4,400.1,971.1,705.6,1158.8,657.6,280.5,1288.9
58,996.8,591.0,712.4,1216.7,801.6,458.6,557.2,964.2,573.8,836.3,669.0,153.0,225.7,199.8,569.6,789.3,199.4,663.0,202.4,765.6,562.6,505.0,750.0,760.2,505.3,886.1,1048.3,1141.9,387.1,205.7,594.1,1445.9,1258.5,252.8,1166.1,1395.0,315.5,690.5,744.6,269.0,474.7,383.7,1179.2,1047.2,5.0,468.2,829.0,405.7,372.6,528.8,970.9,1147.2,758.8,450.8,926.4,604.7,587.3,252.8,0.0,212.2,586.3,215.2,490.0,867.3,507.0,447.6,151.2,865.9,659.4,1216.7,248.7,856.6,265.9,531.9,78.2,424.5,199.4,834.4,650.3,1236.5,498.5,766.3,938.2,1272.4,398.6,1293.4,518.5,768.9,1085.9,562.7,699.6,384.4,361.4,265.1,1062.5,572.5,470.2,1055.9,578.5,1132.2,764.1,340.7,1262.3
59,1067.4,592.4,656.5,1345.7,803.0,460.0,558.6,965.6,518.0,837.7,613.1,297.8,370.4,201.2,554.4,790.7,200.8,806.8,9.8,894.7,564.0,607.5,751.3,761.6,506.7,1015.1,1049.7,1271.0,388.5,350.4,595.5,1469.0,1387.6,355.3,1295.2,1396.4,404.4,819.5,746.0,213.1,476.1,385.1,1308.3,1176.2,217.2,597.2,830.4,407.1,374.0,530.2,1100.0,1276.2,760.2,452.2,927.8,606.1,572.1,254.2,212.2,0.0,571.1,95.8,491.3,868.7,636.1,449.0,296.0,867.2,660.8,1345.7,192.9,985.6,267.3,533.3,242.0,569.2,200.8,963.4,779.3,1365.5,499.9,895.3,939.6,1273.8,399.9,1422.4,519.9,779.4,1214.9,564.1,701.0,385.8,464.0,379.9,1191.6,573.9,471.5,1057.3,722.3,1261.2,765.5,342.1,1391.3
60,955.9,522.8,406.3,1596.1,912.1,424.1,522.7,896.0,267.8,946.8,362.9,671.8,686.0,481.0,16.7,721.2,567.9,1147.9,561.3,1204.6,528.2,789.3,860.4,889.1,505.1,1270.4,1013.9,1521.4,318.9,666.0,559.7,1433.1,1638.0,662.0,1545.6,1360.5,772.6,1129.4,676.5,407.4,440.3,606.5,1558.7,1486.2,591.3,911.6,939.5,371.3,426.5,494.4,1350.4,1526.6,869.2,416.4,1036.9,570.3,83.7,526.2,586.3,571.1,0.0,475.3,455.5,977.8,950.5,413.2,670.0,976.3,623.6,1596.1,456.2,1143.9,368.9,463.8,548.8,943.3,567.9,1273.4,1034.6,1615.9,511.8,1205.3,1048.7,1237.9,591.6,1672.8,491.8,906.9,1465.3,621.9,828.5,645.6,770.7,748.1,1442.0,538.1,435.7,1021.5,1063.4,1511.6,874.5,306.3,1595.4
