,0,1,2,3,4,5,6,7,8,9,10,11,12,13,14,15,16,17,18,19,20,21,22,23,24,25,26,27,28,29,30,31,32,33,34,35,36,37,38,39,40,41,42,43,44,45,46,47,48,49,50,51,52,53,54,55,56,57,58,59,60,61,62,63,64,65,66,67,68,69,70,71,72,73,74,75,76,77,78,79,80,81,82,83,84,85,86,87,88,89,90,91,92,93,94,95,96,97,98,99,100,101,102
0,0.0,879.3416360679067,1570.412355798734,1132.773345174414,1563.7162522410254,1609.279082732628,536.2029065474323,833.8989408485043,1624.4359179568592,1452.0443965104198,653.6520056074577,1527.4732834530437,786.0798197031352,671.5535896210237,1291.3868487577388,1285.8724122071346,822.9934858498658,1239.932457917586,1380.613580501413,824.9676823747005,1438.4648492488975,1448.2945508625496,639.4939639699573,1215.6448096107445,693.7180889995939,960.3327089302228,1273.5423466871453,928.6589236761376,655.815312262113,1162.3790800512195,867.5394106648661,1313.506878135162,1431.083883816905,1095.8459764775027,1179.6912422114765,1141.444312277958,551.0447974107234,984.3982869899615,769.6592927641802,925.5058040628086,960.4576528173892,1261.5448002518592,865.5476641195171,1378.0641955592882,1372.4425739147482,1265.5229175119275,1212.2859128378832,1141.444312277958,1012.6789663051978,1300.5625286586703,1157.1349481650304,947.780762534778,983.2666032804432,1218.632365798065,499.8846019678505,1223.766848108849,581.3058576918194,1317.0447978612,1222.119600758166,685.8581957366846,745.2427518971996,1134.0139054491606,1491.7271679432456,1372.4425739147482,1175.3125033523145,1374.0569670073617,1218.552902977583,953.9942495197844,1509.8467402753986,1169.123172704737,1090.5026664608863,1261.6158394360623,1042.6833273863972,1371.973115000528,529.8814128457325,1073.7703040299532,1266.9309250095434,1222.9302666211622,1293.0868548699668,1211.8964928589314,1179.6912422114765,1508.8676424576397,1498.4810023196944,1292.4866133631022,1049.5194493888243,681.624337053245,1384.1976308552223,601.2801488479714,1406.957170534023,1441.400370232216,994.6698231286678,663.0281631262604,1314.8540458453178,1683.7146689331923,1229.2165877472646,1431.083883816905,1099.876775084762,963.5638707267356,1290.9759799672297,1413.1120451459176,929.0818608480982,822.8731071824103,1667.6765190679764
1,879.3416360679067,0.0,696.8721523496715,517.9247874087731,685.8109232818558,748.1582696424482,530.4856114398152,159.0125201009895,830.5071027495974,586.8378902709327,275.5922546316074,688.6908100084673,299.8769742834106,349.68800875073845,422.2599577235203,407.93445866807394,163.56039287332953,511.5666518545231,565.2004210198206,174.4148579593573,593.4001796229801,588.6704425747358,250.9960026740337,547.3077051193055,377.8271473882584,255.4544845668024,585.2192733590972,130.1397673436231,250.18570112703424,336.7886549424924,31.75680369424562,439.9392096514322,596.8032427682452,227.01962745840947,546.9597038793289,385.51957193058377,419.5801140942364,441.6246048716658,440.6885593681976,46.167209658448606,492.4684904893352,579.0172295150744,265.4599490410937,535.6005884697452,589.1142724060243,581.1025363183683,334.400109660944,385.51957193058377,343.18648184314657,431.74742858825846,318.89893394494123,462.58641717045,274.8946241334819,486.06031067429205,469.5082046983979,356.0718296217317,406.74221664548463,590.0730908458021,420.9398795074999,443.69947256170485,154.25610590514145,455.6624808070296,718.7989118725566,589.1142724060243,354.2393478405563,505.1042013628311,393.38069242327975,334.99068370592187,642.873568209485,385.3136066876396,234.04282670004807,382.3059051005518,372.50372829731896,539.9457239906667,366.3967409330255,405.7851062076752,388.64416244693535,353.57507434962235,427.08466289739306,337.562079027376,546.9597038793289,688.471896006013,619.2402062811003,425.382739897002,237.4744651484959,228.69108867151536,556.5303036762365,283.8150909076577,564.4982277823682,565.0748807330965,526.244097510386,429.69475771793645,535.2971085832053,846.3785003354468,373.2165362980723,596.8032427682452,536.7347060587964,142.91413825787606,430.0349292838521,557.5593429464004,355.1587689573044,233.2368432270027,816.6105702458871
2,1570.412355798734,696.8721523496715,0.0,827.568954004834,179.00643934436368,342.468120403296,1199.2907974890816,745.6628630814477,612.7905847670886,309.6083119688587,926.5403102133348,430.7650499535463,911.396308885102,947.1261606424142,279.4091662967115,323.3747431258537,756.7686746948773,675.8252690722853,303.66328259576403,806.4947529194591,402.0128082304117,339.3869926508725,947.26400492267,766.8016721354386,1017.9724781345992,738.689326654343,745.021000485765,645.4325214150869,942.4310098859272,535.3037243963848,704.6311229040218,257.3280174657543,440.30809222995936,474.650110726309,811.9130112729331,642.8179298405996,1056.8973549719328,886.5125942825347,1032.025189082974,651.54434722584,958.291738704747,752.3227065723308,831.989468163949,419.4080745808521,576.4149286445547,749.9685826764087,363.7517848720999,642.8179298405996,760.647594399662,358.2000930431385,426.7828635778956,937.6832298883004,730.0421348792123,668.8885809609917,1112.5994271002205,346.9639098790969,1033.0368464411983,684.9853626915495,554.3855711737045,1074.3789305050273,825.3951227359042,595.0451059826496,622.8827749534596,576.4149286445547,536.669074721425,197.8227449857156,386.8950369916126,811.6792800067605,291.3619221820512,465.784402950007,534.1726573245741,324.8656176112788,633.7190475294121,452.5148634624292,1043.4213029037446,624.2225039689893,311.3347210147785,347.5286591387565,279.2522078264113,359.60351672308724,811.9130112729331,492.7552541953728,150.37958425063692,279.19665299805484,535.336946144905,918.6329579739904,273.85066276700263,969.1338473574798,414.63348002620654,231.90728534909871,967.4096917533868,1072.2986593563928,583.1816658154748,488.40801766502136,347.8286173901743,440.30809222995936,885.9414462206372,655.5423835358054,285.32059406066014,364.330230539396,851.4652388399749,842.3409334065657,419.0185260040484
3,1132.773345174414,517.9247874087731,827.568954004834,0.0,701.2258787887142,640.6048610908182,606.664013303772,676.2125839237938,531.1895026396925,541.9765261133401,738.6361033965799,517.613810577321,362.4343591862338,837.4557244895476,668.0235952365209,531.2908691639901,679.6477640821287,166.1900688285726,886.0199279740873,397.9348980265551,469.01431104871256,518.4204636459169,578.8751851696181,92.90735644196435,439.97040118186334,264.1204581201716,150.74088596361972,630.2582852739498,545.5173939367802,316.78606590381133,549.4327374897773,655.6824647956928,438.75576977052816,580.6028734766144,47.12926137094793,197.10308911622977,864.9252147234797,148.65934328625045,368.6698341947245,507.0959533918506,190.71930505624337,137.60002378092895,306.36917230554826,425.1856711171116,313.3215444486018,141.92980582591625,570.3140661672526,197.10308911622977,175.71214705861044,474.6627712727415,690.1503966860784,192.11135829995135,243.17159002527467,163.703062235896,899.1959496413449,638.7177630095532,864.9184711936963,212.5149110427484,273.6656531924634,450.4019709067808,632.3169770235194,921.4077815014576,394.730458448537,313.3215444486018,307.56217501815576,718.4195444239365,754.3750300857752,205.77736352969583,588.818312269891,798.3064050163817,393.0284367307069,561.4524689138848,859.1301545622833,397.0957570803195,765.1951598214487,886.4067899164853,589.2278397804836,630.95826247062,683.2180907122331,599.3370130446838,47.12926137094793,468.38638909771583,683.3624120963777,678.0591872381314,679.8525644796672,525.5270278374861,859.987576636087,687.4940723627324,442.3521888054146,599.2292901944088,173.91675521090076,470.703453655595,272.25957195690864,642.327380013635,683.4594403801159,438.75576977052816,61.28605134642118,383.58129545930825,701.9946379206888,482.70852452070994,214.31459267793383,359.8346894888259,658.5280080435234
4,1563.7162522410254,685.8109232818558,179.00643934436368,701.2258787887142,0.0,165.33647323977831,1145.475969251384,770.2246066358442,433.7999030205804,159.42399485167573,943.4909969492866,254.8760398745381,848.1840884382578,983.1651265520286,324.6831051809914,277.9756014987898,780.9667220477448,539.815438452218,442.9442726260341,759.9350354494616,243.21510315078208,185.03947525039817,926.2227740279028,629.6481697234793,957.649991355581,663.9558997443411,599.3579269861779,667.6513722068211,914.7373689703644,445.1435939281443,701.1504730888694,291.1677816827727,280.3709671199896,488.5239987099556,678.5244234626597,534.0205529212394,1082.6280612866094,782.6441419317404,954.1266388936236,639.7812796509049,852.8949696674044,608.2832043769096,763.8785141354158,276.6303785700373,420.9252845434316,605.3877129807154,363.691772950726,534.0205529212394,666.3555056379666,272.9419731514522,482.360433532521,836.0837033749018,650.1370839314076,537.8585509640823,1137.0260885518842,381.3069270299131,1062.3997951190856,534.5685159596122,437.79462254793054,1007.5569588523942,830.7760881762771,700.5202812917871,450.6032197500461,420.9252845434316,440.8120473006514,269.36620063345333,469.0371324800693,723.7495266599029,121.83659149887728,554.3394757596984,480.82818018966685,307.94298072349824,717.9371813515655,306.8525234403912,1049.5824276877931,716.6938673086973,310.53951878986544,377.9877044679317,333.5252712873744,374.8243181282424,678.5244234626597,318.6973424818416,78.13817732176804,330.4618214906804,580.364329588314,889.4634062941316,409.0836475301499,968.9846429215796,263.42280345298155,124.09880388884788,855.8032289453673,1010.2887978793044,438.7132720071892,313.9044158944029,403.4456932455908,280.3709671199896,761.8444818620334,609.7208010614503,350.149127579974,218.81249352433773,763.3142115083398,784.8733159663104,246.1967999363311
5,1609.279082732628,748.1582696424482,342.468120403296,640.6048610908182,165.33647323977831,0.0,1153.6329570235105,856.9224200649028,275.09949517513263,161.70668048010242,1019.1475956462745,128.4690182122573,855.2051842276816,1072.533518285384,453.3923384320043,357.6843173118948,867.0182761734698,474.4581746363715,601.7162786693775,787.0380416997555,180.7710359361852,161.10555302726874,970.6074859943476,556.9704889589632,963.9696186572768,667.6602492807767,514.9207633220744,756.7554882198693,953.5197009353708,450.7029843690513,768.9562397819227,418.6879715189504,203.72687966564237,582.5634976388403,609.0131785545761,507.4046202595055,1162.1009221797592,747.347146084935,942.30299552395,704.0252802470307,813.1442836889846,526.009975157733,769.341495960959,238.61083051414207,331.69587636179136,522.3933806795953,461.1980534564418,507.4046202595055,648.086699428901,316.8891644058281,603.0547735417566,801.452657756908,649.0940999922851,480.2078448334913,1214.4798086506205,498.0405284970435,1145.081739523148,445.79853432538505,410.8891524908183,1005.8623922479442,900.54150885904,840.2645051766377,319.5146269091181,331.69587636179136,440.2026577376057,415.4688630434473,604.4150288622,709.6993333180726,109.28681445258276,689.3036657716067,520.8381655963196,402.6985313515099,845.6500019612884,255.37634276545103,1114.0215521181228,849.1180121840399,415.57524465303817,492.8419500155522,465.54416006104896,480.8571211221633,609.0131785545761,191.2569000091261,227.89400838333276,461.3940000878633,689.2452475341173,927.720095171117,567.3580055247027,1030.1205099821734,212.2399552632481,213.1582381923482,808.3856850265292,1013.4327636049736,368.43210515590766,149.48003335588265,529.71408962719,203.72687966564237,701.7294530901497,645.9042937677816,485.3957889775004,196.41965771987785,747.1471619995544,800.223705666869,85.44454379207363
6,536.2029065474323,530.4856114398152,1199.2907974890816,606.664013303772,1145.475969251384,1153.6329570235105,0.0,587.1792825367451,1121.1314678466022,1009.0189990624684,479.5312143203428,1053.5102950742717,298.9802625492735,573.6558215306601,939.3863312996446,881.6086738277268,580.2056317091622,732.2327778577221,1095.6794472178233,392.8308063829943,974.0806132457092,998.0857026151558,307.26504608921505,694.3211701533461,189.69075763654664,486.49053221210505,753.2138063059779,639.3303279105567,290.3447476456025,706.4312546722825,537.9356693726762,950.5911282814218,958.6078370610217,752.0123989974683,653.7757611203203,653.0793418013841,509.7608724658733,458.4507190949069,238.1459040231325,568.763479419423,426.6666405213121,740.5997189702946,384.7405461716983,915.1001340840552,875.5508175808914,744.7713253807589,839.8298261828845,653.0793418013841,513.7200162004373,872.5427358855735,849.3764522187558,416.712517964066,504.5388954194788,713.9385967969122,505.9597065014836,876.8751572007446,531.1820327050492,803.9504740438189,745.2078754438635,156.95850029732057,477.146389040818,945.9399644544592,984.937975050493,875.5508175808914,714.8882830697858,1019.7185627999232,923.7658641897954,451.40945213430336,1066.6774790702914,908.9063021625794,669.014747355861,874.4254042735527,850.7652425233935,901.4656345016356,395.2426869646786,886.7844637621347,889.3397888390195,872.9780913673433,946.9183787485372,851.3901592556416,653.7757611203203,1023.3458344437056,1093.6839546264264,944.3385449519692,762.5708803416726,306.1837320293656,1086.6386386024164,382.29087597289055,942.1935069613668,1021.9216698282276,459.4865078519096,141.92258895503224,820.0417002653293,1202.6631936250326,900.071670332332,958.6078370610217,568.3909980946771,543.9390533544615,953.2388903997308,960.2434822707404,418.9506859852459,360.7557717399672,1198.7730453377123
7,833.8989408485043,159.0125201009895,745.6628630814477,676.2125839237938,770.2246066358442,856.9224200649028,587.1792825367451,0.0,969.0662650410848,695.9145062007145,181.6767556301999,813.7843971075864,421.1088966650506,215.6130311520716,467.2367662923631,501.384973771465,11.109269042514155,667.7838364106692,550.4100257773728,307.76772967302617,717.7792860665438,703.0048625636882,280.02158629433563,706.1231710236917,472.7668254882184,412.695076875904,743.068740009313,102.6371955129271,299.0446057252676,481.1124668992294,127.26354933292802,493.7268005129108,726.6847449155661,281.7508743746164,705.8765445868061,541.8352764605045,313.3970147470782,592.3807736684173,555.4059864542481,181.63631247207888,637.4308227607291,737.1843852194723,407.7924672989814,663.3956147752872,735.5283993365192,739.1710499455727,406.54380737364,541.8352764605045,500.9280511891327,542.7054235704123,324.0089096754825,607.6701861166263,433.0411094762259,642.37881835477,368.57377135902885,400.5718226083965,292.21578480421056,745.0429069372309,568.5508141630933,538.1126376921483,110.63153828357044,358.7638050908596,864.4516435004389,735.5283993365192,499.17266920766826,547.8401185771393,384.9338326147557,487.9403469772928,748.3401569752345,342.8701413383268,370.5811172323615,463.1797230664084,263.8632022129699,672.7177460198709,304.2201436402138,299.8595495842888,459.9817511253954,401.3377307687433,466.4225426222313,397.3928321066097,705.8765445868061,821.628007839774,696.8981446904685,466.6329100607422,215.68319505725685,288.6878981909207,551.544729089313,243.14284727907676,691.2887947860853,657.5347806562979,673.340210708782,517.4929855423425,683.9368529489344,968.7322169637156,398.9615660197552,726.6847449155661,692.7880106231709,300.593371787283,461.4819908456524,676.2055833816166,503.8054520970926,365.7623468232629,931.6445002643942
8,1624.4359179568592,830.5071027495974,612.7905847670886,531.1895026396925,433.7999030205804,275.09949517513263,1121.1314678466022,969.0662650410848,0.0,344.88165576272456,1104.5956328681689,194.2453784758092,839.3612940164562,1178.186464650659,658.5562791173267,522.6330959976951,977.5201469688764,388.9082575872181,843.1380578687588,810.1399452001427,273.4080337494412,319.7251618642223,1007.7332160292732,438.3008781472615,938.8707557307508,666.3465226868499,381.1242944301348,879.4587560691688,982.5750745229132,494.0530602004073,857.9304731639127,626.1758055302231,250.9921565272344,728.2898447363114,487.5917401137662,484.1920040347255,1247.745768028878,670.0868297700422,888.3163010960906,793.4794857784414,721.6239610790082,394.3085233726519,758.8971987749574,314.28084127801804,252.8187330423916,389.97270623147153,627.0312797300658,484.1920040347255,612.8506408659335,454.1991326545669,784.3047963954632,719.8962280843705,642.5743251282606,407.94410568404135,1294.8384958772274,683.4359558569126,1236.7366401924696,320.34796129046094,414.8790159459296,964.74706703285,983.0311468929782,1039.50719268671,137.03990536808524,252.8187330423916,477.0228573703875,645.4977571728183,806.9050325543502,673.3596491479598,331.84500603899306,886.5894391455797,599.416888361671,574.9545721494009,1024.2071144352594,298.3798223678615,1176.6214002356037,1035.4439329374954,597.4848221884549,676.392747839115,673.6685499038002,654.6376632253816,487.5917401137662,154.57993262929466,480.6672190523824,668.5373898355491,846.8089250701579,957.617239479994,808.7056256958656,1091.262728786792,290.493523487879,431.91074056493335,703.8945533680889,979.9365696874876,310.6586700303171,162.19787086189442,724.6341901472545,250.9921565272344,585.3835072743,699.1573741542638,695.9629536240194,325.38774876967824,702.8569654581536,802.985980007536,221.3936129071638
9,1452.0443965104198,586.8378902709327,309.6083119688587,541.9765261133401,159.42399485167573,161.70668048010242,1009.0189990624684,695.9145062007145,344.88165576272456,0.0,857.4422790302224,151.04345163204812,710.0848863089594,911.5097303398204,317.14267340128174,200.06661655929693,705.9219640786071,380.4522004846199,499.4141157572682,633.3892791276995,92.89448005145508,30.131777848740835,812.6734427944533,470.4701961532066,819.6383569786229,523.0087212667006,441.7755192215551,596.326203578418,796.9511864240247,302.61672021260483,607.3391023150153,283.660474102684,131.07462481414225,424.24468211649577,519.1369983589946,379.64616579739777,1000.4084867705648,627.5718366255311,807.5918657038596,542.5085016952941,697.0203822906365,450.2683904528125,624.5156956187873,117.2240923252965,267.466464648636,447.5094940583781,306.0967563464167,379.64616579739777,515.8305780684628,155.24516580901135,455.653511693757,681.3943712056252,506.72491343452975,378.5002763871759,1052.7745612702058,351.1072518902314,983.4890141994222,378.5843509908896,282.1767564852585,865.7120689551131,738.9358559531875,703.5147406659872,320.85262028805766,267.466464648636,295.067198553054,300.9004932209282,467.9933913372515,575.2040714928232,58.16656742601227,550.5316959748795,361.7714358614416,248.50664393170948,699.14829564249,148.00400203814874,952.9637651742652,705.9350199774974,265.5318626101552,344.9765266482812,331.5243234915026,328.77842102160986,519.1369983589946,199.3972756902144,159.68638230800414,326.62583161076617,534.6208075928563,771.2163639835042,465.1527346072213,869.3355935265727,106.24992787589916,89.68487111987982,698.4064656788562,870.8265672792018,280.28109753103865,282.534542593741,388.0919568374748,131.07462481414225,602.7087893808447,488.6921237605864,353.3622833479431,59.389603648373935,614.1878621194207,651.1079844012216,236.72579570327343
10,653.6520056074577,275.5922546316074,926.5403102133348,738.6361033965799,943.4909969492866,1019.1475956462745,479.5312143203428,181.6767556301999,1104.5956328681689,857.4422790302224,0.0,963.9837504928266,413.4908505111613,106.79723322902126,647.5523247649053,669.4796606012707,170.60485604671348,768.0136948395872,727.4668665677232,340.76443484940245,868.4823229097494,861.2365603843829,198.64942201559117,787.8233973773398,421.41730147195256,481.7987394117889,833.5146358353498,281.24531987212794,232.58527417825084,610.561958268184,251.23229823714016,672.9834722652422,872.3869413180435,457.6410420135219,775.9954514346213,644.2256303870276,144.0207738275917,625.2823187432125,521.945705950835,316.8291431370374,652.5516275410279,825.3789087343856,437.1936623676917,811.028648943446,859.8306478168358,828.1042240248812,580.8093601010389,644.2256303870276,566.7175628049434,702.3152475247044,505.63442102687605,624.8126990483331,505.9846468062507,742.636392677293,195.33228675006384,580.4329856203286,132.64395772575588,848.8557650048598,692.0336010079566,478.4528894415576,121.6551175982295,502.5349658625153,989.4294966441482,859.8306478168358,627.5916861091694,728.7706228992216,565.0871213069686,534.4872243456508,912.146842134667,516.7848308752635,509.622151379614,635.5535009389723,406.3857295049921,815.5043032777518,126.88946451440404,440.8473418198034,635.1631978652133,580.7424130054352,647.322837141286,574.5561864367995,775.9954514346213,963.9075226878108,872.0160374227343,647.3530438654749,397.0119005347776,239.0522387937729,730.5539962953352,97.2405954134174,839.8580916132439,827.2032455525983,691.8982948396377,451.6726147479867,804.4743999396259,1121.4283673408452,580.4608392240241,872.3869413180435,740.4709853122299,407.2698217533811,642.9146507284206,831.3332998480851,537.0167557128541,384.88046374203736,1089.9318284030212
11,1527.4732834530437,688.6908100084673,430.7650499535463,517.613810577321,254.8760398745381,128.4690182122573,1053.5102950742717,813.7843971075864,194.2453784758092,151.04345163204812,963.9837504928266,0.0,757.7995213286285,1027.7212454985238,467.0373284549183,338.5819812448998,823.1103180823778,352.2884037347092,648.9442253290737,702.5420360234632,96.02038762697283,127.59054302243116,893.7420749073486,431.64856723660455,864.7260037460011,572.2743465951633,387.6307918665368,718.288992571722,873.2785646915215,366.1115018062623,712.9974281052266,434.0022332225371,96.4299318232308,555.2823620818591,483.99287848605553,400.8749578044103,1107.9939191894207,631.7408449230307,834.4436242881087,647.3794878635704,695.2090877868836,399.0002994201474,672.5892677708841,153.28344929809697,205.53164749019948,395.28698129524486,445.0770668606415,400.8749578044103,541.6123414386162,276.8725902685709,599.6888903356725,685.504251450724,551.5670783009323,360.6181739850391,1158.1846780653177,496.5790342320834,1093.7586561277787,318.29323168154446,309.07001056859326,902.1364587589768,842.9371495376736,851.4906372991546,197.6394164993812,205.53164749019948,352.3906407055326,451.2840651828356,616.9719338112859,604.0022378619796,141.20375331379933,698.3458246262835,454.9437490630331,390.0181997051923,842.1811750852181,155.50086294382666,1049.059216264357,851.031448778952,410.3275634863385,489.94379649941686,481.7581676512309,470.6776435822305,483.99287848605553,65.42409536866911,290.75990293882074,476.7540445903893,670.7737832563705,847.5546203534935,614.5321295628098,963.8990228662404,124.23251299623642,237.6966472751812,687.9241553261506,912.0251115576236,247.3528134684965,158.22657808404995,535.81392108487,96.4299318232308,578.3599468661333,571.3431472859517,503.8043692216777,141.37963058007344,639.7735101592361,708.4229647384249,145.8199869443392
12,786.0798197031352,299.8769742834106,911.396308885102,362.4343591862338,848.1840884382578,855.2051842276816,298.9802625492735,421.1088966650506,839.3612940164562,710.0848863089594,413.4908505111613,757.7995213286285,0.0,519.6279194721122,664.1846950206882,589.7702655509308,419.2549152614193,453.8772312472396,843.1268537094106,126.5003822522214,676.2204726418657,699.1428548710172,227.3988400690096,435.9769404095612,109.64024173520735,187.62557191030444,492.0662642413554,428.8182180383799,191.79910511332932,407.4757786209577,321.0164618601704,670.6987880422706,662.1711742650579,491.489053855964,407.1469309138145,360.0859224140888,521.0149780104837,224.93136367570784,141.02831477386334,323.4872150893762,240.20114446620545,480.7573401436442,85.87158431588581,616.8732947813756,588.6589647422417,484.50899907112336,560.2524369590974,360.0859224140888,226.7062222915085,575.5508186216996,600.2592046913085,213.6921925183434,206.54999237908035,432.601936728148,548.3317914950094,606.6316714421736,526.6181983954707,531.5898132571305,448.7551554690494,163.11276592822142,335.5952393455983,754.7566042906847,705.8192615634583,588.6589647422417,415.9509023780388,740.9156283898596,675.9600375191775,168.34928254249823,767.7084220969524,680.6171555159139,377.3317357904162,588.0703276180178,668.6175448066044,604.3708667139485,412.3374722225619,702.9469529490726,605.9487807216257,601.5545697445923,673.8304174060646,576.3539080446949,407.1469309138145,731.2551629297178,798.9342514795856,670.5295782441036,533.9961146835209,177.23632862719683,828.7873076061226,342.5765399884456,644.2850485415295,725.1419286253631,280.00745081105174,162.27256701573546,531.6185970768242,909.5552182895188,636.8022545634648,662.1711742650579,346.5584526109803,260.1509931221288,683.4692481328766,661.34732935485,148.5471596191809,72.4898914859877,902.3764380721836
13,671.5535896210237,349.68800875073845,947.1261606424142,837.4557244895476,983.1651265520286,1072.533518285384,573.6558215306601,215.6130311520716,1178.186464650659,911.5097303398204,106.79723322902126,1027.7212454985238,519.6279194721122,0.0,672.6247052259819,716.6849597789194,205.60588501866695,856.4456278007467,720.099677001343,441.05155847581455,931.7092509011331,918.3537959822884,304.80472921930954,882.1539891457473,527.4044185707427,576.977026678561,925.4850536593603,316.7026495823621,339.14206746136057,685.7280791042376,320.8171844524556,701.3734915691026,939.1696392406257,495.0841845117486,873.2529016943055,731.1248981471178,120.64766463759918,728.6717460037887,628.528332805541,384.7251603832698,758.0282189694631,918.0023099666124,539.6381241717264,876.3565424092832,938.7569767229604,920.5158718672998,620.0454451291205,731.1248981471178,663.6305514523114,758.0809070988624,520.3852214782513,730.0143726411599,600.5015942454653,830.9237781170467,174.2965452021315,607.779652668685,91.24435490518592,936.3722244982132,770.6039809199635,583.2695707418065,206.7177246494281,462.5909966351486,1068.4132974402787,938.7569767229604,703.3875219701627,750.3460691266615,569.4741818137408,635.0883763268334,963.9190085826596,508.2343907390279,578.9012473740756,677.3744318776431,371.3909720043056,884.0670030556091,187.62952680119488,402.2169855716199,672.6315508425147,609.488353716268,669.8001744176117,608.7137100488015,873.2529016943055,1033.1255248394516,908.7087735101472,670.7132322915427,411.9431355405309,345.82648628882555,728.1933320129564,196.54127560828,904.5877362148173,872.2498592217355,797.1884846623627,555.9422606739801,884.9530114715811,1183.3881783709985,599.5893080484269,939.1696392406257,842.135432888111,489.6399682090793,661.8969498340796,891.0592426273898,639.8207162706461,488.1280481290521,1147.1056929081324
14,1291.3868487577388,422.2599577235203,279.4091662967115,668.0235952365209,324.6831051809914,453.3923384320043,939.3863312996446,467.2367662923631,658.5562791173267,317.14267340128174,647.5523247649053,467.0373284549183,664.1846950206882,672.6247052259819,0.0,152.65613715913784,478.3232525223393,549.6995374675237,220.1612667461112,549.0310956810544,387.2661302815275,339.55302031740695,673.2402191450389,633.4731189872255,765.6696789001844,510.7692361832263,632.681813628876,366.31687717401854,671.1323815418982,351.2432351076097,427.52912462319233,34.713556533536384,416.70843521968646,196.5929469819553,667.0532599473564,470.9210878160123,779.6891675739354,686.804250914099,795.2369023536286,378.1011767213017,757.2792942154822,635.4915279801281,592.166336941308,362.09597767390704,510.8235306967065,634.6158294796343,106.05365116354848,470.9210878160123,555.5021164953356,227.06812412809307,158.38326835800152,732.2978708322868,508.7397310758673,533.49840165213,835.2223821676928,67.62227846113385,756.693734343783,590.7262300568595,409.7750042483266,826.2883958522232,546.1943975468567,387.885237386659,608.2243482326608,510.8235306967065,361.06293243551767,83.06770080697339,151.6514597622513,594.917630017375,349.4362767268733,235.999328478072,301.5281618450903,108.76867249949694,394.5911827478868,390.7339783468846,764.0157338934285,396.0775772265423,79.9842702828808,68.89474597722136,16.501803927361287,88.19305090404177,667.0532599473564,506.562169470416,246.68647311684455,10.90667676092176,261.7451255614146,648.3018839193595,192.25724891619907,690.1468057005692,377.4148708066528,241.0988633166547,775.0965053034836,820.2702646176223,489.08553951249934,593.8536842198376,78.76262546041903,416.70843521968646,718.4384062233296,404.0727483548816,39.00825809175112,334.7166182830594,632.8156410783666,592.3722252991652,538.0300381417923
15,1285.8724122071346,407.93445866807394,323.3747431258537,531.2908691639901,277.9756014987898,357.6843173118948,881.6086738277268,501.384973771465,522.6330959976951,200.06661655929693,669.4796606012707,338.5819812448998,589.7702655509308,716.6849597789194,152.65613715913784,0.0,511.7446134699555,401.8441367418384,370.1091763529422,490.4936441898341,249.3788064143583,214.02583272285852,649.2169492359145,488.28325593579854,697.4740189576967,415.324147743344,483.3079828576864,400.1309948372465,639.0376486541686,219.9257511702469,424.0222195659771,130.16737715574178,273.8295217161557,224.90209443537464,525.3802325863203,336.2887628894684,810.6041279999829,570.0701380393692,708.6665539334975,361.9714336161919,641.8432208569074,486.8839254838583,509.1759221061749,214.77612163709765,358.5742924195204,485.7471759118248,106.78546544247418,336.2887628894684,441.3059328623007,74.94470669235282,261.8615201375666,619.5581449978051,407.0786473068426,387.4673053416304,864.1963763886365,161.48204729267871,791.9593968598418,438.9140278614936,263.65344371277445,752.3749977936058,554.5060784823715,517.3543897608861,460.2377665794441,358.5742924195204,225.41243777701192,187.48310932837376,288.4486547000733,489.7831809715909,248.4369614363801,364.91952647686895,212.8339163296447,52.40451924385958,503.64269903161073,241.1290885986552,772.5914927707255,513.2575961269823,77.5297966185964,154.1640262527595,169.15792311419474,132.3264906946646,525.3802325863203,368.2454931531546,214.80312803422945,163.5628023231134,334.7592048878063,614.0483116537189,339.88033208193195,691.3860355499766,233.8595886865025,157.8925272634831,654.5798709983828,751.4650607546523,336.665318921889,481.86691495725023,204.9665630605828,273.8295217161557,585.367874935332,338.75801295345843,191.4373474502747,198.27913797271063,529.3961206381974,522.0596426313112,436.320849389792
16,822.9934858498658,163.56039287332953,756.7686746948773,679.6477640821287,780.9667220477448,867.0182761734698,580.2056317091622,11.109269042514155,977.5201469688764,705.9219640786071,170.60485604671348,823.1103180823778,419.2549152614193,205.60588501866695,478.3232525223393,511.7446134699555,0.0,673.6964132968051,560.8958940877742,307.6962920409687,727.0947091738759,712.8029824691067,272.9444434137297,710.8655988618452,468.57453102972846,415.82591200880006,748.4336357201455,113.48952432087336,292.90912109544445,488.7341553320762,131.83999396824555,504.7685679425141,735.677495698222,292.54184190065064,709.8618834205745,547.6802479647173,302.4444735964608,593.7282496375307,552.5493789075641,188.3734012298147,637.7627786764992,742.3945189537535,408.2144115547154,672.477488138219,743.1158802274141,744.4320547373479,417.2762991488867,547.6802479647173,504.1697244591545,552.5148445919831,335.05422709802826,608.0568201861269,436.5268695650709,648.2564538054042,357.577154958274,411.6363435360632,281.437497016622,751.2876033725089,575.8968039808248,533.6790949407203,103.12313869223824,365.9466603463312,872.17689653242,743.1158802274141,506.7533465188706,558.9459543248339,395.7419782988449,489.85329829043775,758.5077938064783,352.9451751974453,378.6699368285936,473.80741788790414,270.5644086276123,681.4831836545869,293.3878099783287,306.5832589899201,470.78810658987726,412.3802039259909,477.5270893540141,408.30785087298375,709.8618834205745,830.4480716041845,707.7370968732287,477.73284157874986,226.65147915343857,283.3301938747479,562.2380594887219,233.13954781260395,700.4497925271243,668.0447348490801,673.9662064519255,512.6450276987589,691.2251809407319,978.2655567885558,410.06713331432826,735.677495698222,695.3005613742268,305.87471659161866,472.5894435310037,685.7899170469415,504.9033740922141,365.2497163265661,941.5147129737718
17,1239.932457917586,511.5666518545231,675.8252690722853,166.1900688285726,539.815438452218,474.4581746363715,732.2327778577221,667.7838364106692,388.9082575872181,380.4522004846199,768.0136948395872,352.2884037347092,453.8772312472396,856.4456278007467,549.6995374675237,401.8441367418384,673.6964132968051,0.0,769.7848107764243,443.3220765428608,303.73356406481867,355.4499415791432,640.3617916376255,90.99281399609907,550.6515121381436,294.5306578986895,85.2347884278368,599.9755800444883,611.5472553499241,216.423020498793,542.7564803546014,531.4472318090643,272.7060323133621,505.66416486054254,138.73503188091755,126.0607590161952,905.5109321375588,285.8071950985149,500.48672695289264,486.8167156868592,344.9930987664311,86.1189510951687,377.17870771023775,263.23656359959887,150.5590788996114,85.68422354860446,463.2908211697095,126.0607590161952,227.69127396098065,335.58493796700867,603.8493404860968,338.15706506051504,269.5990967286538,25.54008941840989,947.0226159554804,533.5407594948329,899.8472859042126,81.45645558672413,140.23269619410252,575.9510827936573,650.7784551017207,853.0961981012748,253.1409621011626,150.5590788996114,200.66121480713096,587.8021416981153,658.4835843620758,286.11239679234427,424.7983097609609,715.6035884168268,322.2692074032876,440.9357752337853,805.0839438281769,233.41765377155377,819.6864164377221,827.5548400277927,469.759880256436,525.4335722459135,565.8403895113712,494.3622252580958,138.73503188091755,305.95936673721013,528.2221574476407,560.3651916913476,618.6752331193596,587.9119488936417,740.7503422862487,736.2530719879283,278.15953519121985,444.5220088901232,335.7716430587846,591.0490765941706,106.0695592729945,483.2332129993845,580.213145053526,272.7060323133621,227.4050888346193,368.72253057155456,586.6780005007364,321.0859112318957,314.1431104183215,425.2916464783212,494.7744193988079
18,1380.613580501413,565.2004210198206,303.66328259576403,886.0199279740873,442.9442726260341,601.7162786693775,1095.6794472178233,550.4100257773728,843.1380578687588,499.4141157572682,727.4668665677232,648.9442253290737,843.1268537094106,720.099677001343,220.1612667461112,370.1091763529422,560.8958940877742,769.7848107764243,0.0,720.0092587482393,582.8243771043882,526.6865650802688,805.064165894607,853.5651746811901,936.2279111295747,709.7420841653992,852.5075536014782,467.07789031744807,811.3785805188318,569.5476702990804,559.2944733185612,240.1265547986892,616.5022411242869,351.6666735412097,886.5266333157409,689.0997777149687,838.5004833851434,894.9980642400101,980.5627387804008,528.425929422754,963.9282668030464,855.4961085472174,780.0966724390099,568.5850799235282,723.781272470662,854.568905111425,316.27925707004505,689.0997777149687,764.1075062512238,442.43321084303375,246.39458176284495,937.5372026261064,711.4488358591028,753.6574243520357,893.6596023026417,250.5301984273796,810.8119425338923,808.9707743448407,629.9267733876644,1000.2866379608768,651.7627605514901,304.6894237935912,811.3857521234788,723.781272470662,580.1961796047163,199.349742737277,172.15821214755724,797.605189903884,514.2823651845038,212.1939444825124,507.1407836895877,328.9113733652277,364.4880754801581,599.5633289425049,853.214178059544,345.8217226640257,300.14553563400705,257.72654317016554,204.18603899553645,288.75745584703543,886.5266333157409,698.195340509518,373.8222901292376,209.59360396060143,340.18529827591453,791.9274901486791,34.55378752412018,792.7090975611101,579.2413516301725,411.2483786426637,984.656890586504,989.883725831565,706.2392233235602,750.7223765359873,210.65369953884485,616.5022411242869,934.8160877341742,589.369237202824,184.2699606940724,531.6027826912401,833.6636410896645,770.7083856922774,686.1699565582029
19,824.9676823747005,174.4148579593573,806.4947529194591,397.9348980265551,759.9350354494616,787.0380416997555,392.8308063829943,307.76772967302617,810.1399452001427,633.3892791276995,340.76443484940245,702.5420360234632,126.5003822522214,441.05155847581455,549.0310956810544,490.4936441898341,307.6962920409687,443.3220765428608,720.0092587482393,0.0,613.8078851702819,626.8709365425441,198.18839018639756,451.1811885144705,217.4277325349304,148.83706859047192,500.38446670058687,304.24032086749264,172.6135659047618,337.69358042536595,197.6434361059297,558.6296797177913,606.1827196854766,369.10354800967,436.0543398175904,327.8518465598904,469.0322187772869,290.53345065941926,267.4979321100656,197.0794212947464,330.28264612701304,491.1782098486351,101.51126506668244,553.4015378887436,557.6311646901897,494.24463528733895,447.732498723939,327.8518465598904,228.05297710726813,488.1502224693186,475.6879753451424,300.6856544754528,173.7947867986613,418.90091327977353,506.7560686894524,488.6556689870422,467.53438391466767,524.698487909471,399.3159652937353,280.41241210572264,239.54526976436608,630.045930726588,683.4033141502426,557.6311646901897,350.35832596168655,628.200943402042,551.4277163868412,194.06476707092557,691.5541758644326,554.2039797766627,279.42687374043606,481.63418807939735,545.718058708436,547.0518012198838,376.83630558247097,579.5047807482307,496.6164909982201,484.140336831264,557.5201950854587,460.8383219519308,436.0543398175904,685.9664000581386,704.1842665437433,554.6010013742971,407.4960137461773,147.48792510154772,706.9670651163896,294.62163180422647,582.1905032678412,635.8406728158819,367.06371799569285,271.82610419526594,499.8932455642509,859.1366792495643,516.0669838107096,606.1827196854766,401.1936286521636,151.76373280133143,565.5394933707232,590.6373223789191,200.9759461776528,59.2981859618874,842.9954467424797
20,1438.4648492488975,593.4001796229801,402.0128082304117,469.01431104871256,243.21510315078208,180.7710359361852,974.0806132457092,717.7792860665438,273.4080337494412,92.89448005145508,868.4823229097494,96.02038762697283,676.2204726418657,931.7092509011331,387.2661302815275,249.3788064143583,727.0947091738759,303.73356406481867,582.8243771043882,613.8078851702819,0.0,62.804602109251775,802.4879825835155,391.2160341092964,784.5366827851014,489.0502288184246,357.24843416775536,622.5095757982818,783.1505105138594,276.1302235864696,617.3803805866219,355.94995374964185,38.29535850766641,461.21049702430827,441.7508145040098,326.67263908220554,1012.46779633826,568.3608058578268,761.5321693912849,551.7527144913582,635.3184783896486,366.6922008967978,590.453831241546,60.40860660053642,177.76071169263125,363.6144261617175,354.56515461945327,326.67263908220554,467.3158168752345,183.3052065033689,511.2114701167569,622.5136452464917,469.7522769392952,305.9285217328608,1062.899248981551,410.0285007184413,998.010845950942,291.5459642862264,230.174787514994,825.4566387423586,747.5977152538321,766.1084477352252,230.3808530244571,177.76071169263125,263.8552548907115,383.4780582360507,534.0593237904671,528.9603910532943,123.00406729729995,613.2305241025845,360.03694689582915,301.6289482703168,752.1602919917536,74.94983197926092,954.9863134247104,762.5430793679042,324.1193146461346,402.9891445270679,402.8015066119448,381.5852438631003,441.7508145040098,119.57757915129515,252.4590508340166,397.5254920145261,577.8439122783329,757.3618806682504,549.0127289253674,869.994003698103,31.95073310969978,180.12849761307848,632.6400893895806,833.4806751134261,199.0654569548225,252.9802474429769,451.4694477682111,38.29535850766641,530.2793973584887,478.7459674271291,425.3517446319945,52.54960130888709,566.3769289407315,623.3028305123296,229.2151317425624
