,0,1,2,3,4,5,6,7,8,9,10,11,12,13,14,15,16,17,18,19,20,21,22,23,24,25,26,27,28,29,30,31,32,33,34,35,36,37,38,39,40,41,42,43,44,45,46,47,48,49,50,51,52,53,54,55,56,57,58,59,60,61,62,63,64,65,66,67,68,69,70,71,72,73,74,75,76,77,78,79,80,81,82,83,84,85,86,87,88,89,90,91,92,93,94,95,96,97,98,99,100,101,102
0,0.0,1211.1,2005.8,1352.1,2051.9,2002.7,788.9,1022.2,1896.6,1989.2,834.4,2116.5,1015.8,697.6,1573.5,1692.8,1011.1,1600.8,1550.5,1054.8,2049.7,1987.4,1037.4,1478.1,858.8,1184.6,1521.3,1170.1,895.2,1410.7,1168.3,1678.0,2085.8,1378.3,1392.0,1338.8,578.8,1312.8,943.6,1279.7,1298.7,1534.5,1057.3,2009.1,1744.4,1530.1,1535.7,1338.8,1246.9,1632.3,1368.9,1255.0,1177.5,1437.5,563.6,1492.1,607.4,1576.5,1553.2,943.0,1007.4,1167.9,1759.6,1744.4,1490.4,1607.6,1390.3,1210.1,1941.5,1328.7,1347.2,1749.3,1129.0,2037.7,711.9,1173.4,1564.0,1495.3,1542.3,1532.9,1392.0,1940.4,1812.4,1562.7,1258.7,923.1,1578.5,890.1,2030.9,1831.5,1152.4,805.0,1802.5,2157.1,1481.8,2085.8,1290.4,1220.8,1509.8,1987.8,1216.6,999.1,2085.4
1,1211.1,0.0,1190.2,826.7,1113.1,1063.9,695.6,188.9,1138.4,1050.4,376.7,1177.6,387.6,579.5,603.2,732.0,200.0,728.1,734.9,250.8,1110.9,1048.6,285.2,952.9,492.0,366.0,824.9,173.6,350.9,464.3,43.0,739.1,1147.0,338.0,945.3,527.9,698.3,684.6,600.5,68.6,670.5,838.1,308.2,1070.3,986.1,833.7,495.4,527.9,492.8,671.5,398.6,626.7,373.2,646.8,647.5,521.8,669.7,818.2,592.3,599.9,232.8,681.7,1001.4,986.1,529.6,684.0,574.7,456.0,1002.7,590.2,368.0,788.5,701.6,1098.9,499.2,660.2,523.7,524.9,572.0,492.6,945.3,1182.2,873.6,592.3,303.2,323.1,762.9,354.4,1092.1,892.7,771.1,545.7,1044.3,1245.2,511.4,1147.0,814.1,219.3,630.0,1049.0,467.5,324.7,1146.6
2,2005.8,1190.2,0.0,1477.8,177.7,338.6,1827.8,1139.1,780.3,642.5,1326.1,527.3,1519.8,1308.3,735.0,780.0,1150.3,1203.3,455.4,1383.0,518.7,456.4,1475.5,1313.6,1624.2,1331.5,1185.6,1053.8,1506.0,1100.9,1209.4,672.5,554.8,914.9,1337.8,1392.1,1427.0,1580.7,1732.7,1147.8,1647.4,1198.8,1440.4,582.6,953.9,1194.4,909.7,1392.1,1426.8,861.3,796.3,1618.9,1338.7,1278.8,1484.9,826.2,1398.5,1100.5,1076.4,1732.1,1295.4,847.7,917.4,953.9,1013.7,657.2,657.9,1421.4,364.7,704.6,1124.8,762.5,1037.9,611.1,1448.7,882.4,938.1,829.3,718.8,907.0,1337.8,757.9,486.9,724.1,901.8,1478.1,489.3,1410.1,558.6,484.7,1568.1,1677.9,984.2,519.9,815.9,554.8,1416.1,1184.7,707.3,527.3,1501.3,1456.8,421.2
3,1352.1,826.7,1477.8,0.0,1300.1,1179.5,814.9,900.4,697.5,1373.4,967.0,1237.8,439.1,1186.1,1101.4,864.7,889.2,401.6,1287.7,575.9,1333.7,1338.9,842.0,278.9,611.3,705.7,322.1,986.5,704.9,749.5,815.5,1031.8,1369.8,990.7,192.8,716.3,1283.5,177.2,719.7,867.7,243.9,335.3,578.4,1393.4,545.2,331.0,909.4,716.3,679.5,804.2,1021.7,215.4,698.6,477.2,1225.6,1020.0,1276.3,377.3,537.4,719.1,789.6,1342.3,560.5,545.2,600.1,1058.5,1127.6,731.2,1277.0,1143.0,804.9,921.2,1308.1,1421.9,1077.3,1320.8,900.7,1023.1,1070.2,906.6,192.8,741.2,1196.7,1090.5,1126.4,677.1,1243.1,899.0,1373.6,1215.7,243.2,665.0,603.4,958.0,1009.6,1369.8,61.7,778.7,1109.6,1342.3,737.7,520.1,1056.6
4,2051.9,1113.1,177.7,1300.1,0.0,160.9,1691.1,1062.0,602.7,464.8,1249.0,349.6,1383.1,1354.4,557.3,602.3,1073.1,1025.6,633.0,1246.3,341.1,278.8,1398.3,1135.9,1487.5,1189.4,1007.9,976.7,1374.1,923.2,1132.3,494.8,377.2,783.1,1160.1,1214.4,1473.1,1403.1,1596.0,1070.7,1469.8,1021.1,1303.7,404.9,776.3,1016.7,777.9,1214.4,1249.2,683.6,719.2,1441.2,1196.5,1101.1,1519.8,648.6,1444.6,922.9,898.8,1595.4,1218.3,950.0,739.7,776.3,836.0,491.1,661.6,1279.3,187.0,750.7,978.6,584.9,1084.0,433.4,1371.6,928.5,806.3,651.7,541.1,775.1,1160.1,580.2,309.2,546.4,824.7,1346.3,667.0,1333.0,380.9,307.1,1390.4,1541.2,806.5,342.2,638.2,377.2,1238.4,1052.9,542.2,349.7,1359.2,1320.2,243.6
5,2002.7,1063.9,338.6,1179.5,160.9,0.0,1641.9,1012.7,482.0,357.1,1199.8,229.6,1333.9,1305.1,508.1,553.1,1023.9,904.9,683.3,1197.1,233.3,171.0,1349.1,1015.3,1438.3,1140.2,887.3,927.5,1324.9,874.0,1083.1,445.6,269.4,733.8,1039.5,1165.2,1423.9,1282.4,1546.8,1021.5,1349.1,900.4,1254.5,297.1,655.6,896.1,728.7,1165.2,1182.8,634.4,670.0,1320.6,1147.3,980.5,1470.6,599.3,1395.4,802.2,849.5,1546.2,1169.1,900.8,619.0,655.6,786.8,441.9,612.4,1230.1,128.3,701.5,929.3,535.6,1034.8,325.7,1322.3,879.3,757.0,602.4,491.9,725.9,1039.5,459.6,260.0,497.2,775.5,1297.1,626.5,1283.8,273.1,257.9,1269.8,1492.0,685.9,221.5,589.0,269.4,1117.8,1003.7,493.0,241.9,1310.0,1270.9,122.9
6,788.9,695.6,1827.8,814.9,1691.1,1641.9,0.0,767.6,1319.1,1628.4,579.8,1755.7,375.8,979.1,1186.1,1119.7,756.4,1015.6,1372.5,444.8,1688.9,1626.6,521.0,940.2,203.6,574.7,983.5,855.4,378.8,800.8,684.5,1286.8,1725.0,912.9,854.2,728.9,860.3,672.8,288.4,736.7,658.7,996.6,447.3,1648.3,1166.9,992.3,1064.9,728.9,636.9,1059.2,1040.7,615.0,567.5,827.5,802.4,1104.7,888.8,998.9,980.0,287.8,617.4,1214.3,1182.1,1166.9,917.3,1266.9,1212.3,600.1,1580.7,1227.8,774.1,1176.2,1175.3,1676.9,674.0,1219.7,1056.1,1107.8,1154.9,1062.1,854.2,1362.9,1451.6,1175.3,995.4,406.6,1400.5,495.8,1670.1,1470.7,614.5,149.9,1225.0,1579.6,1094.4,1725.0,752.5,647.7,1212.9,1627.0,606.7,389.1,1678.2
7,1022.2,188.9,1139.1,900.4,1062.0,1012.7,767.6,0.0,1283.6,999.2,187.8,1126.5,461.3,406.9,552.1,795.5,11.2,913.6,683.7,369.2,1059.7,997.5,352.9,1098.1,565.7,509.8,970.1,147.8,425.5,649.8,146.1,688.0,1095.8,356.1,1019.0,673.2,516.5,758.3,674.2,257.5,744.2,983.3,426.5,1019.1,1131.4,978.9,513.5,673.2,616.1,856.9,347.4,700.4,516.9,792.0,458.6,470.7,497.1,963.4,777.8,673.6,157.1,567.9,1146.6,1131.4,715.0,632.8,523.6,579.3,951.6,536.8,541.9,778.1,529.0,1047.7,310.4,573.3,541.8,473.8,520.9,510.7,1019.0,1327.4,822.5,541.2,237.2,397.6,711.8,271.8,1040.9,841.5,844.8,619.4,1189.5,1194.0,460.3,1095.8,887.8,407.1,578.9,997.8,585.9,443.0,1095.4
8,1896.6,1138.4,780.3,697.5,602.7,482.0,1319.1,1283.6,0.0,760.1,1437.5,540.3,1011.1,1656.6,949.8,886.0,1294.8,422.9,1125.0,1012.4,636.3,641.4,1312.6,533.2,1115.5,808.9,405.2,1197.6,1175.5,770.8,1154.1,887.3,672.4,1012.0,557.4,737.5,1751.4,800.4,1223.9,1069.7,867.1,418.4,913.5,700.1,343.9,414.1,930.7,737.5,700.8,825.5,1042.9,838.6,801.8,498.4,1693.5,1041.2,1746.8,320.2,558.7,1223.4,1260.1,1342.5,137.0,343.9,621.4,883.6,1054.2,834.4,579.5,1143.2,826.1,942.5,1476.5,728.6,1545.2,1321.0,921.9,1044.3,933.6,927.9,557.4,399.5,701.7,939.0,1148.5,1147.6,1068.3,1367.0,676.1,699.6,787.8,1169.2,402.0,260.5,1030.9,672.4,635.7,919.1,934.7,644.9,914.3,930.0,359.1
9,1989.2,1050.4,642.5,1373.4,464.8,357.1,1628.4,999.2,760.1,0.0,1186.3,270.1,1320.4,1291.6,494.6,539.6,1010.4,971.8,669.8,1183.6,180.9,186.1,1335.6,1209.2,1424.8,1126.7,1081.2,913.9,1311.4,860.5,1069.6,432.0,217.0,720.3,1233.4,1151.7,1410.4,1476.3,1533.2,1008.0,1543.0,1094.4,1240.9,136.5,933.7,1090.0,715.2,1151.7,1186.4,620.9,656.4,1514.5,1133.8,1166.7,1457.1,585.8,1381.8,1074.5,836.0,1532.6,1155.6,887.2,897.1,933.7,773.3,428.3,598.9,1216.6,277.8,688.0,915.8,522.1,1021.2,165.1,1308.8,865.7,743.5,588.9,478.4,712.4,1233.4,737.6,267.3,483.7,762.0,1283.6,613.0,1270.2,158.3,178.5,1463.7,1478.5,963.9,499.6,575.5,217.0,1311.7,990.2,479.4,115.2,1296.5,1257.4,401.0
10,834.4,376.7,1326.1,967.0,1249.0,1199.8,579.8,187.8,1437.5,1186.3,0.0,1313.5,527.9,447.5,739.1,982.5,176.6,1089.3,870.8,457.2,1246.8,1184.5,263.2,1171.6,502.8,685.3,1124.0,335.6,275.5,825.5,333.9,875.0,1282.9,543.9,1085.6,848.7,328.7,824.9,587.6,445.3,810.8,1137.2,565.7,1206.2,1285.2,1132.8,701.3,848.7,755.3,1032.7,534.5,767.1,685.9,945.9,270.8,657.7,357.3,1117.3,953.5,587.0,201.2,634.5,1300.5,1285.2,890.8,819.9,710.6,718.5,1138.6,723.9,729.1,965.1,595.6,1234.8,122.5,639.9,729.6,660.8,707.9,698.5,1085.6,1481.3,1009.5,728.2,424.3,303.3,898.8,84.0,1228.0,1028.6,911.4,449.1,1343.4,1381.1,647.3,1282.9,954.5,592.2,765.9,1184.9,725.0,507.5,1282.5
11,2116.5,1177.6,527.3,1237.8,349.6,229.6,1755.7,1126.5,540.3,270.1,1313.5,0.0,1447.6,1418.9,621.8,666.8,1137.7,963.2,797.0,1310.8,146.3,151.4,1462.9,1073.6,1552.0,1253.9,945.6,1041.2,1438.7,987.8,1196.8,559.3,182.4,847.6,1097.7,1277.8,1537.7,1340.7,1660.5,1135.2,1407.4,958.7,1368.2,210.1,713.9,954.4,842.5,1277.8,1241.1,748.1,783.7,1378.9,1261.1,1038.7,1584.4,713.1,1509.1,860.5,963.3,1659.9,1282.8,1014.5,677.3,713.9,900.5,555.6,726.2,1343.8,220.8,815.2,1043.1,649.4,1148.5,238.6,1436.1,993.0,870.8,716.2,605.6,839.7,1097.7,517.9,373.7,611.0,889.2,1410.8,740.2,1397.5,186.1,332.0,1328.1,1605.8,744.2,279.8,702.7,182.4,1176.1,1117.4,606.7,154.9,1423.7,1384.7,181.2
12,1015.8,387.6,1519.8,439.1,1383.1,1333.9,375.8,461.3,1011.1,1320.4,527.9,1447.6,0.0,747.0,878.1,811.7,450.1,707.6,1064.4,136.8,1380.9,1318.6,403.0,643.7,172.2,266.6,687.0,547.4,265.9,492.7,376.5,978.8,1417.0,604.9,557.6,420.9,844.4,297.0,280.7,428.6,282.9,700.1,139.3,1340.3,858.8,695.8,756.8,420.9,328.9,751.1,732.6,239.1,259.5,519.5,786.5,796.7,837.2,690.9,672.0,280.1,350.6,908.0,874.1,858.8,609.3,958.9,904.3,292.1,1272.7,919.7,466.1,868.1,869.1,1368.9,638.2,913.4,748.1,799.8,846.9,754.0,557.6,1054.9,1143.6,867.2,687.4,238.0,1092.5,460.0,1362.1,1162.7,383.5,225.9,917.0,1271.6,786.3,1417.0,426.5,339.6,904.9,1319.0,298.6,81.1,1370.2
13,697.6,579.5,1308.3,1186.1,1354.4,1305.1,979.1,406.9,1656.6,1291.6,447.5,1418.9,747.0,0.0,894.3,1087.9,395.7,1300.5,852.9,676.3,1352.1,1289.8,638.6,1390.7,851.4,900.5,1343.1,513.2,694.7,1036.7,536.8,980.4,1388.2,716.0,1304.6,1063.8,118.8,1044.0,959.8,647.3,1029.9,1356.2,784.8,1311.5,1504.3,1351.9,873.4,1063.8,974.4,1169.2,689.7,986.1,907.6,1165.0,176.7,812.9,90.2,1336.4,1164.7,959.3,442.8,470.4,1519.6,1504.3,1102.0,910.0,692.7,937.6,1244.0,631.1,901.8,1070.5,431.4,1340.1,325.0,475.8,901.8,816.1,863.1,870.6,1304.6,1700.4,1114.9,883.5,579.5,683.3,880.9,503.2,1333.3,1133.9,1130.5,868.3,1562.5,1486.4,802.6,1388.2,1173.5,791.6,812.2,1290.2,944.1,726.6,1387.8
14,1573.5,603.2,735.0,1101.4,557.3,508.1,1186.1,552.1,949.8,494.6,739.1,621.8,878.1,894.3,0.0,290.8,563.2,699.7,328.3,741.3,555.1,492.8,888.4,937.1,982.5,689.8,809.1,466.8,864.2,490.6,622.4,183.3,591.2,273.2,961.3,780.6,1013.1,1175.1,1090.9,560.8,1160.9,822.3,798.6,514.5,970.4,818.0,268.0,780.6,815.4,372.1,209.3,1117.2,696.9,894.6,1009.9,138.7,984.6,802.4,564.0,1090.3,708.4,482.0,985.6,970.4,501.2,128.2,193.7,779.7,446.9,282.7,483.1,273.4,616.0,543.0,861.7,460.5,296.4,141.8,31.2,265.2,961.3,927.4,317.8,10.9,314.8,836.4,298.0,823.1,536.3,336.9,1191.7,1036.2,1028.5,689.4,128.3,591.2,1039.6,543.0,74.2,493.2,859.6,815.1,590.7
15,1692.8,732.0,780.0,864.7,602.3,553.1,1119.7,795.5,886.0,539.6,982.5,666.8,811.7,1087.9,290.8,0.0,806.7,463.1,466.0,674.9,600.1,537.8,968.2,700.5,916.1,618.0,572.5,710.2,833.3,351.8,771.6,198.0,636.2,516.6,724.7,643.0,1206.7,967.6,1024.5,663.4,1034.3,585.7,732.2,559.5,733.7,581.3,511.5,643.0,677.7,112.2,452.7,1005.8,625.1,658.0,1253.4,382.1,1178.1,565.8,327.3,1023.9,915.8,683.5,749.0,733.7,264.6,224.6,395.2,707.9,491.9,484.2,407.1,87.3,817.5,588.0,1105.1,662.0,502.9,385.2,274.6,508.7,724.7,929.8,362.8,280.0,558.2,805.5,409.2,1024.8,581.3,381.9,955.0,969.8,791.9,734.3,371.7,636.2,803.0,512.7,275.7,538.2,787.8,748.7,635.7
16,1011.1,200.0,1150.3,889.2,1073.1,1023.9,756.4,11.2,1294.8,1010.4,176.6,1137.7,450.1,395.7,563.2,806.7,0.0,924.7,694.9,380.4,1070.9,1008.6,341.7,1093.8,554.5,521.0,981.3,159.0,414.3,661.0,157.3,699.2,1107.0,367.3,1007.8,684.4,505.4,747.1,663.0,268.7,733.0,994.5,437.7,1030.3,1142.6,990.1,524.6,684.4,627.3,868.1,358.6,689.3,528.1,803.2,447.5,481.8,485.9,974.6,789.0,662.4,145.9,556.7,1157.8,1142.6,726.2,644.0,534.7,590.5,962.7,548.0,553.1,789.2,517.8,1058.9,299.2,562.1,553.0,485.0,532.0,521.9,1007.8,1338.6,833.6,552.4,248.4,386.4,723.0,260.6,1052.1,852.7,833.6,608.3,1200.7,1205.2,471.5,1107.0,876.7,418.3,590.0,1009.0,597.0,429.7,1106.6
17,1600.8,728.1,1203.3,401.6,1025.6,904.9,1015.6,913.6,422.9,971.8,1089.3,963.2,707.6,1300.5,699.7,463.1,924.7,0.0,886.1,671.0,1032.3,970.0,964.3,237.4,812.0,505.4,109.4,787.3,829.4,347.9,767.7,630.2,1068.4,589.1,261.6,434.0,1405.3,504.6,920.4,659.5,571.3,122.6,610.0,991.7,270.6,118.2,507.8,434.0,397.3,402.6,620.0,542.7,498.3,194.9,1347.4,618.3,1390.7,102.7,135.8,919.8,911.9,940.7,285.9,270.6,198.5,656.8,725.9,530.9,924.1,741.4,403.2,519.5,1074.7,1020.3,1199.2,919.2,499.0,621.4,668.5,505.0,261.6,466.7,795.0,688.9,725.6,801.6,841.5,1020.9,1013.5,814.1,491.9,865.7,328.8,683.4,608.0,1068.4,339.9,508.8,707.9,970.4,610.8,626.5,782.0
18,1550.5,734.9,455.4,1287.7,633.0,683.3,1372.5,683.7,1125.0,669.8,870.8,797.0,1064.4,852.9,328.3,466.0,694.9,886.1,0.0,927.7,730.3,668.0,1020.1,1123.5,1168.8,876.1,995.5,598.4,1050.6,676.9,754.1,358.5,766.4,459.5,1147.7,967.0,971.7,1361.4,1277.3,692.5,1347.3,1008.7,985.0,689.7,1156.7,1004.3,454.4,967.0,1001.7,547.3,340.9,1303.6,883.3,1081.0,1029.6,389.6,943.1,988.8,750.3,1276.7,840.1,448.5,1172.0,1156.7,687.6,271.1,202.6,966.1,622.1,249.2,669.5,448.6,582.5,718.2,993.3,427.0,482.7,392.7,312.1,451.6,1147.7,1102.6,493.0,317.4,446.5,1022.8,103.2,954.8,711.5,512.1,1378.0,1222.6,1214.9,864.6,379.2,766.4,1226.0,729.4,254.1,668.4,1046.0,1001.5,765.9
19,1054.8,250.8,1383.0,575.9,1246.3,1197.1,444.8,369.2,1012.4,1183.6,457.2,1310.8,136.8,676.3,741.3,674.9,380.4,671.0,927.7,0.0,1244.1,1181.8,332.3,780.5,241.2,265.4,698.9,410.6,195.2,406.7,239.7,842.0,1280.2,468.1,694.4,422.2,771.1,433.8,349.6,291.9,419.7,712.1,140.6,1203.5,860.2,707.8,620.0,422.2,330.2,614.4,595.8,375.9,260.8,520.8,713.2,659.9,766.5,692.2,535.2,349.0,279.9,837.3,875.4,860.2,472.5,822.1,767.5,293.4,1135.9,783.0,329.3,731.4,798.4,1232.1,564.9,842.7,611.3,663.0,710.1,617.3,694.4,1056.2,1006.8,730.4,550.6,167.3,955.7,386.7,1225.3,1025.9,520.3,294.9,918.3,1272.9,649.5,1280.2,563.3,202.8,768.1,1182.2,300.0,82.4,1279.8
20,2049.7,1110.9,518.7,1333.7,341.1,233.3,1688.9,1059.7,636.3,180.9,1246.8,146.3,1380.9,1352.1,555.1,600.1,1070.9,1032.3,730.3,1244.1,0.0,62.3,1396.1,1169.5,1485.3,1187.2,1041.5,974.5,1371.9,921.0,1130.1,492.6,36.1,780.9,1193.7,1212.2,1470.9,1436.7,1593.8,1068.5,1503.4,1054.7,1301.5,121.0,809.9,1050.3,775.7,1212.2,1247.0,681.4,717.0,1474.8,1194.3,1134.7,1517.6,646.3,1442.4,956.5,896.5,1593.2,1216.1,947.8,773.3,809.9,833.8,488.9,659.4,1277.1,154.1,748.5,976.4,582.7,1081.8,149.5,1369.3,926.3,804.0,649.4,538.9,772.9,1193.7,613.8,307.0,544.2,822.5,1344.1,673.5,1330.8,97.0,242.8,1424.0,1539.0,840.1,375.8,636.0,36.1,1272.0,1050.7,540.0,65.7,1357.0,1317.9,277.2
21,1987.4,1048.6,456.4,1338.9,278.8,171.0,1626.6,997.5,641.4,186.1,1184.5,151.4,1318.6,1289.8,492.8,537.8,1008.6,970.0,668.0,1181.8,62.3,0.0,1333.8,1174.7,1423.0,1124.9,1046.7,912.2,1309.6,858.7,1067.8,430.3,98.4,718.6,1198.8,1149.9,1408.6,1441.8,1531.5,1006.2,1508.5,1059.8,1239.2,126.1,815.0,1055.5,713.4,1149.9,1184.7,619.1,654.7,1480.0,1132.0,1139.8,1455.3,584.0,1380.1,961.6,834.2,1530.9,1153.8,885.5,778.4,815.0,771.5,426.6,597.1,1214.8,91.8,686.2,914.1,520.4,1019.5,154.7,1307.1,864.0,741.8,587.2,476.6,710.6,1198.8,619.0,244.7,481.9,760.2,1281.8,611.2,1268.5,102.1,242.6,1429.2,1476.7,845.3,380.9,573.7,98.4,1277.2,988.4,477.7,70.9,1294.7,1255.7,282.3
22,1037.4,285.2,1475.5,842.0,1398.3,1349.1,521.0,352.9,1312.6,1335.6,263.2,1462.9,403.0,638.6,888.4,968.2,341.7,964.3,1020.1,332.3,1396.1,1333.8,0.0,1046.6,444.1,560.4,999.1,444.8,216.7,700.5,274.1,1024.4,1432.2,620.6,960.6,723.8,563.7,700.0,528.8,353.9,685.8,1012.2,440.7,1355.5,1160.3,1007.9,778.0,723.8,630.3,907.7,683.8,642.1,561.0,821.0,505.8,807.0,592.2,992.4,828.6,528.3,242.1,799.6,1175.5,1160.3,765.8,969.2,859.9,593.5,1287.9,875.4,604.2,1024.7,760.6,1384.1,357.5,805.0,806.4,810.2,857.2,775.2,960.6,1356.3,1158.8,877.6,588.4,244.6,1048.2,179.2,1377.3,1177.9,786.5,390.3,1218.4,1530.4,796.7,1432.2,829.5,467.2,915.2,1334.2,600.1,382.5,1431.8
23,1478.1,952.9,1313.6,278.9,1135.9,1015.3,940.2,1098.1,533.2,1209.2,1171.6,1073.6,643.7,1390.7,937.1,700.5,1093.8,237.4,1123.5,780.5,1169.5,1174.7,1046.6,0.0,815.9,623.4,157.9,1012.1,909.5,585.3,968.6,867.6,1205.6,826.5,138.8,552.0,1488.1,381.8,924.3,884.2,448.5,171.1,728.0,1229.1,381.0,166.7,745.2,552.0,515.3,640.0,857.5,420.0,616.3,312.9,1430.2,855.7,1480.9,213.0,373.2,923.7,994.2,1178.1,396.2,381.0,435.9,894.2,963.3,648.9,1112.8,978.8,640.6,757.0,1312.1,1257.7,1281.9,1156.6,736.4,858.8,905.9,742.4,138.8,577.0,1032.4,926.3,963.0,881.7,1078.9,1103.7,1209.3,1051.5,369.2,869.6,439.1,793.7,845.4,1205.6,217.1,733.6,945.4,1178.1,728.8,724.7,892.3
24,858.8,492.0,1624.2,611.3,1487.5,1438.3,203.6,565.7,1115.5,1424.8,502.8,1552.0,172.2,851.4,982.5,916.1,554.5,812.0,1168.8,241.2,1485.3,1423.0,444.1,815.9,0.0,371.0,802.0,651.8,301.8,597.1,480.9,1083.2,1521.4,709.3,729.8,525.3,803.3,469.2,108.5,533.0,455.1,815.2,243.7,1444.7,963.2,810.8,861.2,525.3,433.3,855.5,837.0,411.3,363.9,623.9,745.4,901.1,831.8,795.3,776.4,107.9,455.0,1012.4,978.5,963.2,713.7,1063.3,1008.7,396.5,1377.1,1024.2,570.5,972.5,973.5,1473.3,597.1,1017.8,852.5,904.2,951.3,858.4,729.8,1159.3,1248.0,971.6,791.8,329.7,1196.9,418.8,1466.5,1267.1,555.7,53.7,1021.4,1376.0,890.7,1521.4,598.7,444.0,1009.3,1423.4,403.0,185.5,1474.6
25,1184.6,366.0,1331.5,705.7,1189.4,1140.2,574.7,509.8,808.9,1126.7,685.3,1253.9,266.6,900.5,689.8,618.0,521.0,505.4,876.1,265.4,1187.2,1124.9,560.4,623.4,371.0,0.0,495.4,425.2,423.8,268.8,380.3,785.1,1223.3,416.6,647.6,218.7,999.7,563.6,479.5,297.4,549.5,508.6,169.1,1146.6,656.7,504.2,563.6,218.7,126.7,557.4,544.3,505.8,7.2,317.3,941.8,608.4,990.7,488.7,478.3,478.9,508.0,854.1,671.9,656.7,415.5,770.6,716.0,89.9,1079.0,731.5,272.9,674.4,988.1,1175.1,793.6,832.6,554.9,611.5,658.6,560.8,647.6,852.7,949.9,678.9,499.1,396.0,904.2,615.3,1168.4,969.0,650.1,424.8,714.8,1069.4,598.0,1223.3,693.2,146.8,716.6,1125.3,169.8,185.6,1168.0
26,1521.3,824.9,1185.6,322.1,1007.9,887.3,983.5,970.1,405.2,1081.2,1124.0,945.6,687.0,1343.1,809.1,572.5,981.3,109.4,995.5,698.9,1041.5,1046.7,999.1,157.9,802.0,495.4,0.0,884.1,862.0,457.3,840.6,739.6,1077.6,698.5,182.1,424.0,1437.9,425.1,910.4,756.2,491.8,13.2,600.0,1101.1,253.0,8.8,617.2,424.0,387.3,512.0,729.4,463.2,488.3,184.9,1380.0,727.7,1433.3,85.0,245.2,909.9,946.6,1050.1,268.2,253.0,307.9,766.2,835.3,520.9,984.8,850.8,512.6,629.0,1184.1,1129.7,1231.7,1028.6,608.4,730.8,777.9,614.4,182.1,449.0,904.4,798.3,835.0,834.1,950.9,1053.5,1081.3,923.5,412.4,855.7,311.1,665.7,717.4,1077.6,260.4,605.6,817.3,1050.1,600.8,616.5,764.3
27,1170.1,173.6,1053.8,986.5,976.7,927.5,855.4,147.8,1197.6,913.9,335.6,1041.2,547.4,513.2,466.8,710.2,159.0,787.3,598.4,410.6,974.5,912.2,444.8,1012.1,651.8,425.2,884.1,0.0,510.5,523.5,170.9,602.7,1010.6,270.2,1036.2,587.1,632.0,844.4,760.2,134.1,830.3,897.2,467.9,933.9,1045.3,892.9,427.6,587.1,551.9,730.7,262.2,786.5,432.4,706.0,606.5,385.4,603.4,877.4,651.5,759.6,304.9,530.6,1060.5,1045.3,588.8,547.5,438.3,515.1,866.3,451.7,427.1,692.8,635.3,962.4,458.2,509.1,455.9,388.5,435.6,424.8,1036.2,1241.3,737.2,455.9,152.1,482.7,626.5,419.6,955.7,756.2,930.9,705.5,1103.4,1108.7,375.0,1010.6,973.9,278.5,493.6,912.6,595.0,484.4,1010.1
28,895.2,350.9,1506.0,704.9,1374.1,1324.9,378.8,425.5,1175.5,1311.4,275.5,1438.7,265.9,694.7,864.2,833.3,414.3,829.4,1050.6,195.2,1371.9,1309.6,216.7,909.5,301.8,423.8,862.0,510.5,0.0,565.2,339.8,1000.2,1408.0,591.1,823.5,585.2,575.9,562.9,386.6,405.6,548.7,875.1,303.7,1331.3,1023.2,870.8,748.5,585.2,493.2,772.8,718.8,505.0,423.9,683.9,518.0,782.8,604.5,855.3,693.6,386.0,313.1,872.2,1038.5,1023.2,630.9,945.0,890.4,456.5,1263.7,905.9,487.7,889.8,833.2,1359.9,369.8,877.6,769.7,785.9,833.0,745.7,823.5,1219.2,1134.6,853.4,654.1,27.8,1078.6,191.5,1353.1,1153.7,649.4,248.1,1081.3,1435.9,772.5,1408.0,692.4,361.3,891.0,1310.0,463.0,245.4,1407.6
29,1410.7,464.3,1100.9,749.5,923.2,874.0,800.8,649.8,770.8,860.5,825.5,987.8,492.7,1036.7,490.6,351.8,661.0,347.9,676.9,406.7,921.0,858.7,700.5,585.3,597.1,268.8,457.3,523.5,565.2,0.0,503.9,518.9,957.1,351.1,609.5,293.8,1141.1,789.7,705.6,395.7,775.6,470.5,395.2,880.4,618.5,466.1,298.6,293.8,328.6,291.3,383.6,731.9,275.9,412.7,1083.2,409.2,1126.9,450.6,212.1,705.0,648.1,731.5,633.8,618.5,149.4,545.6,516.8,358.7,812.8,532.3,141.2,408.3,865.5,909.0,934.9,710.0,289.9,412.3,459.4,295.8,609.5,814.6,683.8,479.7,466.3,537.3,705.0,756.7,902.2,702.8,839.8,650.9,676.7,1031.3,398.8,957.1,687.8,245.0,517.4,859.1,438.6,411.7,956.7
30,1168.3,43.0,1209.4,815.5,1132.3,1083.1,684.5,146.1,1154.1,1069.6,333.9,1196.8,376.5,536.8,622.4,771.6,157.3,767.7,754.1,239.7,1130.1,1067.8,274.1,968.6,480.9,380.3,840.6,170.9,339.8,503.9,0.0,758.3,1166.2,380.9,934.1,543.7,655.6,673.5,589.3,111.6,659.3,853.8,297.0,1089.5,1001.9,849.5,538.3,543.7,486.6,711.0,417.8,615.6,387.4,662.6,604.7,541.0,627.0,834.0,631.9,588.7,221.7,693.9,1017.1,1001.9,569.2,703.2,593.9,449.8,1021.9,609.4,407.5,828.0,658.8,1118.0,456.5,672.4,566.7,544.1,591.2,535.5,934.1,1197.9,892.8,611.5,315.4,312.0,782.1,343.3,1111.3,911.9,760.0,534.6,1060.0,1264.3,530.6,1166.2,803.0,262.3,649.2,1068.2,456.4,313.5,1165.7
31,1678.0,739.1,672.5,1031.8,494.8,445.6,1286.8,688.0,887.3,432.0,875.0,559.3,978.8,980.4,183.3,198.0,699.2,630.2,358.5,842.0,492.6,430.3,1024.4,867.6,1083.2,785.1,739.6,602.7,1000.2,518.9,758.3,0.0,528.7,409.1,891.8,810.1,1099.2,1134.7,1191.6,696.7,1201.4,752.8,899.3,452.0,900.8,748.4,404.0,810.1,844.8,279.3,345.2,1172.9,792.2,825.1,1145.9,274.6,1070.6,732.9,494.4,1191.0,844.3,576.0,916.1,900.8,431.7,117.1,287.7,875.0,384.4,376.7,574.2,180.5,710.0,480.5,997.6,554.5,432.3,277.7,167.1,401.2,891.8,864.9,255.3,172.5,450.7,972.3,301.7,959.0,473.8,274.3,1122.1,1136.9,959.0,626.8,264.2,528.7,970.1,678.9,168.2,430.7,954.9,915.8,528.2
32,2085.8,1147.0,554.8,1369.8,377.2,269.4,1725.0,1095.8,672.4,217.0,1282.9,182.4,1417.0,1388.2,591.2,636.2,1107.0,1068.4,766.4,1280.2,36.1,98.4,1432.2,1205.6,1521.4,1223.3,1077.6,1010.6,1408.0,957.1,1166.2,528.7,0.0,817.0,1229.8,1248.3,1507.0,1472.8,1629.9,1104.6,1539.5,1090.8,1337.6,157.1,846.0,1086.4,811.8,1248.3,1283.1,717.5,753.1,1510.9,1230.4,1170.8,1553.7,682.4,1478.5,992.6,932.6,1629.3,1252.2,983.9,809.4,846.0,869.9,525.0,695.5,1313.2,190.2,784.6,1012.5,618.8,1117.9,185.6,1405.4,962.4,840.1,685.6,575.0,809.0,1229.8,649.9,343.1,580.3,858.6,1380.2,709.6,1366.9,133.1,279.0,1460.1,1575.1,876.2,411.9,672.1,0.0,1308.1,1086.8,576.1,101.8,1393.1,1354.0,313.3
33,1378.3,338.1,914.9,990.7,783.1,733.8,912.9,356.1,1012.0,720.3,543.9,847.6,604.9,716.0,273.2,516.6,367.3,589.1,459.5,468.1,780.9,718.6,620.6,826.5,709.3,416.6,698.5,270.2,591.1,351.1,381.0,409.1,817.0,0.0,850.7,507.8,834.8,901.9,817.8,289.0,887.8,711.7,525.5,740.3,859.7,707.3,157.4,507.8,542.6,532.5,151.8,844.1,423.8,626.7,814.7,191.8,806.2,691.8,453.3,817.2,513.2,461.6,875.0,859.7,390.6,353.9,299.3,506.5,672.7,314.8,209.9,499.2,595.6,768.8,666.4,440.1,185.7,194.9,242.0,154.6,850.7,1055.8,543.6,262.3,139.4,563.2,487.6,627.8,762.0,562.6,988.4,763.0,917.9,915.1,181.4,817.0,929.0,269.9,300.0,718.9,586.4,542.0,816.5
34,1392.0,945.3,1337.8,192.8,1160.1,1039.5,854.2,1019.0,557.4,1233.4,1085.6,1097.7,557.6,1304.6,961.3,724.7,1007.8,261.6,1147.7,694.4,1193.7,1198.8,960.6,138.8,729.8,647.6,182.1,1036.2,823.5,609.5,934.1,891.8,1229.8,850.7,0.0,576.2,1402.0,295.8,838.3,908.4,362.5,195.3,696.9,1253.3,405.2,190.9,769.4,576.2,539.5,664.2,881.6,333.9,640.5,337.1,1344.2,879.9,1394.9,237.2,397.4,837.7,908.2,1202.3,420.4,405.2,460.1,918.4,987.5,673.1,1137.0,1003.0,664.8,781.1,1336.3,1281.9,1195.9,1180.8,760.6,883.0,930.1,766.6,0.0,601.2,1056.6,950.5,987.2,795.7,1103.1,1017.6,1233.5,1075.7,283.1,783.6,463.3,817.9,869.6,1229.8,131.1,757.8,969.5,1202.3,753.0,638.7,916.5
35,1338.8,527.9,1392.1,716.3,1214.4,1165.2,728.9,673.2,737.5,1151.7,848.7,1277.8,420.9,1063.8,780.6,643.0,684.4,434.0,967.0,422.2,1212.2,1149.9,723.8,552.0,525.3,218.7,424.0,587.1,585.2,293.8,543.7,810.1,1248.3,507.8,576.2,0.0,1161.2,717.9,633.7,459.3,703.7,437.2,323.3,1171.6,585.3,432.8,588.6,0.0,161.8,582.4,635.5,660.0,211.5,245.9,1103.3,699.2,1154.1,417.3,503.3,633.1,671.4,945.3,600.5,585.3,440.5,836.7,806.8,244.1,1104.0,822.3,297.9,699.4,1079.3,1200.1,955.0,923.8,579.9,702.3,749.4,585.8,576.2,781.3,974.9,769.7,623.0,557.4,995.0,776.7,1193.4,994.0,806.6,579.0,643.4,998.0,688.8,1248.3,654.5,308.6,807.4,1150.3,324.0,339.8,1096.6
36,578.8,698.3,1427.0,1280.9,1473.1,1423.9,860.3,516.5,1751.4,1410.4,328.7,1537.7,841.8,118.8,1013.1,1206.7,505.4,1405.3,971.7,771.1,1470.9,1408.6,563.7,1485.5,803.3,999.7,1437.9,632.0,575.9,1141.1,655.6,1099.2,1507.0,834.8,1399.5,1161.2,0.0,1138.8,888.0,766.1,1124.7,1451.1,879.6,1430.3,1599.1,1446.7,992.2,1161.2,1069.2,1288.0,808.5,1080.9,999.8,1259.8,57.9,931.7,28.6,1431.2,1269.6,887.5,501.7,589.1,1614.4,1599.1,1206.8,1028.8,811.5,1032.4,1362.7,749.9,1020.6,1189.2,550.2,1458.9,206.2,594.6,1020.5,934.8,981.9,989.4,1399.5,1795.2,1233.6,1002.3,698.3,603.8,999.7,384.4,1452.1,1252.7,1223.8,749.5,1657.3,1605.2,921.4,1507.0,1268.3,910.4,931.0,1409.0,1038.9,821.4,1506.6
37,1312.8,684.6,1580.7,177.2,1403.1,1282.4,672.8,758.3,800.4,1476.3,824.9,1340.7,297.0,1044.0,1175.1,967.6,747.1,504.6,1361.4,433.8,1436.7,1441.8,700.0,381.8,469.2,563.6,425.1,844.4,562.9,789.7,673.5,1134.7,1472.8,901.9,295.8,717.9,1141.4,0.0,577.7,725.6,101.8,438.2,436.3,1496.3,648.1,433.9,1012.3,717.9,625.9,907.1,1029.6,73.3,556.5,580.1,1083.5,1093.7,1134.2,480.2,640.3,577.1,647.6,1205.0,663.4,648.1,703.1,1161.4,1201.3,589.1,1379.9,1216.8,763.1,1024.1,1166.1,1524.8,935.2,1210.4,1003.6,1096.8,1143.9,1009.5,295.8,844.2,1299.6,1164.2,984.4,535.0,1346.0,757.0,1476.5,1318.6,346.1,522.9,706.3,1060.9,1083.3,1472.8,164.7,636.6,1201.9,1445.2,595.6,378.1,1159.5
38,943.6,600.5,1732.7,719.7,1596.0,1546.8,288.4,674.2,1223.9,1533.2,587.6,1660.5,280.7,959.8,1090.9,1024.5,663.0,920.4,1277.3,349.6,1593.8,1531.5,528.8,924.3,108.5,479.5,910.4,760.2,386.6,705.6,589.3,1191.6,1629.9,817.8,838.3,633.7,888.0,577.7,0.0,641.5,563.5,923.6,352.1,1553.2,1071.7,919.3,969.7,633.7,541.7,964.0,945.5,519.8,472.3,732.4,830.2,1009.5,916.6,903.8,884.9,78.9,563.4,1120.9,1086.9,1071.7,822.1,1171.7,1117.1,504.9,1485.6,1132.6,678.9,1081.0,1081.9,1581.7,681.9,1126.3,961.0,1012.6,1059.7,966.9,838.3,1267.7,1356.5,1080.1,900.2,414.5,1305.3,503.6,1575.0,1375.5,664.2,138.5,1129.8,1484.4,999.2,1629.9,707.2,552.5,1117.7,1531.8,511.5,293.9,1583.0
39,1279.7,68.6,1147.8,867.7,1070.7,1021.5,736.7,257.5,1069.7,1008.0,445.3,1135.2,428.6,647.3,560.8,663.4,268.7,659.5,692.5,291.9,1068.5,1006.2,353.9,884.2,533.0,297.4,756.2,134.1,405.6,395.7,111.6,696.7,1104.6,289.0,908.4,459.3,766.1,725.6,641.5,0.0,711.5,769.4,349.2,1027.9,917.5,765.1,446.4,459.3,424.1,602.8,356.2,667.8,304.6,578.1,716.1,479.4,737.5,749.5,523.7,640.9,301.5,639.3,932.7,917.5,461.0,641.6,532.3,387.3,960.3,547.8,299.3,719.8,773.3,1056.5,567.9,617.8,474.8,482.5,529.6,443.6,908.4,1113.5,831.2,549.9,260.8,377.8,720.5,423.1,1049.7,850.3,812.1,586.8,975.6,1202.8,469.0,1104.6,855.2,150.6,587.6,1006.6,467.2,365.7,1104.2
40,1298.7,670.5,1647.4,243.9,1469.8,1349.1,658.7,744.2,867.1,1543.0,810.8,1407.4,282.9,1029.9,1160.9,1034.3,733.0,571.3,1347.3,419.7,1503.4,1508.5,685.8,448.5,455.1,549.5,491.8,830.3,548.7,775.6,659.3,1201.4,1539.5,887.8,362.5,703.7,1127.3,101.8,563.5,711.5,0.0,504.9,422.2,1563.0,714.8,500.6,1039.7,703.7,611.7,973.8,1015.5,45.3,542.4,646.8,1069.4,1079.5,1120.1,546.9,707.0,562.9,633.4,1190.9,730.1,714.8,769.8,1228.1,1187.1,575.0,1446.6,1202.6,748.9,1090.8,1151.9,1591.5,921.1,1196.3,1031.0,1082.7,1129.7,1036.9,362.5,910.9,1366.3,1150.1,970.2,520.9,1375.3,742.8,1543.2,1385.3,372.2,508.8,773.0,1127.6,1069.2,1539.5,231.4,622.5,1187.7,1511.9,581.5,363.9,1226.2
41,1534.5,838.1,1198.8,335.3,1021.1,900.4,996.6,983.3,418.4,1094.4,1137.2,958.7,700.1,1356.2,822.3,585.7,994.5,122.6,1008.7,712.1,1054.7,1059.8,1012.2,171.1,815.2,508.6,13.2,897.2,875.1,470.5,853.8,752.8,1090.8,711.7,195.3,437.2,1451.1,438.2,923.6,769.4,504.9,0.0,613.2,1114.3,266.1,4.4,630.3,437.2,400.4,525.1,742.6,476.4,501.4,198.1,1393.2,740.9,1446.5,98.2,258.3,923.0,959.8,1063.2,281.4,266.1,321.1,779.4,848.5,534.0,997.9,864.0,525.8,642.1,1197.3,1142.8,1244.9,1041.8,621.6,744.0,791.1,627.5,195.3,462.2,917.6,811.4,848.2,847.3,964.1,1066.6,1094.5,936.7,425.6,868.9,324.3,678.9,730.5,1090.8,273.6,618.8,830.5,1063.3,613.9,629.7,777.5
42,1057.3,308.2,1440.4,578.4,1303.7,1254.5,447.3,426.5,913.5,1240.9,565.7,1368.2,139.3,784.8,798.6,732.2,437.7,610.0,985.0,140.6,1301.5,1239.2,440.7,728.0,243.7,169.1,600.0,467.9,303.7,395.2,297.0,899.3,1337.6,525.5,696.9,323.3,879.6,436.3,352.1,349.2,422.2,613.2,0.0,1260.9,761.3,608.8,677.4,323.3,231.3,671.7,653.2,378.4,161.9,421.9,821.7,717.2,875.0,593.3,592.6,351.5,388.3,945.8,776.5,761.3,529.8,879.4,824.8,194.5,1193.3,840.3,386.6,788.7,906.8,1289.4,673.4,941.5,668.7,720.3,767.4,674.6,696.9,957.3,1064.2,787.8,607.9,275.8,1013.0,495.2,1282.7,1083.2,522.8,297.4,819.4,1174.0,706.9,1337.6,565.8,260.2,825.4,1239.5,201.1,58.2,1272.6
43,2009.1,1070.3,582.6,1393.4,404.9,297.1,1648.3,1019.1,700.1,136.5,1206.2,210.1,1340.3,1311.5,514.5,559.5,1030.3,991.7,689.7,1203.5,121.0,126.1,1355.5,1229.1,1444.7,1146.6,1101.1,933.9,1331.3,880.4,1089.5,452.0,157.1,740.3,1253.3,1171.6,1430.3,1496.3,1553.2,1027.9,1563.0,1114.3,1260.9,0.0,873.7,1109.9,735.1,1171.6,1206.4,640.8,676.4,1534.4,1153.7,1186.6,1477.0,605.7,1401.8,1020.3,855.9,1552.6,1175.5,907.2,837.1,873.7,793.2,448.3,618.8,1236.5,217.9,707.9,935.8,542.1,1041.2,28.5,1328.7,885.7,763.5,608.9,498.3,732.3,1253.3,677.7,287.2,503.6,781.9,1303.5,632.9,1290.2,98.3,198.4,1483.7,1498.4,904.0,439.6,595.4,157.1,1331.6,1010.1,499.4,55.2,1316.4,1277.4,341.0
44,1744.4,986.1,953.9,545.2,776.3,655.6,1166.9,1131.4,343.9,933.7,1285.2,713.9,858.8,1504.3,970.4,733.7,1142.6,270.6,1156.7,860.2,809.9,815.0,1160.3,381.0,963.2,656.7,253.0,1045.3,1023.2,618.5,1001.9,900.8,846.0,859.7,405.2,585.3,1599.1,648.1,1071.7,917.5,714.8,266.1,761.3,873.7,0.0,261.8,778.4,585.3,548.5,673.2,890.7,686.3,649.5,346.2,1541.2,889.0,1594.5,167.9,406.4,1071.1,1107.9,1211.3,206.9,0.0,469.2,927.5,996.6,682.1,753.1,1012.0,673.9,790.2,1345.3,902.2,1393.0,1189.8,769.7,892.1,939.2,775.6,405.2,196.0,875.3,959.5,996.2,995.4,1112.1,1214.7,849.7,873.2,635.5,1017.0,58.1,434.1,878.6,846.0,483.5,766.8,978.6,818.5,762.0,777.8,532.7
45,1530.1,833.7,1194.4,331.0,1016.7,896.1,992.3,978.9,414.1,1090.0,1132.8,954.4,695.8,1351.9,818.0,581.3,990.1,118.2,1004.3,707.8,1050.3,1055.5,1007.9,166.7,810.8,504.2,8.8,892.9,870.8,466.1,849.5,748.4,1086.4,707.3,190.9,432.8,1446.7,433.9,919.3,765.1,500.6,4.4,608.8,1109.9,261.8,0.0,626.0,432.8,396.1,520.8,738.3,472.1,497.1,193.7,1388.8,736.6,1442.1,93.9,254.0,918.7,955.5,1058.9,277.0,261.8,316.7,775.1,844.1,529.7,993.6,859.6,521.4,637.8,1192.9,1138.5,1240.5,1037.4,617.3,739.7,786.8,623.2,190.9,457.8,913.2,807.1,843.8,842.9,959.7,1062.3,1090.2,932.3,421.3,864.5,319.9,674.5,726.2,1086.4,269.2,614.4,826.2,1058.9,609.6,625.3,773.2
46,1535.7,495.5,909.7,909.4,777.9,728.7,1064.9,513.5,930.7,715.2,701.3,842.5,756.8,873.4,268.0,511.5,524.6,507.8,454.4,620.0,775.7,713.4,778.0,745.2,861.2,563.6,617.2,427.6,748.5,298.6,538.4,404.0,811.8,157.4,769.4,588.6,992.2,1012.3,969.7,446.4,1039.7,630.3,677.4,735.1,778.4,626.0,0.0,588.6,623.4,451.1,188.3,996.0,570.8,702.7,972.1,186.6,963.6,610.5,372.0,969.1,670.6,509.0,793.7,778.4,309.2,348.8,294.2,653.5,667.5,309.7,291.9,494.0,643.0,763.7,823.8,487.5,28.3,189.7,236.8,2.8,769.4,974.4,538.4,257.2,293.9,720.6,482.4,785.2,756.9,557.5,999.7,915.0,836.5,910.0,176.3,811.8,847.7,427.3,294.8,713.8,733.4,693.9,811.4
47,1338.8,527.9,1392.1,716.3,1214.4,1165.2,728.9,673.2,737.5,1151.7,848.7,1277.8,420.9,1063.8,780.6,643.0,684.4,434.0,967.0,422.2,1212.2,1149.9,723.8,552.0,525.3,218.7,424.0,587.1,585.2,293.8,543.7,810.1,1248.3,507.8,576.2,0.0,1161.2,717.9,633.7,459.3,703.7,437.2,323.3,1171.6,585.3,432.8,588.6,0.0,161.8,582.4,635.5,660.0,211.5,245.9,1103.3,699.2,1154.1,417.3,503.3,633.1,671.4,945.3,600.5,585.3,440.5,836.7,806.8,244.1,1104.0,822.3,297.9,699.4,1079.3,1200.1,955.0,923.8,579.9,702.3,749.4,585.8,576.2,781.3,974.9,769.7,623.0,557.4,995.0,776.7,1193.4,994.0,806.6,579.0,643.4,998.0,688.8,1248.3,654.5,308.6,807.4,1150.3,324.0,339.8,1096.6
48,1246.9,492.8,1426.8,679.5,1249.2,1182.8,636.9,616.1,700.8,1186.4,755.3,1241.1,328.9,974.4,815.4,677.7,627.3,397.3,1001.7,330.2,1247.0,1184.7,630.3,515.3,433.3,126.7,387.3,551.9,493.2,328.6,486.6,844.8,1283.1,542.6,539.5,161.8,1069.2,625.9,541.7,424.1,611.7,400.4,231.3,1206.4,548.5,396.1,623.4,161.8,0.0,617.2,670.3,568.0,119.6,246.7,1011.3,734.0,1064.6,380.6,533.0,541.1,577.9,980.1,563.8,548.5,475.3,871.5,841.6,152.1,1138.8,857.1,332.6,734.2,1096.4,1234.9,863.0,958.6,614.7,737.1,784.2,620.6,539.5,744.5,1009.7,804.5,625.8,465.4,1029.8,684.8,1228.2,1028.7,712.4,487.0,606.7,961.3,723.6,1283.1,617.8,273.5,842.2,1185.1,232.0,247.8,1059.9
49,1632.3,671.5,861.3,804.2,683.6,634.4,1059.2,856.9,825.5,620.9,1032.7,748.1,751.1,1169.2,372.1,112.2,868.1,402.6,547.3,614.4,681.4,619.1,907.7,640.0,855.5,557.4,512.0,730.7,772.8,291.3,711.0,279.3,717.5,532.5,664.2,582.4,1288.0,907.1,964.0,602.8,973.8,525.1,671.7,640.8,673.2,520.8,451.1,582.4,617.2,0.0,534.0,945.3,564.6,597.5,1290.8,463.4,1259.4,505.3,266.8,963.4,855.3,764.8,688.5,673.2,204.0,305.9,476.5,647.3,573.2,565.5,346.6,168.6,898.8,669.3,1142.5,743.3,442.4,466.5,355.9,448.3,664.2,869.2,444.1,361.3,639.6,744.9,490.6,964.3,662.6,463.2,894.5,909.3,731.3,815.7,453.0,717.5,742.5,452.2,357.0,619.5,727.2,688.2,717.0
50,1368.9,398.6,796.3,1021.7,719.2,670.0,1040.7,347.4,1042.9,656.4,534.5,783.7,732.6,689.7,209.3,452.7,358.6,620.0,340.9,595.8,717.0,654.7,683.8,857.5,837.0,544.3,729.4,262.2,718.8,383.6,417.8,345.2,753.1,151.8,881.6,635.5,808.5,1029.6,945.5,356.2,1015.5,742.6,653.2,676.4,890.7,738.3,188.3,635.5,670.3,534.0,0.0,971.8,551.5,754.4,805.3,127.9,780.0,722.8,484.3,944.9,503.8,395.5,905.9,890.7,421.5,290.0,180.8,634.3,608.8,196.3,337.7,435.3,529.5,704.9,657.0,374.0,216.7,131.0,178.1,185.6,881.6,1086.7,479.7,198.4,110.2,691.0,369.0,618.5,698.2,498.7,1112.0,890.8,948.8,851.2,117.5,753.1,959.9,397.6,236.1,655.0,714.2,669.7,752.6
51,1255.0,626.7,1618.9,215.4,1441.2,1320.6,615.0,700.4,838.6,1514.5,767.1,1378.9,239.1,986.1,1117.2,1005.8,689.3,542.7,1303.6,375.9,1474.8,1480.0,642.1,420.0,411.3,505.8,463.2,786.5,505.0,731.9,615.6,1172.9,1510.9,844.1,333.9,660.0,1083.5,73.3,519.8,667.8,45.3,476.4,378.4,1534.4,686.3,472.1,996.0,660.0,568.0,945.3,971.8,0.0,498.6,618.3,1025.6,1035.8,1076.3,518.4,678.5,519.2,589.7,1147.1,701.6,686.3,741.2,1198.0,1143.4,531.2,1418.1,1158.9,705.2,1062.3,1108.2,1563.0,877.4,1152.6,987.2,1038.9,1086.0,993.2,333.9,882.3,1337.8,1106.4,926.5,477.2,1331.6,699.1,1514.7,1356.8,328.5,465.1,744.4,1099.1,1025.5,1510.9,202.8,578.8,1144.0,1483.4,537.8,320.2,1197.7
52,1177.5,373.2,1338.7,698.6,1196.5,1147.3,567.5,516.9,801.8,1133.8,685.9,1261.1,259.5,907.6,696.9,625.1,528.1,498.3,883.3,260.8,1194.3,1132.0,561.0,616.3,363.9,7.2,488.3,432.4,423.9,275.9,387.4,792.2,1230.4,423.8,640.5,211.5,999.8,556.5,472.3,304.6,542.4,501.4,161.9,1153.7,649.5,497.1,570.8,211.5,119.6,564.6,551.5,498.6,0.0,310.2,941.9,615.5,997.8,481.6,485.4,471.8,508.5,861.3,664.8,649.5,422.7,777.7,723.1,82.8,1086.1,738.6,280.0,681.6,995.3,1182.3,793.6,839.8,562.1,618.6,665.7,568.0,640.5,845.5,957.0,686.1,506.2,396.0,911.3,615.4,1175.5,976.1,643.0,417.6,707.7,1062.3,605.2,1230.4,686.0,153.9,723.7,1132.4,162.7,178.4,1160.9
53,1437.5,646.8,1278.8,477.2,1101.1,980.5,827.5,792.0,498.4,1166.7,945.9,1038.7,519.5,1165.0,894.6,658.0,803.2,194.9,1081.0,520.8,1134.7,1139.8,821.0,312.9,623.9,317.3,184.9,706.0,683.9,412.7,662.6,825.1,1170.8,626.7,337.1,245.9,1259.8,580.1,732.4,578.1,646.8,198.1,421.9,1186.6,346.2,193.7,702.7,245.9,246.7,597.5,754.4,618.3,310.2,0.0,1201.9,813.2,1255.2,178.2,330.7,731.8,768.6,1064.2,361.4,346.2,393.4,851.7,920.8,342.8,1078.0,936.3,416.7,714.5,1198.2,1215.2,1053.6,1042.7,694.0,816.4,863.4,699.9,337.1,542.2,989.9,883.8,741.9,656.0,1036.4,875.4,1174.5,1009.0,567.5,677.6,404.3,758.9,802.9,1170.8,415.4,427.5,902.9,1143.3,422.7,438.4,857.5
54,563.6,647.5,1484.9,1223.0,1519.8,1470.6,802.4,458.6,1693.5,1457.1,270.8,1584.4,783.9,176.7,1009.9,1253.4,447.5,1347.4,1029.6,713.2,1517.6,1455.3,505.8,1427.6,745.4,941.8,1380.0,606.5,518.0,1083.2,604.7,1145.9,1553.7,814.7,1341.6,1103.3,57.9,1080.9,830.2,716.1,1066.8,1393.2,821.7,1477.0,1541.2,1388.8,972.1,1103.3,1011.3,1290.8,805.3,1023.1,941.9,1201.9,0.0,928.5,86.5,1373.3,1211.7,829.6,443.8,647.0,1556.5,1541.2,1148.9,1090.7,869.4,974.5,1409.4,807.8,995.5,1236.0,608.1,1505.6,148.3,652.5,1000.4,931.7,978.7,969.3,1341.6,1737.3,1280.3,999.1,695.1,545.9,1057.6,326.5,1498.8,1299.4,1165.9,691.6,1599.4,1651.9,918.2,1553.7,1210.5,858.6,988.8,1455.7,981.0,763.5,1553.3
55,1492.1,521.8,826.2,1020.0,648.6,599.3,1104.7,470.7,1041.2,585.8,657.7,713.1,796.7,812.9,138.7,382.1,481.8,618.3,389.6,659.9,646.3,584.0,807.0,855.7,901.1,608.4,727.7,385.4,782.8,409.2,541.0,274.6,682.4,191.8,879.9,699.2,931.7,1093.7,1009.5,479.4,1079.5,740.9,717.2,605.7,889.0,736.6,186.6,699.2,734.0,463.4,127.9,1035.8,615.5,813.2,928.5,0.0,903.2,721.0,482.6,1008.9,627.0,444.1,904.2,889.0,419.8,219.4,229.4,698.3,538.2,244.9,401.7,364.7,578.1,634.3,780.3,422.6,215.0,3.1,107.4,183.8,879.9,1018.7,409.1,127.8,233.4,755.0,389.2,741.7,627.5,428.1,1110.3,954.8,947.1,780.6,46.9,682.4,958.2,461.6,165.4,584.4,778.2,733.7,682.0
56,607.4,669.7,1398.5,1276.3,1444.6,1395.4,888.8,497.1,1746.8,1381.8,357.3,1509.1,837.2,90.2,984.6,1178.1,485.9,1390.7,943.1,766.5,1442.4,1380.1,592.2,1480.9,831.8,990.7,1433.3,603.4,604.5,1126.9,627.0,1070.6,1478.5,806.2,1394.9,1154.1,28.6,1134.2,916.6,737.5,1120.1,1446.5,875.0,1401.8,1594.5,1442.1,963.6,1154.1,1064.6,1259.4,780.0,1076.3,997.8,1255.2,86.5,903.2,0.0,1426.6,1254.9,916.0,530.2,560.6,1609.8,1594.5,1192.2,1000.2,782.9,1027.8,1334.2,721.3,992.0,1160.7,521.6,1430.3,234.8,566.0,992.0,906.3,953.4,960.8,1394.9,1790.6,1205.1,973.7,669.7,632.3,971.1,413.0,1423.6,1224.1,1220.7,778.1,1652.7,1576.6,892.8,1478.5,1263.7,881.9,902.4,1380.4,1034.3,816.8,1478.0
57,1576.5,818.2,1100.5,377.3,922.9,802.2,998.9,963.4,320.2,1074.5,1117.3,860.5,690.9,1336.4,802.4,565.8,974.6,102.7,988.8,692.2,956.5,961.6,992.4,213.0,795.3,488.7,85.0,877.4,855.3,450.6,834.0,732.9,992.6,691.8,237.2,417.3,1431.2,480.2,903.8,749.5,546.9,98.2,593.3,1020.3,167.9,93.9,610.5,417.3,380.6,505.3,722.8,518.4,481.6,178.2,1373.3,721.0,1426.6,0.0,238.5,903.2,940.0,1043.4,183.2,167.9,301.2,759.5,828.6,514.2,899.7,844.1,505.9,622.3,1177.4,1048.8,1225.0,1021.9,601.7,724.2,771.2,607.7,237.2,364.0,897.7,791.6,828.3,827.4,944.2,1046.8,996.3,916.8,467.6,849.0,226.1,580.7,710.7,992.6,315.5,598.9,810.7,965.1,594.1,609.8,679.3
58,1553.2,592.3,1076.4,537.4,898.8,849.5,980.0,777.8,558.7,836.0,953.5,963.3,672.0,1164.7,564.0,327.3,789.0,135.8,750.3,535.2,896.5,834.2,828.6,373.2,776.4,478.3,245.2,651.5,693.6,212.1,631.9,494.4,932.6,453.3,397.4,503.3,1269.6,640.3,884.9,523.7,707.0,258.3,592.6,855.9,406.4,254.0,372.0,503.3,533.0,266.8,484.3,678.5,485.4,330.7,1211.7,482.6,1254.9,238.5,0.0,884.3,776.2,804.9,421.7,406.4,62.7,521.1,590.1,568.2,788.4,605.6,267.5,383.8,938.9,884.5,1063.4,783.4,363.3,485.7,532.8,369.2,397.4,602.4,659.3,553.1,589.8,665.8,705.7,885.1,877.7,678.3,627.7,830.1,464.6,819.2,472.2,932.6,475.7,373.1,572.2,834.6,648.1,609.0,917.8
59,943.0,599.9,1732.1,719.1,1595.4,1546.2,287.8,673.6,1223.4,1532.6,587.0,1659.9,280.1,959.3,1090.3,1023.9,662.4,919.8,1276.7,349.0,1593.2,1530.9,528.3,923.7,107.9,478.9,909.9,759.6,386.0,705.0,588.7,1191.0,1629.3,817.2,837.7,633.1,887.5,577.1,78.9,640.9,562.9,923.0,351.5,1552.6,1071.1,918.7,969.1,633.1,541.1,963.4,944.9,519.2,471.8,731.8,829.6,1008.9,916.0,903.2,884.3,0.0,562.8,1120.3,1086.3,1071.1,821.5,1171.1,1116.5,504.3,1485.0,1132.0,678.3,1080.4,1081.3,1581.1,681.3,1125.7,960.4,1012.1,1059.1,966.3,837.7,1267.1,1355.9,1079.5,899.6,413.9,1304.7,503.0,1574.4,1374.9,663.6,137.9,1129.2,1483.8,998.6,1629.3,706.6,551.9,1117.1,1531.3,510.9,293.3,1582.5
60,1007.4,232.8,1295.4,789.6,1218.3,1169.1,617.4,157.1,1260.1,1155.6,201.2,1282.8,350.6,442.8,708.4,915.8,145.9,911.9,840.1,279.9,1216.1,1153.8,242.1,994.2,455.0,508.0,946.6,304.9,313.1,648.1,221.7,844.3,1252.2,513.2,908.2,671.4,501.7,647.6,563.4,301.5,633.4,959.8,388.3,1175.5,1107.9,955.5,670.6,671.4,577.9,855.3,503.8,589.7,508.5,768.6,443.8,627.0,530.2,940.0,776.2,562.8,0.0,603.8,1123.1,1107.9,713.4,789.2,679.9,541.1,1107.9,693.2,551.8,934.4,564.9,1204.1,295.5,609.2,698.9,630.1,677.2,667.8,908.2,1303.9,978.8,697.6,393.6,286.9,868.1,121.6,1197.3,997.9,734.1,486.7,1166.0,1350.4,616.7,1252.2,777.1,414.8,735.2,1154.2,547.7,330.1,1251.8
