,0,1,2,3,4,5,6,7,8,9,10,11,12,13,14,15,16,17,18,19,20,21,22,23,24,25,26,27,28,29,30,31,32,33,34,35,36,37,38,39,40,41,42,43,44,45,46,47,48,49,50,51,52,53,54,55,56,57,58,59,60,61,62,63,64,65,66,67,68,69,70,71,72,73,74,75,76,77,78,79,80,81,82,83,84,85,86,87,88,89,90,91,92,93,94,95,96,97,98,99,100,101,102
0,0.0,1459.6,1959.9,1526.7,1862.9,1529.0,802.7,622.9,1289.3,1241.2,1502.6,1549.0,1037.4,1571.8,1802.5,880.3,1538.0,1640.0,955.9,1481.6,1261.4,2116.5,1658.5,1802.5,1687.5,1549.0,1865.4,2078.0,910.4,1938.2,1383.9,1989.2,1200.1,1223.8,1986.3,1041.8,1162.9,1150.9,1571.8,1127.9,972.0,1069.2,1282.7,1224.2,1505.9,1987.4,607.7,1052.7,1215.5,1989.2,1674.8,1970.3,1853.4,880.8,1205.7,1723.4,1400.7,1749.3,610.6,1562.6,1581.9,1279.7,2064.6,1135.8,1596.5,2172.2,607.7,1503.6,1427.6,1881.4,771.8,1200.6,1486.2,1263.1,763.1,1588.3,1119.3,1288.5,1197.7,1037.4,1333.1,1405.5,1338.0,1226.9,700.9,1181.3,933.2,1761.3,1167.6,1319.9,1551.4,894.1,1475.2,1808.5,1525.9,702.4,1141.7,1197.2,1164.1,1846.0,1015.4,999.1,2085.4
1,1459.6,0.0,801.9,433.4,940.6,243.2,989.8,1119.5,851.9,451.9,114.4,395.1,729.1,440.1,784.6,615.0,615.7,279.4,803.7,496.8,472.1,958.5,418.6,647.4,317.1,395.1,710.2,920.0,835.4,780.2,535.5,831.2,631.4,480.1,828.3,604.4,585.0,532.1,440.1,815.7,569.7,544.0,338.9,434.9,204.5,829.4,1076.3,673.9,480.1,831.2,516.8,812.3,695.4,660.8,720.6,568.2,308.8,379.0,1073.5,242.6,211.6,424.2,906.6,428.4,322.9,1014.2,1076.3,523.6,156.8,723.4,912.2,368.7,354.5,458.4,978.1,216.9,417.3,851.2,397.0,729.1,701.3,585.9,848.3,723.0,1033.9,445.9,562.2,603.3,401.8,595.0,253.7,1026.4,343.5,650.5,155.6,839.2,704.3,635.8,428.7,690.8,499.1,515.5,927.4
2,1959.9,801.9,0.0,1057.2,756.2,679.2,1207.3,1337.0,1491.5,1164.4,781.2,1019.0,1306.3,511.1,541.2,1297.0,579.7,903.3,1516.2,478.3,1184.7,240.7,383.3,934.6,572.7,1019.0,929.4,179.9,1138.3,206.0,1159.4,29.3,806.5,1008.3,369.9,1317.0,1116.6,1244.7,511.1,990.8,1282.2,1167.9,1051.4,1147.5,689.5,156.7,1383.6,1251.1,1192.7,29.3,285.0,10.4,451.9,1373.4,895.7,925.4,668.6,492.8,1380.8,712.7,835.5,978.7,448.2,1052.3,946.8,458.4,1383.6,505.1,823.6,78.5,1219.6,1081.3,550.6,1170.9,1690.6,738.4,1129.9,1490.7,979.6,1306.3,1325.1,755.5,1472.1,898.1,1341.3,1158.5,1244.1,198.8,1114.4,770.2,701.6,1664.1,539.6,303.8,751.1,1551.8,1416.9,811.0,1141.3,802.7,1211.7,1228.1,371.6
3,1526.7,433.4,1057.2,0.0,1256.2,615.8,1293.4,1423.2,474.9,451.3,487.1,71.9,1004.4,812.7,1040.0,882.3,952.3,153.9,928.1,850.9,471.5,950.9,674.0,316.5,572.5,71.9,379.3,1075.2,1110.7,1020.8,142.8,1086.6,1004.1,817.5,947.7,666.4,882.2,583.6,812.7,1188.3,694.1,811.3,373.2,434.3,577.2,1052.0,1341.2,949.2,531.7,1086.6,772.2,1067.6,950.7,785.3,1093.2,237.3,681.5,634.3,1338.4,615.3,221.8,761.6,1025.9,724.2,110.5,722.4,1341.2,877.7,529.4,978.8,1177.1,516.8,727.2,376.4,763.5,589.6,611.7,474.1,734.4,1004.4,308.5,958.5,455.5,1095.6,1298.8,497.5,829.4,858.7,483.7,967.7,626.4,647.5,716.2,905.9,341.2,902.4,566.5,1008.5,456.8,359.9,605.5,621.9,769.7
4,1862.9,940.6,756.2,1256.2,0.0,760.1,1110.3,1240.0,1650.3,1309.6,862.1,1218.0,1332.5,684.4,323.3,1377.9,391.4,1102.3,1602.0,536.1,1329.8,670.3,582.2,1127.2,771.7,1218.0,1121.9,690.0,1164.5,550.2,1358.3,785.5,709.5,1034.5,386.2,1402.8,1142.8,1335.9,684.4,893.8,1368.0,1248.8,1208.5,1292.6,770.4,599.4,1386.1,1277.3,1283.9,785.5,518.0,766.6,441.5,1459.2,666.9,1118.0,749.5,691.8,1388.9,793.6,1034.4,1004.9,308.0,1133.2,1145.7,651.0,1386.1,509.4,904.5,691.5,1245.8,1172.5,696.0,1328.0,1776.4,819.3,1221.0,1649.5,1060.5,1332.5,1524.1,500.7,1671.1,645.8,1367.5,1249.7,1325.0,585.9,1205.6,673.2,782.5,1824.8,685.0,560.1,950.1,1637.6,1502.6,714.0,1232.5,995.3,1297.5,1313.9,564.2
5,1529.0,243.2,679.2,615.8,760.1,0.0,811.7,941.4,1023.6,624.0,161.7,577.6,771.3,259.6,662.0,756.7,435.2,461.9,975.3,316.3,644.3,835.8,377.8,829.9,499.6,577.6,892.7,797.3,675.9,657.5,718.0,708.5,450.9,476.0,705.7,776.1,584.3,704.3,259.6,635.2,741.3,627.6,511.0,607.1,102.6,706.7,921.3,716.2,652.3,708.5,394.1,689.6,572.7,832.5,540.1,750.7,128.3,487.3,918.4,33.6,394.1,439.7,783.9,512.0,505.4,891.5,921.3,343.1,207.1,600.7,757.2,540.9,174.0,630.5,1149.7,59.2,589.5,1022.8,439.3,771.3,883.7,405.4,1030.7,542.5,878.9,618.1,703.8,480.6,574.0,414.6,22.4,1198.1,163.0,527.8,338.0,1010.9,875.9,455.3,600.9,873.3,670.8,687.2,804.7
6,802.7,989.9,1207.3,1293.4,1110.3,811.7,0.0,179.8,965.5,913.7,911.4,1221.5,583.6,837.6,1049.9,671.1,785.4,1206.3,917.2,729.0,933.9,1363.9,905.9,1507.5,1095.4,1221.5,1570.3,1325.5,399.9,1185.6,1241.5,1236.6,447.5,537.3,1233.8,718.0,517.8,823.4,837.6,375.3,683.2,542.0,938.0,896.7,788.6,1234.9,325.9,528.4,888.1,1236.6,922.3,1217.7,1100.8,774.4,453.2,1428.3,683.4,1015.5,328.8,845.3,1138.5,592.3,1312.0,587.0,1249.8,1419.6,325.9,751.0,833.1,1128.8,481.1,829.5,752.1,935.6,1058.4,871.0,699.5,964.7,617.0,583.6,1112.1,652.9,1014.1,474.3,419.1,853.9,618.2,1008.8,840.1,567.3,834.2,1139.9,741.1,1056.0,1082.4,951.0,817.8,444.6,836.6,1550.9,687.9,671.6,1332.8
7,622.9,1119.6,1337.0,1423.2,1240.0,941.4,179.8,0.0,1095.2,1043.4,1041.1,1351.2,607.7,967.3,1179.7,605.1,915.1,1336.0,944.4,858.7,1063.7,1493.6,1035.6,1637.2,1225.1,1351.2,1700.0,1455.2,448.8,1315.3,1371.2,1366.3,577.3,667.0,1363.5,847.7,647.5,953.1,967.3,505.0,812.9,671.7,1067.7,1026.4,918.3,1364.6,146.1,623.0,1017.8,1366.3,1052.0,1347.4,1230.5,869.3,582.9,1558.0,813.1,1145.2,148.9,975.0,1268.2,722.0,1441.7,716.7,1379.5,1549.3,146.1,880.7,962.8,1258.6,310.2,959.2,881.8,1065.3,878.6,1000.7,829.2,1094.4,746.7,607.7,1241.8,782.6,1143.8,604.0,239.2,983.6,657.9,1138.5,969.8,697.0,963.9,1009.6,870.8,1185.7,1212.1,817.9,947.5,574.4,966.3,1680.6,817.6,801.3,1462.5
8,1289.3,851.9,1491.5,474.9,1650.3,1023.6,965.5,1095.2,0.0,596.7,894.9,506.2,676.4,1149.8,1474.2,554.3,1325.4,588.2,566.5,1206.5,616.9,1385.1,1108.2,750.7,1006.7,506.2,813.5,1509.4,782.7,1455.0,332.1,1520.8,1213.7,673.8,1381.9,247.5,603.8,506.4,1149.8,1141.4,332.5,483.3,638.1,579.7,952.1,1486.2,1015.8,621.3,571.0,1520.8,1206.4,1501.9,1385.0,423.7,1219.3,671.5,900.7,1068.6,1013.0,1023.0,656.0,702.1,1460.1,528.1,544.7,1156.7,1015.8,1233.3,819.9,1413.0,851.8,556.1,1064.2,618.5,543.3,997.4,474.8,35.9,600.1,676.4,202.7,1295.6,104.7,1240.4,973.4,536.8,501.4,1292.9,523.1,1135.1,1034.2,427.3,1053.2,1340.1,775.4,602.0,147.7,1210.8,519.6,794.2,370.9,354.5,1203.9
9,1241.2,451.9,1164.4,451.3,1309.6,624.0,913.7,1043.4,596.7,0.0,495.3,379.3,624.7,809.0,1147.2,502.5,984.7,495.0,548.4,865.8,20.3,1299.7,781.2,665.3,679.7,379.3,728.1,1282.6,731.0,1142.8,553.4,1193.8,923.8,474.3,1190.9,349.1,517.1,203.9,809.0,1089.7,314.4,431.5,113.0,17.0,552.6,1192.0,961.5,569.5,151.9,1193.8,879.4,1174.8,1058.0,405.6,1012.9,586.1,560.0,741.5,958.6,623.5,562.9,418.4,1269.1,359.1,451.6,1071.2,961.5,892.6,420.4,1086.0,797.4,137.0,723.5,93.4,722.8,597.8,267.0,595.9,391.2,624.7,719.2,954.8,645.3,1015.3,919.1,117.7,449.6,965.9,104.0,794.3,634.6,771.1,712.5,1013.1,518.1,584.0,449.0,928.2,77.1,708.7,225.7,242.1,1118.5
10,1502.6,114.4,781.2,487.1,862.1,161.7,911.3,1041.1,894.9,495.3,0.0,448.9,759.5,361.6,764.0,658.0,537.3,333.2,846.6,418.4,515.6,937.8,472.4,701.1,370.9,448.9,763.9,899.4,775.6,759.5,589.2,810.6,552.9,510.6,807.7,647.4,615.5,575.5,361.6,737.2,612.6,587.0,382.3,478.3,126.0,808.8,1020.9,704.4,523.6,810.6,496.2,791.6,674.7,703.8,642.1,621.9,230.4,432.7,1018.1,128.2,265.3,454.7,885.9,458.9,376.6,993.5,1020.9,445.1,78.3,702.8,856.9,412.2,276.1,501.8,1021.0,102.5,460.8,894.1,427.4,759.5,755.0,507.4,902.0,644.5,978.5,489.4,605.1,582.7,445.3,516.6,139.3,1069.3,265.1,629.9,209.3,882.2,747.2,557.4,472.2,744.6,542.1,558.4,906.7
11,1549.0,395.1,1019.0,71.9,1218.0,577.6,1221.5,1351.2,506.2,379.3,448.9,0.0,932.5,774.5,1001.8,810.3,914.1,115.7,856.2,812.7,399.6,920.4,635.8,286.0,534.3,0.0,348.8,1044.7,1038.8,990.2,174.1,1048.3,965.8,745.6,917.2,657.0,810.3,511.7,774.5,1150.1,622.2,739.3,301.3,362.4,538.9,1021.5,1269.3,877.3,459.8,1048.3,734.0,1029.4,912.5,713.4,1055.0,206.8,643.3,596.1,1266.5,577.1,183.5,689.7,995.4,652.3,72.3,691.9,1269.3,839.5,491.2,940.6,1105.2,444.9,689.0,304.5,794.8,551.4,539.7,505.4,662.5,932.5,339.8,920.3,486.8,1057.4,1226.9,425.6,757.5,820.5,411.8,929.5,588.2,678.8,678.0,867.7,302.9,891.8,597.8,970.3,384.9,329.4,533.6,549.9,739.2
12,1037.4,729.1,1306.3,1004.4,1332.5,771.3,583.6,607.7,676.4,624.7,759.5,932.5,0.0,886.7,1272.2,201.8,1007.6,925.2,541.2,943.4,644.9,1462.9,1004.9,1218.4,962.9,932.5,1281.3,1424.4,339.2,1284.6,952.5,1335.6,831.8,298.0,1332.8,428.9,228.8,534.4,886.7,759.5,394.1,253.0,652.9,607.7,748.2,1333.8,461.6,118.6,599.0,1335.6,1021.3,1316.7,1199.8,466.1,837.4,1139.3,643.0,1024.7,458.8,804.9,857.3,353.9,1411.0,301.9,968.6,1518.6,461.6,970.2,684.6,1227.8,297.6,544.4,801.1,646.5,612.6,830.6,414.4,675.6,332.1,0.0,823.1,977.8,725.1,858.5,419.2,564.8,254.7,1107.8,551.1,786.1,793.8,743.5,790.1,1154.9,801.3,473.7,528.8,828.9,547.6,1261.9,398.9,382.5,1431.8
13,1571.8,440.1,511.1,812.7,684.4,259.6,837.6,967.3,1149.8,809.0,361.6,774.5,886.7,0.0,493.9,877.4,295.2,658.8,1101.5,148.3,829.3,667.7,209.8,1026.8,399.2,774.5,1089.6,629.3,718.7,489.5,914.9,540.5,472.4,588.7,537.6,902.3,697.0,835.3,0.0,656.7,867.5,748.3,708.0,792.1,269.9,538.7,964.0,831.5,783.4,540.5,226.1,521.5,404.7,958.7,561.6,947.6,249.0,319.3,961.2,293.1,591.0,559.0,615.8,632.7,702.3,723.4,964.0,175.1,404.0,432.7,800.0,672.0,131.0,827.5,1275.9,318.8,720.5,1149.0,560.0,886.7,1080.6,426.9,1198.4,564.0,921.6,749.2,824.5,312.6,705.1,436.0,282.0,1324.3,120.0,359.8,534.9,1137.1,1002.1,476.8,732.0,1067.7,797.0,813.4,636.6
14,1802.5,784.6,541.2,1040.0,323.3,662.0,1049.9,1179.7,1474.2,1147.2,764.0,1001.8,1272.2,493.9,0.0,1279.8,331.0,886.1,1499.0,461.1,1167.5,689.0,366.0,1220.9,555.5,1001.8,1215.7,650.6,1104.2,510.7,1142.1,570.5,649.2,974.2,558.9,1299.8,1082.5,1227.4,493.9,833.5,1265.0,1150.7,1034.2,1130.2,672.3,560.0,1325.8,1217.0,1175.5,570.5,289.3,551.6,212.8,1356.2,606.6,1174.8,651.4,475.6,1328.6,695.5,818.2,944.5,631.3,1035.1,929.5,744.7,1325.8,449.0,806.3,462.8,1185.4,1064.1,533.4,1153.7,1673.4,721.2,1112.7,1473.5,962.3,1272.2,1307.9,440.4,1454.9,585.5,1307.1,1141.3,1226.9,357.2,1097.2,612.8,684.4,1646.9,522.4,331.3,733.9,1534.6,1399.6,653.6,1124.1,1089.0,1194.5,1210.9,657.9
15,880.3,615.0,1297.0,882.3,1377.9,756.7,671.1,605.1,554.3,502.5,658.0,810.3,201.8,877.4,1279.8,0.0,1053.1,805.2,384.0,934.2,522.7,1453.6,944.4,1096.3,842.9,810.3,1159.1,1415.2,336.6,1275.3,830.3,1326.3,919.3,378.6,1323.5,306.8,309.4,412.2,877.4,847.1,272.0,188.9,531.2,485.5,715.2,1324.6,459.0,217.0,476.9,1326.3,1012.0,1307.4,1190.5,308.9,924.9,1017.1,628.4,904.7,456.1,786.1,737.3,420.6,1401.7,287.3,848.6,1502.2,459.0,960.9,583.0,1218.6,294.9,422.7,791.9,524.4,455.4,760.5,292.8,553.5,317.4,201.8,700.9,1023.2,602.9,946.0,416.6,442.7,52.9,1098.5,428.9,862.7,779.1,586.4,780.9,1145.7,681.3,316.6,406.6,916.4,425.4,1139.7,276.7,260.4,1422.5
16,1538.0,615.7,579.7,952.3,391.4,435.2,785.4,915.1,1325.4,984.7,537.3,914.1,1007.6,295.2,331.0,1053.1,0.0,798.4,1277.1,146.9,1004.9,736.3,278.3,1166.3,467.8,914.1,1229.2,697.9,839.7,558.0,1054.4,609.0,384.7,709.7,606.2,1077.9,818.0,1011.0,295.2,568.9,1043.1,924.0,883.6,967.7,445.6,607.3,1061.2,952.5,959.1,609.0,294.7,590.1,449.2,1134.3,422.7,1087.2,424.7,387.9,1064.1,468.8,730.6,680.0,684.4,808.3,841.8,792.0,1061.2,120.2,579.6,501.3,920.9,847.7,334.7,1003.1,1451.5,494.5,896.1,1324.6,735.6,1007.6,1220.2,175.8,1367.2,401.6,1042.6,924.9,1000.2,381.2,880.7,348.3,457.6,1499.9,323.7,428.4,646.2,1312.7,1177.8,389.1,907.6,1136.3,972.6,989.0,705.2
17,1640.0,279.4,903.3,153.9,1102.3,461.9,1206.3,1336.0,588.2,495.0,333.2,115.7,925.2,658.8,886.1,805.2,798.4,0.0,971.9,697.0,515.3,1002.4,520.1,367.9,418.6,115.7,430.8,1021.5,1031.5,881.6,256.0,932.6,850.1,676.2,929.8,772.7,781.1,627.4,658.8,1034.4,737.9,734.2,417.0,478.1,423.2,930.9,1264.1,870.0,575.5,932.6,618.3,913.7,796.8,829.1,939.3,288.8,527.6,480.4,1261.3,461.4,67.8,620.3,1008.0,624.5,43.4,773.9,1264.1,723.8,375.5,824.9,1100.1,558.9,573.3,420.2,876.8,435.7,607.5,587.4,593.1,925.2,421.8,804.6,568.8,941.7,1221.8,541.3,752.3,704.8,527.5,813.8,472.5,760.8,562.3,752.0,187.2,1007.5,679.8,854.6,500.6,411.4,649.3,665.7,821.2
18,955.9,803.7,1516.2,928.1,1602.0,975.3,917.2,944.4,566.5,548.4,846.6,856.2,541.2,1101.5,1499.0,384.0,1277.1,971.9,0.0,1158.2,568.6,1672.8,1133.0,1142.2,1031.5,856.2,1205.0,1634.4,675.9,1494.5,842.5,1545.6,1165.4,625.5,1542.7,318.9,555.5,458.1,1101.5,1093.1,234.0,435.0,589.9,531.4,903.8,1543.8,798.3,556.4,522.7,1545.6,1231.2,1526.6,1409.7,142.8,1171.0,1063.0,852.5,1093.3,795.5,974.8,926.0,653.8,1620.9,479.9,928.5,1548.1,798.3,1185.0,771.6,1437.8,634.3,507.8,1016.0,570.3,392.3,949.1,426.5,565.7,551.8,541.2,713.1,1247.3,615.1,1192.1,755.9,488.5,436.9,1317.7,474.8,1086.8,985.9,523.3,1005.0,1364.9,869.9,253.5,418.8,1162.5,471.3,1185.6,322.6,306.3,1595.4
19,1481.6,496.8,478.3,850.9,536.1,316.3,729.0,858.7,1206.5,865.8,418.4,812.7,943.4,148.3,461.1,934.2,146.9,697.0,1158.2,0.0,886.0,634.9,176.9,1064.9,366.4,812.7,1127.7,596.5,775.4,456.6,953.0,507.6,328.2,645.4,504.8,959.0,753.8,892.1,148.3,512.5,924.2,805.1,764.7,848.8,326.7,505.9,1004.8,888.3,840.2,507.6,193.3,488.7,371.8,1015.4,417.4,985.7,305.8,286.5,1018.0,349.9,629.1,615.8,583.0,689.4,740.4,690.6,1004.8,26.8,460.7,399.9,856.7,728.8,187.7,884.2,1332.6,375.6,777.2,1205.7,616.7,943.4,1118.8,282.7,1255.2,419.8,978.4,806.0,881.3,279.8,761.8,291.9,338.7,1381.0,176.7,327.0,544.8,1193.8,1058.9,332.7,788.7,1034.9,853.7,870.1,603.8
20,1261.4,472.1,1184.7,471.5,1329.8,644.3,933.9,1063.7,616.9,20.3,515.6,399.6,644.9,829.3,1167.5,522.7,1004.9,515.3,568.6,886.0,0.0,1320.0,801.4,685.5,699.9,399.6,748.4,1302.9,751.2,1163.0,573.7,1214.0,944.0,494.6,1211.2,369.4,537.4,224.1,829.3,1109.9,334.6,451.8,133.3,37.2,572.8,1212.3,981.7,589.7,172.2,1214.0,899.7,1195.1,1078.2,425.8,1033.2,606.4,580.3,761.8,978.9,643.7,583.1,438.7,1289.4,379.4,471.9,1091.5,981.7,912.8,440.6,1106.2,817.6,157.3,743.8,113.6,743.0,618.1,287.2,616.1,411.5,644.9,739.4,975.1,665.6,1035.6,939.3,138.0,469.9,986.2,124.2,814.6,654.9,791.4,732.8,1033.4,538.4,604.2,469.3,948.5,97.3,729.0,246.0,262.4,1138.8
21,2116.5,958.5,240.7,950.9,670.3,835.8,1363.9,1493.6,1385.1,1299.7,937.8,920.4,1462.9,667.7,689.0,1453.6,736.3,1002.4,1672.8,634.9,1320.0,0.0,539.8,744.2,729.3,920.4,738.9,174.6,1294.9,178.3,1053.0,270.1,963.1,1164.9,284.0,1473.6,1273.2,1401.2,667.7,1147.4,1438.8,1324.5,1208.0,1282.7,846.1,151.4,1540.2,1407.7,1349.3,270.1,441.6,251.1,599.7,1530.0,1052.3,734.9,825.2,649.4,1537.4,869.3,992.1,1135.2,362.3,1208.9,958.9,268.0,1540.2,661.7,980.2,261.2,1376.1,1237.9,707.2,1224.9,1673.8,895.0,1286.5,1384.4,1136.2,1462.9,1218.8,912.1,1365.8,1054.7,1497.8,1315.1,1400.7,381.6,1271.0,926.8,858.2,1557.8,696.2,451.6,907.7,1708.4,1476.8,967.6,1297.9,612.3,1368.3,1384.7,181.2
22,1658.5,418.6,383.3,674.0,582.2,377.8,905.9,1035.6,1108.2,781.2,472.4,635.8,1004.9,209.8,366.0,944.4,278.3,520.1,1133.0,176.9,801.4,539.8,0.0,888.0,189.4,635.8,950.8,501.4,836.9,361.6,776.1,412.6,505.1,706.9,409.7,933.7,815.2,861.4,209.8,689.4,899.0,866.5,668.2,764.2,388.1,410.8,1082.3,949.7,809.5,412.6,98.2,393.7,276.8,990.2,594.3,808.8,367.3,109.5,1079.4,411.3,452.2,677.3,488.0,750.9,563.5,595.5,1082.3,203.7,514.7,304.8,918.2,698.1,249.2,787.7,1307.4,437.0,746.7,1107.4,678.2,1004.9,941.9,454.2,1088.9,596.7,1039.9,775.3,891.5,184.7,731.1,468.8,400.2,1280.9,238.2,231.9,367.9,1168.6,1033.6,509.6,758.0,931.4,828.5,844.8,508.8
23,1802.5,647.4,934.6,316.5,1127.2,829.9,1507.5,1637.2,750.7,665.3,701.1,286.0,1218.4,1026.8,1220.9,1096.3,1166.3,367.9,1142.2,1064.9,685.5,744.2,888.0,0.0,786.5,286.0,151.2,868.5,1324.8,814.0,418.6,963.9,1218.1,1031.5,741.0,942.2,1096.2,797.7,1026.8,1402.4,908.2,1025.3,587.2,648.3,791.2,845.3,1555.2,1163.3,745.7,963.9,973.5,945.0,1131.6,999.4,1307.3,79.2,895.5,848.3,1552.4,829.3,435.8,975.6,819.2,938.2,324.5,515.7,1555.2,1091.7,743.5,955.1,1391.2,730.8,941.2,590.5,1039.4,803.6,825.7,749.9,948.4,1218.4,584.4,1172.6,731.4,1309.7,1512.9,711.5,1043.4,959.6,697.8,1181.7,840.4,923.4,930.2,983.5,555.2,1177.7,842.3,1222.5,670.8,131.9,819.5,835.9,563.0
24,1687.5,317.1,572.7,572.5,771.7,499.6,1095.4,1225.1,1006.7,679.7,370.9,534.3,962.9,399.2,555.5,842.9,467.8,418.6,1031.5,366.4,699.9,729.3,189.4,786.5,0.0,534.3,849.3,690.9,1026.4,551.0,674.6,602.0,694.6,713.9,599.2,832.3,818.8,759.9,399.2,878.9,797.5,771.9,566.7,662.7,460.9,600.3,1271.7,907.7,708.0,602.0,287.7,583.1,466.2,888.7,783.8,707.3,556.7,149.8,1268.9,499.0,350.7,658.0,677.4,662.2,462.0,785.0,1271.7,393.1,413.2,494.3,1107.6,596.6,438.7,686.2,1205.9,473.3,645.2,1005.9,630.8,962.9,840.4,643.6,987.4,786.2,1229.3,673.8,790.0,374.2,629.6,658.2,510.2,1179.4,427.7,421.4,266.4,1067.1,932.1,699.0,656.5,830.0,727.0,743.3,698.2
25,1549.0,395.1,1019.0,71.9,1218.0,577.6,1221.5,1351.2,506.2,379.3,448.9,0.0,932.5,774.5,1001.8,810.3,914.1,115.7,856.2,812.7,399.6,920.4,635.8,286.0,534.3,0.0,348.8,1044.7,1038.8,990.2,174.1,1048.3,965.8,745.6,917.2,657.0,810.3,511.7,774.5,1150.1,622.2,739.3,301.3,362.4,538.9,1021.5,1269.3,877.3,459.8,1048.3,734.0,1029.4,912.5,713.4,1055.0,206.8,643.3,596.1,1266.5,577.1,183.5,689.7,995.4,652.3,72.3,691.9,1269.3,839.5,491.2,940.6,1105.2,444.9,689.0,304.5,794.8,551.4,539.7,505.4,662.5,932.5,339.8,920.3,486.8,1057.4,1226.9,425.6,757.5,820.5,411.8,929.5,588.2,678.8,678.0,867.7,302.9,891.8,597.8,970.3,384.9,329.4,533.6,549.9,739.2
26,1865.4,710.2,929.4,379.3,1121.9,892.7,1570.3,1700.0,813.5,728.1,763.9,348.8,1281.3,1089.6,1215.7,1159.1,1229.2,430.8,1205.0,1127.7,748.4,738.9,950.8,151.2,849.3,348.8,0.0,863.2,1387.6,808.8,481.4,958.7,1280.9,1094.3,735.7,1005.0,1159.1,860.5,1089.6,1465.2,971.0,1088.1,650.1,711.1,854.0,840.0,1618.1,1226.1,808.6,958.7,968.3,939.7,1126.4,1062.2,1370.1,142.0,958.4,911.2,1615.2,892.1,498.6,1038.4,813.9,1001.0,387.3,510.4,1618.1,1154.5,806.3,949.9,1454.0,793.6,1004.0,653.3,1102.2,866.4,888.5,812.8,1011.2,1281.3,647.2,1235.4,794.2,1372.5,1575.7,774.3,1106.2,954.4,760.6,1244.6,903.3,986.2,993.0,978.3,618.0,1240.6,905.2,1285.4,733.7,126.6,882.4,898.7,557.7
27,2078.0,920.0,179.9,1075.2,690.0,797.3,1325.5,1455.2,1509.4,1282.6,899.4,1044.7,1424.4,629.3,650.6,1415.2,697.9,1021.5,1634.4,596.5,1302.9,174.6,501.4,868.5,690.9,1044.7,863.2,0.0,1256.5,139.9,1177.3,209.3,924.7,1126.5,303.8,1435.2,1234.8,1362.8,629.3,1109.0,1400.4,1286.1,1169.6,1265.6,807.7,90.6,1501.8,1369.3,1310.9,209.3,403.2,190.3,561.3,1491.6,1013.9,859.2,786.8,611.0,1499.0,830.9,953.6,1096.8,382.0,1170.4,1064.9,392.3,1501.8,623.2,941.7,200.4,1337.7,1199.5,668.8,1289.1,1798.1,856.6,1248.1,1508.6,1097.7,1424.4,1343.1,873.7,1490.1,1016.3,1459.4,1276.7,1362.3,320.8,1232.5,888.3,819.8,1682.1,657.8,413.2,869.3,1670.0,1535.0,929.1,1259.5,736.6,1329.9,1346.3,305.5
28,910.4,835.4,1138.3,1110.7,1164.5,675.9,399.9,448.8,782.7,731.0,775.7,1038.8,339.2,718.7,1104.2,336.6,839.7,1031.5,675.9,775.4,751.2,1294.9,836.9,1324.8,1026.4,1038.8,1387.6,1256.5,0.0,1116.6,1058.8,1167.6,648.1,370.8,1164.8,535.2,335.1,640.7,718.7,575.8,500.5,359.3,759.2,714.0,652.8,1165.9,302.7,345.7,705.3,1167.6,853.3,1148.7,1031.8,591.7,653.7,1245.6,547.6,946.5,299.9,709.5,963.7,426.7,1243.0,408.2,1074.9,1350.6,302.7,802.2,697.4,1059.9,138.6,650.7,633.2,752.8,747.3,735.2,520.7,782.0,438.4,339.2,929.4,805.6,831.4,674.8,260.3,671.1,389.4,939.8,657.4,603.4,698.4,878.3,622.2,987.0,907.6,608.5,635.1,645.2,653.9,1368.2,505.2,488.9,1263.8
29,1938.2,780.2,206.0,1020.8,550.2,657.5,1185.6,1315.3,1455.0,1142.8,759.5,990.2,1284.6,489.5,510.7,1275.3,558.0,881.6,1494.5,456.6,1163.0,178.3,361.6,814.0,551.0,990.2,808.8,139.9,1116.6,0.0,1122.9,235.3,784.8,986.6,163.9,1295.3,1094.9,1223.0,489.5,969.1,1260.5,1146.2,1029.8,1125.8,667.8,49.2,1361.9,1229.4,1171.0,235.3,263.3,216.4,421.5,1351.7,874.0,804.8,646.9,471.1,1359.1,691.0,813.8,957.0,242.2,1030.6,925.1,337.9,1361.9,483.4,801.9,226.5,1197.9,1059.6,528.9,1149.3,1668.9,716.7,1108.2,1454.2,957.9,1284.6,1288.7,733.8,1435.7,876.4,1319.6,1136.8,1222.4,249.5,1092.7,748.5,679.9,1627.6,517.9,273.3,729.4,1530.1,1395.2,789.3,1119.6,682.2,1190.0,1206.4,251.1
30,1383.9,535.5,1159.4,142.8,1358.3,718.0,1241.5,1371.2,332.1,553.4,589.2,174.1,952.5,914.9,1142.1,830.3,1054.4,256.0,842.5,953.0,573.7,1053.0,776.1,418.6,674.6,174.1,481.4,1177.3,1058.8,1122.9,0.0,1188.7,1106.2,919.6,1049.8,523.6,879.9,685.8,914.9,1290.5,608.5,759.4,475.3,536.4,679.3,1154.1,1291.9,897.3,633.8,1188.7,874.3,1169.8,1052.9,699.7,1195.4,339.4,783.6,736.4,1289.1,717.4,323.9,863.7,1128.0,804.2,212.6,824.5,1291.9,979.8,631.6,1080.9,1127.8,618.9,829.3,478.6,620.8,691.7,713.8,331.3,836.5,952.5,165.8,1060.7,312.8,1197.8,1249.5,599.6,777.5,960.8,585.9,1069.8,728.5,504.7,818.3,1008.0,443.3,759.6,423.7,1110.6,559.0,462.1,647.0,630.6,871.8
31,1989.2,831.2,29.3,1086.6,785.5,708.5,1236.6,1366.3,1520.8,1193.8,810.6,1048.3,1335.6,540.5,570.5,1326.3,609.0,932.6,1545.6,507.6,1214.0,270.1,412.6,963.9,602.0,1048.3,958.7,209.3,1167.6,235.3,1188.7,0.0,835.9,1037.6,399.3,1346.3,1145.9,1274.0,540.5,1020.1,1311.6,1197.2,1080.8,1176.8,718.9,186.1,1413.0,1280.4,1222.1,0.0,314.4,18.9,481.3,1402.8,925.0,954.7,698.0,522.1,1410.1,742.1,864.8,1008.0,477.5,1081.6,976.1,487.7,1413.0,534.4,852.9,107.8,1248.9,1110.7,579.9,1200.3,1720.0,767.8,1159.2,1520.0,1008.9,1335.6,1354.5,784.9,1501.5,927.4,1370.6,1187.8,1273.5,228.1,1143.7,799.5,730.9,1693.4,568.9,333.1,780.4,1581.1,1446.2,840.3,1170.6,832.1,1241.1,1257.4,401.0
32,1200.1,631.4,806.5,1004.1,709.5,450.9,447.5,577.3,1213.7,923.8,552.9,965.8,831.8,472.4,649.2,919.3,384.7,850.1,1165.4,328.2,944.0,963.1,505.1,1218.1,694.6,965.8,1280.9,924.7,648.1,784.8,1106.2,835.9,0.0,617.6,833.0,966.1,725.9,950.1,472.4,231.1,931.4,790.2,823.0,906.8,461.2,834.1,723.4,776.6,898.1,835.9,521.5,816.9,700.0,1022.6,135.9,1138.9,432.6,614.7,726.2,484.5,782.3,587.9,911.2,747.4,893.6,1018.8,723.4,350.2,582.4,728.1,729.3,786.7,386.9,942.5,1338.0,510.1,835.2,1212.9,674.7,831.8,1272.0,252.2,1262.3,157.1,816.5,863.9,866.4,608.0,819.8,166.6,473.3,1388.1,375.9,655.2,726.3,1199.2,1066.0,51.2,846.7,1261.5,911.7,928.1,932.0
33,1223.8,480.1,1008.3,817.5,1034.5,475.9,537.3,667.0,673.8,474.3,510.6,745.6,298.0,588.7,974.2,378.6,709.7,676.2,625.5,645.4,494.6,1164.9,706.9,1031.5,713.9,745.6,1094.3,1126.5,370.8,986.6,919.6,1037.6,617.6,0.0,1034.8,426.3,108.3,414.5,588.7,713.3,391.5,249.5,444.3,457.3,452.8,1035.9,616.1,242.8,448.7,1037.6,723.3,1018.7,901.8,482.7,706.8,952.3,347.6,775.7,613.3,509.5,608.4,55.9,1113.0,146.0,719.7,1220.6,616.1,672.2,435.6,929.9,452.0,337.3,503.2,496.2,800.0,535.2,258.2,673.0,159.3,298.0,820.5,679.8,722.5,709.2,573.7,414.5,325.7,809.8,370.4,488.2,498.3,848.3,492.2,857.0,552.3,661.1,526.2,622.0,397.3,1075.0,321.0,337.4,1133.8
34,1986.3,828.3,369.9,947.7,386.2,705.7,1233.8,1363.5,1381.9,1190.9,807.7,917.2,1332.8,537.6,558.9,1323.5,606.2,929.8,1542.7,504.8,1211.2,284.0,409.7,741.0,599.2,917.2,735.7,303.8,1164.8,163.9,1049.8,399.3,833.0,1034.8,0.0,1343.5,1143.1,1271.1,537.6,1017.3,1308.7,1194.4,1077.9,1173.9,716.0,213.2,1410.1,1277.6,1219.2,399.3,311.5,380.3,469.6,1399.9,922.2,731.7,695.1,519.3,1407.3,739.2,861.9,1005.1,78.2,1078.8,955.7,264.8,1410.1,531.6,850.0,342.0,1246.0,1107.8,577.1,1197.4,1670.6,764.9,1156.4,1381.1,1006.0,1332.8,1215.6,782.0,1362.6,924.6,1367.7,1185.0,1270.6,297.6,1140.9,796.6,728.1,1554.6,566.1,321.5,777.6,1578.3,1443.3,837.4,1167.8,609.1,1238.2,1254.6,178.0
35,1041.8,604.4,1317.0,666.4,1402.8,776.1,718.0,847.7,247.5,349.1,647.4,657.0,428.9,902.3,1299.8,306.8,1077.9,772.7,318.9,959.0,369.4,1473.6,933.7,942.2,832.3,657.0,1005.0,1435.2,535.2,1295.3,523.6,1346.3,966.1,426.3,1343.5,0.0,356.3,258.9,902.3,893.9,84.9,235.8,390.6,332.2,704.6,1344.6,768.3,373.8,323.5,1346.3,1032.0,1327.4,1210.5,176.1,971.7,863.0,653.2,894.1,765.5,775.5,726.7,454.6,1421.7,280.6,729.2,1348.1,768.3,985.8,572.4,1238.6,604.2,308.6,816.7,371.0,493.4,749.8,227.2,246.7,352.6,428.9,394.2,1048.1,296.2,992.9,725.9,289.3,253.9,1118.5,275.5,887.6,786.7,422.0,805.7,1165.7,670.7,354.5,99.9,963.2,272.1,985.7,123.4,107.0,1395.4
36,1162.9,585.0,1116.6,882.2,1142.8,584.2,517.8,647.5,603.8,517.1,615.5,810.3,228.8,697.0,1082.5,309.4,818.0,781.1,555.5,753.8,537.4,1273.2,815.2,1096.2,818.8,810.3,1159.1,1234.8,335.1,1094.9,879.9,1145.9,725.9,108.3,1143.1,356.3,0.0,426.9,697.0,693.8,321.5,180.3,509.0,500.2,561.1,1144.2,576.0,173.6,491.5,1145.9,831.6,1127.0,1010.1,412.7,771.6,1017.1,455.9,880.6,573.2,617.8,713.3,164.2,1221.3,158.0,824.6,1328.9,576.0,780.5,540.5,1038.2,411.9,400.5,611.5,539.0,729.9,643.5,270.5,603.0,188.0,228.8,750.4,788.1,652.4,792.8,533.6,457.3,256.5,918.1,433.6,596.5,606.7,778.3,600.5,965.3,657.2,591.1,456.1,730.4,440.1,1139.7,326.3,309.9,1242.1
37,1150.9,532.1,1244.7,583.6,1335.9,704.3,823.4,953.1,506.4,203.9,575.5,511.7,534.4,835.3,1227.4,412.2,1011.0,627.4,458.1,892.1,224.1,1401.2,861.4,797.7,759.9,511.7,860.5,1362.8,640.7,1223.0,685.8,1274.0,950.1,414.5,1271.1,258.9,426.9,0.0,835.3,999.4,224.1,341.2,245.4,186.9,632.8,1272.2,871.2,479.2,140.1,1274.0,959.6,1255.1,1138.2,315.3,1039.2,718.5,586.3,821.7,868.4,703.7,654.4,442.8,1349.4,268.8,584.0,1203.6,871.2,918.9,500.6,1166.2,707.1,163.3,749.8,225.8,632.5,678.0,197.4,505.6,340.8,534.4,653.0,981.1,555.0,1041.6,828.8,144.0,359.3,1046.1,130.3,820.6,714.8,680.8,738.8,1093.3,598.3,493.7,358.7,954.5,126.8,841.1,135.5,151.8,1250.9
38,1571.8,440.1,511.1,812.7,684.4,259.6,837.6,967.3,1149.8,809.0,361.6,774.5,886.7,0.0,493.9,877.4,295.2,658.8,1101.5,148.3,829.3,667.7,209.8,1026.8,399.2,774.5,1089.6,629.3,718.7,489.5,914.9,540.5,472.4,588.7,537.6,902.3,697.0,835.3,0.0,656.7,867.5,748.3,708.0,792.1,269.9,538.7,964.0,831.5,783.4,540.5,226.1,521.5,404.7,958.7,561.6,947.6,249.0,319.3,961.2,293.1,591.0,559.0,615.8,632.7,702.3,723.4,964.0,175.1,404.0,432.7,800.0,672.0,131.0,827.5,1275.9,318.8,720.5,1149.0,560.0,886.7,1080.6,426.9,1198.4,564.0,921.6,749.2,824.5,312.6,705.1,436.0,282.0,1324.3,120.0,359.8,534.9,1137.1,1002.1,476.8,732.0,1067.7,797.0,813.4,636.6
39,1127.9,815.7,990.8,1188.3,893.8,635.2,375.3,505.0,1141.4,1089.7,737.2,1150.1,759.5,656.7,833.5,847.1,568.9,1034.4,1093.1,512.5,1109.9,1147.4,689.4,1402.4,878.9,1150.1,1465.2,1109.0,575.8,969.1,1290.5,1020.1,231.1,713.3,1017.3,893.9,693.8,999.4,656.7,0.0,859.1,718.0,1007.3,1072.7,645.5,1018.4,651.1,704.4,1064.0,1020.1,705.8,1001.2,884.3,950.3,236.7,1323.2,616.9,799.0,654.0,668.7,966.6,772.2,1095.5,762.9,1077.9,1203.1,651.1,534.5,766.6,912.4,657.1,971.0,571.1,1111.5,1265.8,694.4,875.5,1140.6,793.0,759.5,1288.1,436.4,1190.1,257.8,744.3,1029.8,794.2,792.3,1004.1,350.8,657.6,1315.9,560.1,839.5,910.5,1127.0,993.8,228.2,1012.6,1445.8,863.9,847.5,1116.3
40,972.0,569.7,1282.2,694.1,1368.0,741.3,683.2,812.9,332.5,314.4,612.6,622.2,394.1,867.5,1265.0,272.0,1043.1,737.9,234.0,924.2,334.6,1438.8,899.0,908.2,797.5,622.2,971.0,1400.4,500.5,1260.5,608.5,1311.6,931.4,391.5,1308.7,84.9,321.5,224.1,867.5,859.1,0.0,201.0,355.9,297.4,669.8,1309.8,733.5,339.0,288.7,1311.6,997.2,1292.6,1175.7,91.2,937.0,829.0,618.5,859.3,730.7,740.8,692.0,419.8,1386.9,245.8,694.5,1314.1,733.5,951.0,537.6,1203.8,569.5,273.8,782.0,336.3,408.4,715.1,192.5,331.7,317.8,394.1,479.1,1013.3,381.1,958.1,691.2,254.5,219.1,1083.7,240.8,852.8,751.9,506.9,771.0,1130.9,635.9,269.6,184.8,928.5,237.3,951.6,88.6,72.3,1361.4
41,1069.2,544.0,1167.9,811.3,1248.8,627.6,542.0,671.7,483.3,431.5,587.0,739.3,253.0,748.3,1150.7,188.9,924.0,734.2,435.0,805.1,451.8,1324.5,866.5,1025.3,771.9,739.3,1088.1,1286.1,359.3,1146.2,759.4,1197.2,790.2,249.5,1194.4,235.8,180.3,341.2,748.3,718.0,201.0,0.0,460.2,414.5,604.5,1195.5,600.2,197.8,405.9,1197.2,882.9,1178.3,1061.4,292.2,795.8,946.1,499.3,833.7,597.3,661.2,666.4,291.5,1272.6,158.2,777.6,1380.2,600.2,831.8,512.0,1089.5,436.1,351.7,662.8,453.4,609.4,686.9,221.8,482.5,188.3,253.0,629.9,894.1,531.9,816.9,557.8,371.7,136.0,969.4,357.9,733.6,650.0,657.8,651.8,1016.6,610.3,470.6,335.6,787.3,354.4,1068.7,205.8,189.4,1293.4
42,1282.7,338.9,1051.4,373.2,1208.5,511.0,938.0,1067.7,638.1,113.0,382.3,301.3,652.9,708.0,1034.2,531.2,883.6,417.0,589.9,764.7,133.3,1208.0,668.2,587.2,566.7,301.3,650.1,1169.6,759.2,1029.8,475.3,1080.8,823.0,444.3,1077.9,390.6,509.0,245.4,708.0,1007.3,355.9,460.2,0.0,96.0,439.6,1079.0,990.2,597.7,193.4,1080.8,766.4,1061.8,945.0,447.1,912.2,508.1,459.3,628.5,987.4,510.5,461.2,388.4,1156.1,351.0,373.5,993.2,990.2,791.5,307.4,973.0,826.1,161.6,622.4,119.5,764.3,484.8,238.5,637.4,361.2,652.9,641.1,853.7,686.8,914.6,947.8,159.2,478.4,852.9,145.5,693.6,521.6,812.6,611.4,900.1,405.1,625.5,490.5,827.5,118.5,630.7,267.2,283.6,1040.5
43,1224.2,434.9,1147.5,434.3,1292.6,607.1,896.7,1026.4,579.7,17.0,478.3,362.4,607.7,792.1,1130.2,485.5,967.7,478.1,531.4,848.8,37.2,1282.7,764.2,648.3,662.7,362.4,711.1,1265.6,714.0,1125.8,536.4,1176.8,906.8,457.3,1173.9,332.2,500.2,186.9,792.1,1072.7,297.4,414.5,96.0,0.0,535.6,1175.0,944.5,552.5,134.9,1176.8,862.4,1157.9,1041.0,388.6,995.9,569.1,543.0,724.5,941.6,606.5,545.9,401.4,1252.1,342.1,434.6,1054.2,944.5,875.6,403.4,1069.0,780.4,120.0,706.5,76.4,705.8,580.8,250.0,578.9,374.2,607.7,702.2,937.8,628.3,998.4,902.1,100.7,432.6,948.9,87.0,777.3,617.6,754.1,695.5,996.1,501.1,567.0,432.0,911.2,60.1,691.8,208.8,225.1,1101.5
44,1505.9,204.5,689.5,577.2,770.4,102.6,788.6,918.3,952.1,552.6,126.0,538.9,748.2,269.9,672.3,715.2,445.6,423.2,903.8,326.7,572.8,846.1,388.1,791.2,460.9,538.9,854.0,807.7,652.8,667.8,679.3,718.9,461.2,452.9,716.0,704.6,561.2,632.8,269.9,645.5,669.8,604.5,439.6,535.6,0.0,717.1,898.1,693.0,580.8,718.9,404.5,699.9,583.0,761.0,550.4,712.0,105.2,497.7,895.3,136.1,355.4,416.6,794.2,488.8,466.7,901.8,898.1,353.4,137.0,611.1,734.1,469.4,184.4,559.1,1078.2,127.1,518.0,951.3,416.1,748.2,845.1,415.7,992.1,552.8,855.7,546.6,662.3,491.0,502.5,405.5,125.0,1126.6,173.4,538.2,299.3,939.4,804.5,465.7,529.4,834.6,599.3,615.7,815.0
45,1987.4,829.4,156.7,1052.0,599.4,706.7,1234.9,1364.6,1486.2,1192.0,808.8,1021.5,1333.8,538.7,560.0,1324.6,607.3,930.9,1543.8,505.9,1212.3,151.4,410.8,845.3,600.3,1021.5,840.0,90.6,1165.9,49.2,1154.1,186.1,834.1,1035.9,213.2,1344.6,1144.2,1272.2,538.7,1018.4,1309.8,1195.5,1079.0,1175.0,717.1,0.0,1411.2,1278.7,1220.3,186.1,312.6,167.1,470.7,1401.0,923.3,836.0,696.2,520.4,1408.4,740.3,863.0,1006.2,291.4,1079.8,974.3,369.1,1411.2,532.6,851.1,177.3,1247.1,1108.9,578.1,1198.5,1718.2,766.0,1157.5,1485.5,1007.1,1333.8,1319.9,783.1,1466.9,925.7,1368.8,1186.1,1271.7,297.6,1141.9,797.7,729.2,1658.9,567.1,322.6,778.7,1579.4,1444.4,838.5,1168.9,713.4,1239.3,1255.7,282.3
46,607.7,1076.3,1383.6,1341.2,1386.1,921.3,325.9,146.1,1013.2,961.5,1021.0,1269.3,461.6,964.0,1325.8,459.0,1061.2,1264.1,798.3,1004.8,981.7,1540.2,1082.3,1555.2,1271.7,1269.3,1618.1,1501.8,302.7,1361.9,1289.3,1413.0,723.4,616.1,1410.1,765.7,576.0,871.2,964.0,651.1,731.0,600.2,990.2,944.5,898.1,1411.2,0.0,476.9,935.8,1413.0,1098.6,1394.0,1277.1,723.2,729.0,1476.1,792.9,1191.8,2.8,954.8,1196.3,672.0,1488.3,649.1,1307.6,1595.9,0.0,1026.8,942.7,1305.2,164.1,881.7,878.5,983.3,732.5,980.5,751.7,1012.5,679.3,461.6,1159.9,928.7,1061.9,750.1,93.1,901.6,511.8,1185.1,887.9,848.7,943.7,863.5,867.5,1232.3,1140.3,671.8,865.6,720.5,884.4,1598.7,735.7,719.3,1509.1
47,1052.7,673.9,1251.1,949.2,1277.3,716.2,528.4,623.0,621.3,569.5,704.4,877.3,118.6,831.5,1217.0,217.0,952.5,870.0,556.4,888.3,589.7,1407.7,949.7,1163.3,907.7,877.3,1226.1,1369.3,345.7,1229.4,897.3,1280.4,776.6,242.8,1277.6,373.8,173.6,479.2,831.5,704.4,339.0,197.8,597.7,552.5,693.0,1278.7,476.9,0.0,543.9,1280.4,966.1,1261.5,1144.6,430.2,782.2,1084.1,587.8,969.5,474.0,749.7,802.2,298.7,1355.8,246.7,913.5,1463.4,476.9,915.0,629.4,1172.7,312.8,489.2,746.0,591.4,627.8,775.4,359.2,620.5,276.9,118.6,767.9,922.6,669.9,803.3,434.5,509.7,269.9,1052.6,495.9,731.0,738.6,758.7,735.0,1099.8,746.1,489.0,473.6,773.7,492.4,1206.7,343.7,327.4,1376.6
48,1215.5,480.1,1192.7,531.7,1283.9,652.3,888.1,1017.8,571.0,151.9,523.6,459.8,599.0,783.4,1175.5,476.9,959.1,575.5,522.7,840.2,172.2,1349.3,809.5,745.7,708.0,459.8,808.6,1310.9,705.3,1171.0,633.8,1222.1,898.1,448.7,1219.2,323.5,491.5,140.1,783.4,1064.0,288.7,405.9,193.4,134.9,580.8,1220.3,935.8,543.9,0.0,1222.1,907.7,1203.1,1086.2,379.9,987.3,666.5,534.4,769.8,933.0,651.8,602.5,392.8,1297.4,333.5,532.0,1151.7,935.8,866.9,448.7,1114.3,771.8,111.4,697.9,173.8,697.1,626.1,241.4,570.2,365.6,599.0,717.7,929.2,619.7,989.7,893.4,34.2,424.0,994.2,78.3,768.7,662.9,745.5,686.9,1041.4,546.4,558.3,423.4,902.6,74.9,789.2,200.1,216.5,1198.9
49,1989.2,831.2,29.3,1086.6,785.5,708.5,1236.6,1366.3,1520.8,1193.8,810.6,1048.3,1335.6,540.5,570.5,1326.3,609.0,932.6,1545.6,507.6,1214.0,270.1,412.6,963.9,602.0,1048.3,958.7,209.3,1167.6,235.3,1188.7,0.0,835.9,1037.6,399.3,1346.3,1145.9,1274.0,540.5,1020.1,1311.6,1197.2,1080.8,1176.8,718.9,186.1,1413.0,1280.4,1222.1,0.0,314.4,18.9,481.3,1402.8,925.0,954.7,698.0,522.1,1410.1,742.1,864.8,1008.0,477.5,1081.6,976.1,487.7,1413.0,534.4,852.9,107.8,1248.9,1110.7,579.9,1200.3,1720.0,767.8,1159.2,1520.0,1008.9,1335.6,1354.5,784.9,1501.5,927.4,1370.6,1187.8,1273.5,228.1,1143.7,799.5,730.9,1693.4,568.9,333.1,780.4,1581.1,1446.2,840.3,1170.6,832.1,1241.1,1257.4,401.0
50,1674.8,516.8,285.0,772.2,518.0,394.1,922.3,1052.0,1206.4,879.4,496.2,734.0,1021.3,226.1,289.3,1012.0,294.7,618.3,1231.2,193.3,899.7,441.6,98.2,973.5,287.7,734.0,968.3,403.2,853.3,263.3,874.3,314.4,521.5,723.3,311.5,1032.0,831.6,959.6,226.1,705.8,997.2,882.9,766.4,862.4,404.5,312.6,1098.6,966.1,907.7,314.4,0.0,295.4,200.0,1088.4,610.7,907.0,383.6,207.8,1095.8,427.7,550.4,693.6,389.7,767.3,661.7,497.3,1098.6,220.1,538.5,206.6,934.5,796.3,265.6,885.9,1405.6,453.4,844.9,1205.6,694.5,1021.3,1040.1,470.5,1187.1,613.1,1056.2,873.5,959.1,86.5,829.4,485.1,416.6,1379.1,254.6,133.7,466.1,1266.8,1131.8,525.9,856.3,841.6,926.7,943.1,410.5
51,1970.3,812.3,10.4,1067.6,766.6,689.6,1217.7,1347.4,1501.9,1174.8,791.6,1029.4,1316.7,521.5,551.6,1307.4,590.1,913.7,1526.6,488.7,1195.1,251.1,393.7,945.0,583.1,1029.4,939.7,190.3,1148.7,216.4,1169.8,18.9,816.9,1018.7,380.3,1327.4,1127.0,1255.1,521.5,1001.2,1292.6,1178.3,1061.8,1157.9,699.9,167.1,1394.0,1261.5,1203.1,18.9,295.4,0.0,462.3,1383.8,906.1,935.8,679.0,503.2,1391.2,723.1,845.9,989.0,458.6,1062.7,957.2,468.8,1394.0,515.5,834.0,88.8,1230.0,1091.7,561.0,1181.3,1701.0,748.8,1140.3,1501.1,990.0,1316.7,1335.5,765.9,1482.5,908.5,1351.6,1168.9,1254.5,209.2,1124.8,780.6,712.0,1674.5,550.0,314.2,761.5,1562.2,1427.3,821.4,1151.7,813.1,1222.1,1238.5,382.0
52,1853.4,695.4,451.9,950.7,441.5,572.7,1100.8,1230.5,1385.0,1058.0,674.7,912.5,1199.8,404.7,212.8,1190.5,449.2,796.8,1409.7,371.8,1078.2,599.7,276.8,1131.6,466.2,912.5,1126.4,561.3,1031.8,421.5,1052.9,481.3,700.0,901.8,469.6,1210.5,1010.1,1138.2,404.7,884.3,1175.7,1061.4,945.0,1041.0,583.0,470.7,1277.1,1144.6,1086.2,481.3,200.0,462.3,0.0,1266.9,724.8,1085.6,562.1,386.3,1274.3,606.2,729.0,872.2,547.9,945.8,840.3,655.5,1277.1,398.6,717.1,373.5,1113.1,974.8,444.1,1064.5,1584.1,631.9,1023.4,1384.2,873.1,1199.8,1218.6,558.6,1365.6,703.7,1234.8,1052.0,1137.6,268.0,1007.9,663.7,595.1,1557.6,433.1,242.1,644.6,1445.3,1310.4,704.5,1034.8,999.8,1105.2,1121.6,568.7
53,880.8,660.8,1373.4,785.3,1459.2,832.5,774.4,869.3,423.7,405.6,703.8,713.4,466.1,958.7,1356.2,308.9,1134.3,829.1,142.8,1015.4,425.8,1530.0,990.2,999.4,888.7,713.4,1062.2,1491.6,591.7,1351.7,699.7,1402.8,1022.6,482.7,1399.9,176.1,412.7,315.3,958.7,950.3,91.2,292.2,447.1,388.6,761.0,1401.0,723.2,430.2,379.9,1402.8,1088.4,1383.8,1266.9,0.0,1028.2,920.2,709.7,950.5,720.4,832.0,783.2,511.0,1478.1,337.0,785.7,1405.3,723.2,1042.2,628.8,1295.0,559.2,365.0,873.2,427.4,317.2,806.3,283.7,422.9,409.0,466.1,570.3,1104.5,472.3,1049.3,680.9,345.7,310.3,1174.9,332.0,944.0,843.1,448.2,862.2,1222.1,727.1,178.4,276.0,1019.7,328.5,1042.8,179.8,163.4,1452.6
54,1205.7,720.6,895.7,1093.2,666.9,540.1,453.2,582.9,1219.3,1012.9,642.1,1055.0,837.4,561.6,606.6,924.9,422.7,939.3,1171.0,417.4,1033.2,1052.3,594.3,1307.3,783.8,1055.0,1370.1,1013.9,653.7,874.0,1195.4,925.0,135.9,706.8,922.2,971.7,771.6,1039.2,561.6,236.7,937.0,795.8,912.2,995.9,550.4,923.3,729.0,782.2,987.3,925.0,610.7,906.1,724.8,1028.2,0.0,1228.1,521.8,703.9,731.8,573.6,871.5,677.1,975.0,836.6,982.8,1108.0,729.0,439.4,671.5,817.2,734.9,875.9,476.0,1031.7,1343.6,599.3,924.4,1218.5,763.9,837.4,1361.1,249.1,1267.9,21.1,822.1,953.1,872.0,697.2,909.0,255.7,562.5,1393.7,465.0,744.4,815.4,1204.8,1071.6,133.0,935.9,1350.7,941.7,925.4,1021.2
55,1723.4,568.2,925.4,237.3,1118.0,750.7,1428.3,1558.0,671.5,586.1,621.9,206.8,1139.3,947.6,1174.8,1017.1,1087.2,288.8,1063.0,985.7,606.4,734.9,808.8,79.2,707.3,206.8,142.0,859.2,1245.6,804.8,339.4,954.7,1138.9,952.3,731.7,863.0,1017.1,718.5,947.6,1323.2,829.0,946.1,508.1,569.1,712.0,836.0,1476.1,1084.1,666.5,954.7,907.0,935.8,1085.6,920.2,1228.1,0.0,816.3,769.2,1473.2,750.1,356.6,896.4,809.9,859.0,245.3,506.4,1476.1,1012.5,664.3,945.9,1312.0,651.6,862.0,511.3,960.2,724.4,746.5,670.8,869.2,1139.3,505.2,1093.4,652.2,1230.5,1433.7,632.3,964.2,950.4,618.6,1102.6,761.2,844.2,851.0,974.3,476.0,1098.6,763.2,1143.3,591.7,122.6,740.4,756.7,553.7
56,1400.7,308.8,668.6,681.5,749.5,128.3,683.4,813.1,900.7,560.0,230.4,643.3,643.0,249.0,651.4,628.4,424.7,527.6,852.5,305.8,580.3,825.2,367.3,895.5,556.7,643.3,958.4,786.8,547.6,646.9,783.6,698.0,432.6,347.7,695.1,653.2,456.0,586.3,249.0,616.9,618.5,499.3,459.3,543.0,105.2,696.2,792.9,587.8,534.4,698.0,383.6,679.0,562.1,709.7,521.8,816.3,0.0,476.8,790.1,161.9,459.7,311.4,773.3,383.6,571.0,880.9,792.9,332.6,218.6,590.2,628.9,423.0,163.5,578.8,1026.9,187.6,471.4,900.0,310.9,643.0,949.4,394.8,949.4,524.2,750.5,500.2,575.5,470.1,456.0,303.2,150.8,1075.2,152.5,517.3,403.7,888.1,753.1,437.1,483.0,939.0,548.0,564.3,794.1
57,1749.3,379.0,492.8,634.3,691.8,487.3,1015.5,1145.2,1068.6,741.5,432.7,596.1,1024.7,319.3,475.6,904.7,387.9,480.4,1093.3,286.5,761.8,649.4,109.5,848.3,149.8,596.1,911.2,611.0,946.5,471.1,736.4,522.1,614.7,775.7,519.3,894.1,880.6,821.7,319.3,799.0,859.3,833.7,628.5,724.5,497.7,520.4,1191.8,969.5,769.8,522.1,207.8,503.2,386.3,950.5,703.9,769.2,476.8,0.0,1189.0,520.9,412.6,719.8,597.5,724.0,523.8,705.1,1191.8,313.2,475.0,414.4,1027.7,658.4,358.8,748.0,1267.7,535.2,707.0,1067.8,692.6,1024.7,902.2,563.7,1049.2,706.3,1149.4,735.6,851.8,294.3,691.5,578.3,509.8,1241.2,347.8,341.5,328.2,1128.9,994.0,619.1,718.4,891.8,788.8,805.2,618.3
58,610.6,1073.5,1380.8,1338.4,1388.9,918.4,328.8,148.9,1010.4,958.6,1018.2,1266.5,458.8,961.2,1328.6,456.1,1064.1,1261.3,795.5,1018.0,978.9,1537.4,1079.4,1552.4,1268.9,1266.5,1615.2,1499.0,299.9,1359.1,1286.5,1410.1,726.2,613.3,1407.3,762.9,573.2,868.4,961.2,654.0,728.1,597.3,987.4,941.6,895.3,1408.4,2.8,474.0,933.0,1410.1,1095.8,1391.2,1274.3,720.4,731.8,1473.2,790.1,1189.0,0.0,952.0,1193.5,669.2,1485.5,646.3,1304.8,1593.1,2.8,1029.6,939.9,1302.4,161.2,878.9,875.7,980.5,729.7,977.7,748.9,1009.6,676.5,458.8,1157.1,931.6,1059.1,752.9,90.3,898.8,509.0,1182.3,885.0,845.9,940.9,860.6,864.7,1229.5,1137.4,669.0,862.8,723.3,881.6,1595.9,732.9,716.5,1506.3
59,1562.6,242.6,712.7,615.3,793.6,33.6,845.3,975.0,1023.0,623.5,128.2,577.1,804.9,293.1,695.5,786.1,468.8,461.4,974.8,349.9,643.7,869.3,411.3,829.3,499.0,577.1,892.1,830.9,709.5,691.0,717.4,742.1,484.5,509.6,739.2,775.5,617.9,703.7,293.1,668.7,740.8,661.2,510.5,606.5,136.1,740.3,954.8,749.7,651.8,742.1,427.7,723.1,606.2,832.0,573.6,750.1,161.9,520.9,952.0,0.0,393.5,473.3,817.4,545.5,504.8,925.0,954.8,376.6,206.5,634.3,790.8,540.4,207.6,630.0,1149.2,25.7,589.0,1022.3,472.8,804.9,883.2,438.9,1030.2,576.0,912.4,617.6,733.3,514.2,573.4,448.1,11.1,1197.5,196.6,561.4,337.5,1010.4,875.4,488.9,600.3,872.8,670.3,686.6,838.2
60,1581.9,211.6,835.5,221.8,1034.4,394.1,1138.5,1268.2,656.0,562.9,265.3,183.5,857.3,591.0,818.2,737.3,730.6,67.8,926.0,629.1,583.1,992.1,452.2,435.8,350.7,183.5,498.6,953.6,963.7,813.8,323.9,864.8,782.3,608.4,861.9,726.7,713.3,654.4,591.0,966.6,692.0,666.4,461.2,545.9,355.4,863.0,1196.3,802.2,602.5,864.8,550.4,845.9,729.0,783.2,871.5,356.6,459.7,412.6,1193.5,393.5,0.0,552.5,940.2,556.7,111.3,841.7,1196.3,655.9,307.7,757.0,1032.2,491.1,505.4,488.0,944.7,367.8,539.7,655.2,525.3,857.3,489.7,736.8,636.7,873.9,1153.9,568.3,684.5,636.9,524.1,746.0,404.6,828.6,494.4,684.1,119.4,961.6,747.6,786.8,551.0,479.2,621.5,637.8,889.0
