,0,1,2,3,4,5,6,7,8,9,10,11,12,13,14,15,16,17,18,19,20,21,22,23,24,25,26,27,28,29,30,31,32,33,34,35,36,37,38,39,40,41,42,43,44,45,46,47,48,49,50,51,52,53,54,55,56,57,58,59,60,61,62,63,64,65,66,67,68,69,70,71,72,73,74,75,76,77,78,79,80,81,82,83,84,85,86,87,88,89,90,91,92,93,94,95,96,97,98,99,100,101,102
0,0.0,912.44037076405,678.0473227419077,1576.2259825735089,1224.9341455454412,921.3664588322368,953.8711753223477,1253.591828705279,563.5005665845014,1238.0394845181254,634.687442980467,767.8688883521802,676.1465725641601,715.6505854523067,743.1906451408125,1118.7211734968855,822.2930378220861,1168.41537959458,688.2223145591943,1282.852057886177,933.5170969390284,556.2199978963391,1212.2537561006093,1230.9174268759773,985.7105496256756,1377.4839494370478,1367.2670599470518,1434.1564314849786,795.4221075068958,684.1184482169454,1064.2461149676517,1662.0201591765974,1569.8168150210336,562.0264320657528,1452.0443965104198,1592.4251613279505,928.6589236761376,1218.552902977583,1066.869242811513,596.8998054304225,827.2981371977829,959.8583091509169,1535.4608675686495,1452.2233754139788,729.7715589487303,1113.327186575934,1205.1589147295415,865.0426750093645,876.0744022862483,954.7279496290928,1394.803040875484,1431.0662557167752,1178.8923534177286,900.918965606724,1285.8724122071346,1012.0033099390806,746.2711554866268,803.187473057014,734.7170203382435,681.9984050707076,736.6987035255461,652.4190976690473,905.9766436221178,1267.6716176556567,1139.0785122745992,898.4124995084826,830.6529920500619,1300.5625286586703,1117.060269321046,1576.2259825735089,580.6146083904184,1328.6712008763504,755.9649272556121,886.626268111129,656.5201400825954,701.8089622382602,822.2930378220861,1338.4387803953775,1255.731781017992,1343.8420851831922,986.4839576903488,1229.5926017194597,1338.476298043206,1306.7949687122027,960.9952145586316,1527.4732834530437,960.3327089302228,1213.0919974873716,1507.5273101171326,1062.7749177634294,1143.3653979393323,957.4012568035932,513.9380556654321,904.4223802545836,1449.2661143891305,943.3247922200012,896.8265801136823,1416.626841358804,1091.679961249813,1523.2531738202592,1216.607816551763,822.8731071824103,1667.6765190679764
1,912.44037076405,0.0,241.07659840094425,914.1759279364476,464.7471218183517,234.24755378114995,200.7780235268984,372.346663056565,348.9934455632512,455.5100181057098,283.70498417995594,679.1556905256557,592.993799846611,460.2879736177785,176.2589111584229,252.8076369289633,475.31124593487664,915.5264086857068,457.68173683690657,873.3087852418761,170.61374127449824,516.5080140945328,487.22592443404994,644.9315226971187,312.16692704950265,925.7560685712916,520.0298276198719,720.224773912371,206.46174080534612,611.3187395606677,295.3629383457901,855.8068980427612,930.1884953710688,624.3513611815886,754.1985696957075,775.9484731897647,638.9196506317721,847.2621843327538,203.33117691440972,453.1642268724705,220.1192273536403,459.1737986062492,812.2087902835742,1019.8676362792504,564.5758955058743,753.7776345422575,426.8728152447606,237.15429742131573,315.1797970234883,228.17184201530057,790.227843523171,730.9074495251447,451.9078002760967,271.0826802451171,691.0105378593663,235.18977491069447,211.80721825593503,379.8738547971952,565.3040183765031,451.95608504936456,175.82752259659276,507.13321527169074,310.3679709710456,644.9290452218805,740.1941935092249,243.93261009881255,617.9121673261084,652.772877483632,353.4027894019842,914.1759279364476,489.1686393865417,787.2066211314452,331.0772319235368,58.10322484218306,566.453522795264,754.931619256799,475.31124593487664,1038.515370582456,790.2153892767252,599.9181422489016,318.62218140322204,933.286549030926,712.3284739638723,553.755137665798,445.5746669192948,755.5949978243066,293.7069944985117,648.0875023472139,1042.2705746970476,405.8773685752842,582.9653260676306,499.37374995730863,687.441047784129,651.1917565845815,767.7840197759576,173.05430591957636,221.31985888815797,568.3007619192117,799.604975745466,817.4681132593736,481.41542627859815,280.8398806245676,899.7414651869167
2,678.0473227419077,241.07659840094425,0.0,1087.4318780890103,655.1802943806757,354.5206795096592,356.9444800554666,607.5017868073306,124.81298617764692,654.7898983861843,43.4514571357096,625.632921283601,514.0759563502588,408.44039240292864,113.7490417926183,479.1647059083952,475.963126698044,951.1348741648148,391.2448386804072,958.4537911419797,326.0762181325073,384.49060669402655,664.2297054796287,777.225725337497,443.3719358260258,1028.6769969223965,746.112537919672,904.6824678274864,230.9566182162538,534.1271003172659,476.2288909294925,1074.1322949862006,1096.518367631621,500.0761046193565,934.2199467026836,996.2798220619304,653.5425229465275,917.186614267492,426.29366575983016,334.6653424029883,272.65705964590614,530.5590540363442,1002.900284002271,1121.450264864209,510.47765535247856,810.7287967423251,622.813630409837,315.89346203891296,379.804784336609,373.1706228218538,938.7260552356416,910.8590459080764,627.1888961257821,364.7262653819146,830.1020042511018,412.7519210870026,177.5940950583015,385.96176190198815,513.2387572071657,382.1949292022895,74.489131354107,421.60204441601775,395.0526386706664,791.5146454532718,810.1234974446899,344.8269956365907,597.7954186100526,809.510367484455,537.410217164391,1087.4318780890103,366.3978793801924,912.9449916128711,311.7603547338573,231.4805653156632,481.02841513799046,669.0357192076084,475.963126698044,1098.3335818965402,888.8573604832286,790.595753234429,447.9169515283389,984.6877563651888,864.4473450863621,745.894511303055,521.2608585989261,961.1669929639957,416.8876748747634,772.4486031250577,1155.6231541734896,543.927953303264,699.3139774163216,558.9370862256309,546.3987545182563,653.7885954671054,942.5549372422564,334.5043532914727,328.9571958978127,795.5650039313691,837.3791204714306,1002.3967411914016,662.3304356790745,317.1968401259224,1106.967176317212
3,1576.2259825735089,914.1759279364476,1087.4318780890103,0.0,450.6435253233188,733.1152485720822,734.4180704288565,633.979146817911,1123.3917991503863,465.4955869201036,1114.9585665042798,866.5877976514275,918.340745960812,860.6350397062943,973.953852362683,684.2502506522758,754.131076068828,623.2426855191646,888.2820343356586,426.3587293182418,766.8788596742805,1020.0063323165654,428.0091839641805,345.38516150306253,645.2272513250489,354.7845322144412,491.3908199110823,199.09047034693128,863.2655641039423,916.7815845808198,621.2263643451992,324.0993552857677,42.5273903637402,1032.8404415760162,161.69257647331105,346.619333398514,682.4499529097064,485.6838374896973,721.069783909445,982.86639594233,821.2417517782685,618.0751352501023,140.50727099934178,383.3209559732448,859.0237999263119,537.8358839904078,490.2071890342792,776.6266358224594,730.7667870062221,715.2061659701724,187.48018519045755,184.38152302782564,464.3832430781235,728.7981244547074,290.9517192601964,684.5491196673593,921.3473527736876,781.5162453539372,854.3858939445985,894.8558873706346,1015.7407052440824,924.7766429777738,706.5540788164355,310.48490675809035,496.1807930546023,744.9929805061621,776.0789206595075,282.68615301519736,561.335216399914,0.0,996.0636762852704,277.2097527824501,842.700255295019,884.1532690840961,929.854844893592,973.5703565359432,754.131076068828,565.8612708537387,381.7118407187656,320.2895347606152,641.2201171154495,567.4180413348703,238.02132475897264,365.60707248739584,618.6528962091925,247.2238063999999,672.2905670059138,364.451103332313,340.08718642578407,546.6632020663285,432.86059679312336,618.9082184914583,1098.5725846232544,713.9512649179443,146.47448458075013,759.8298844363458,759.0530531947217,473.1181366836349,600.9231404788342,114.22445496029924,432.9286772292773,794.4556201916909,231.46814094569172
4,1224.9341455454412,464.7471218183517,655.1802943806757,450.6435253233188,0.0,312.75570666718704,298.5708183870246,233.44222448262383,711.9286020050462,34.58754453059722,687.6404104167246,654.8126918627108,647.6705256398701,540.5940705958938,544.633583953451,237.859581979736,458.35883175462095,655.0978551924882,562.0938341670317,527.6429980927675,329.10767146336167,689.5956236495119,50.823827297823485,255.88630106081092,239.29975711307955,542.2004547280922,192.88972004453663,255.4918890774413,447.36625968037504,655.4246112572556,178.96201170939204,437.3231039873766,469.4774573876893,744.5371637069456,289.7562954722927,368.1274329733472,501.5569482754306,534.6239451359593,270.8356631442343,636.0160288541913,408.4259621419424,320.3954186515003,349.5102017296488,629.5370976938284,589.5735400790148,489.021337045448,40.88640206018506,365.96974048116346,349.83039324853496,285.7643369306317,350.81593359171416,266.5908696492108,56.27430675234058,325.25417880593653,278.05281597938244,242.69772145219892,504.6863051248003,433.56729076113385,586.4332416792643,564.9695721199139,581.2400973991887,612.8613043015331,319.40954155854774,226.86004872420887,453.0936062220472,331.9596615065975,556.6549082651024,215.1502743036104,117.79771568679806,450.6435253233188,660.4272414815233,382.6449634653838,469.6512376802755,438.7990487476022,643.6176855850497,766.1894463350551,458.35883175462095,715.3833711894243,434.1785696848824,136.2779500884636,238.4542828402098,640.0261283437682,274.6994661528004,90.81521434946804,310.3897262074464,309.33022671187064,265.1719215970838,275.01355930383653,633.1039035804615,175.30612970408214,253.7794328441319,352.0919880473947,818.1467928987068,532.0383241598392,304.91692097531325,320.793089492864,339.2192789037041,229.39202763175177,560.5120916946936,352.9277117460241,36.60912768723815,402.48692830040847,454.6183044585609
5,921.3664588322368,234.24755378114995,354.5206795096592,733.1152485720822,312.75570666718704,0.0,53.26871144243253,354.96620082901654,399.6240215809494,320.2757575723877,382.1548561936654,488.9484622155002,429.8366892521661,297.12584904427496,240.88923085270204,227.34068569859951,269.9630116304355,682.6589384608171,307.7739133017635,641.4315781019269,68.11860840291916,414.6214239970264,313.72360977892924,428.8151838316684,89.54303412471994,698.5965000192848,447.1521663560793,553.5179138059674,134.7568780819323,444.5941748664355,142.8912016689454,747.3918908908414,742.0248975677267,497.2341380377094,581.4844862358515,674.3995016726072,415.16259058967216,613.38429789029,189.0586106503877,353.18358184625646,95.97888049001206,225.6744569967805,653.3779213920565,792.7514540373477,385.5861288888146,519.6565938358394,287.12463377968044,56.60486118860708,97.38024233809828,36.27222218930673,586.2684029536427,558.247924241007,276.9393365583888,44.8761393940086,479.6631435589069,96.33273820438538,192.5555343262324,189.40020217684784,384.7111176770943,306.45976081872425,284.0316218618812,363.1733182539965,80.91527062259654,438.7239995804643,506.0883068548789,26.162864170129964,411.4862494046319,455.2235447532127,198.1074041989421,733.1152485720822,384.104019217153,568.6255357338662,184.18830343661784,182.1101038582022,412.2955667230122,582.4740432470659,269.9630116304355,804.3782254429237,560.9394946802261,443.9790509093583,94.68789795525277,699.1187607609348,510.93776818619887,401.3151556647013,211.77244358698744,622.0384687643235,64.62810155748792,427.543255519172,819.4827707332114,190.5991839487868,357.8109468576139,266.99406038598494,569.5423268911338,431.7339585250968,588.7205727684143,70.78642604593068,26.614178196249945,496.07232976794046,567.1104530224457,650.6609699178236,313.6548334485083,108.5499960481156,767.0635540946378
6,953.8711753223477,200.7780235268984,356.9444800554666,734.4180704288565,298.5708183870246,53.26871144243253,0.0,309.7089806487913,417.5428497878093,300.47372607130166,389.0868136132596,542.1629826109242,482.3258139983501,348.92891275919334,246.09521585910045,178.46279758191136,322.9263551456927,725.0554853998424,358.385261185264,673.1598316247648,32.80689959388203,460.521503817815,308.12130664465894,446.5094209800952,111.6099313349717,725.041118616866,413.761717778044,548.2628918782128,158.73727623776867,497.324910542757,120.04513774343194,725.6686375950159,746.2962475793478,546.9622722922553,578.7124946619638,650.4173601197284,464.2235941931036,649.1861781505986,137.00248353110797,397.87685802798256,128.23903670326902,269.0376070770248,646.012843451704,819.1748143136871,438.7055814916601,559.4785813297952,267.8144635766752,100.32027183750024,150.46823295283284,28.488746454932745,597.3937119790919,555.2902775997509,271.1551622583374,97.9106101797225,494.51850548809495,59.16868533439957,212.12169627661012,242.35271508513367,437.87437487065375,356.5662811094261,283.4228905815526,413.7005645216585,131.63732361281544,450.4119226150957,543.0391022512042,77.71519960078389,463.9416353582536,462.42963476579246,180.79599144511403,734.4180704288565,430.0412564648285,588.3171690710263,231.76672480401663,155.89837586803054,464.0815169497767,635.6180342534047,322.9263551456927,841.0849425807097,589.4807854290767,433.67194044533846,118.1559851936161,738.318887837581,520.4149008013053,389.1328482090138,254.5511560729124,606.3370810482486,95.73536962802068,448.3605713751023,842.4089107316694,206.31217377117275,382.2903966546659,311.7194937445173,618.680587998334,482.0050171044346,588.5057996353405,27.85372598823184,64.99881802923379,463.350222948556,610.2506390621509,646.1121137626405,305.63302905325014,156.86206162002682,752.0925310106908
7,1253.591828705279,372.346663056565,607.5017868073306,633.979146817911,233.44222448262383,354.96620082901654,309.7089806487913,0.0,698.8169393395148,201.25566197836056,647.9819882538118,811.6507679153185,774.0441896464695,646.6556352372994,516.1830836129463,135.00975081319334,594.5894441478566,879.1784980611167,660.3183126285907,760.6387812509923,323.6093863080491,769.354647586703,283.03324404258404,489.16231701940575,335.35269437428155,774.7167642923379,160.52127175222577,437.035491841101,462.1196149432034,786.5123204247016,233.39944886004548,497.6699717304626,661.8028689790019,850.4714426595853,476.22526497008937,416.5843706469407,687.326678205083,764.7125160383151,186.8288160775726,707.2556434405308,437.02664281563113,484.7638690372088,506.2345149181288,860.6091305597986,723.1548471774427,709.7732161963665,199.6926399742236,408.9922578879407,438.0255679969901,318.6966744692685,572.359229409597,456.11912832636256,270.37367321476614,391.5516275199063,510.2473309078836,258.868590198857,507.6792262696672,534.9518052268149,721.2703814569896,659.815997179862,535.6422737116767,715.5489170674807,409.44128632723897,459.3578956916622,677.2525427123265,381.0675368050755,720.1759409734373,443.3257501640816,220.802390894122,633.979146817911,738.8363084796848,614.331973042154,539.1440407526793,376.93954069165454,760.6524130440054,915.8900997810982,594.5894441478566,947.9907206511236,667.1745045595959,322.52082900527944,339.3515586541357,869.035925489579,500.20986021020894,283.8984957833632,471.0322229298408,423.9152857994677,348.13941223862975,507.4406996693032,860.3133418695338,341.1495541395374,477.6104708035632,525.6199909144734,923.4032329407688,713.913682539467,499.1947958505514,313.96499499692374,373.7341214878645,203.60352967602023,777.9633525944346,522.6202517761554,269.3210118886433,463.5078494997104,558.0620384886294
8,563.5005665845014,348.9934455632512,124.81298617764692,1123.3917991503863,711.9286020050462,399.6240215809494,417.5428497878093,698.8169393395148,0.0,717.0713876178312,87.29657630633274,555.3049302529859,437.2290216416837,355.91707855023617,182.7228720649389,565.6452148666854,444.3013612432201,913.496366094498,332.67452508290296,946.2461014848336,391.1682994421619,289.4028309925415,712.62508602945,796.0407385253167,481.8420548223893,1024.4475138893722,826.0760415506713,951.055103924161,264.893066144347,456.9043982586768,536.4918567915968,1143.1728890289342,1127.9280652035325,401.60879956869286,977.1418879347232,1067.8680993316902,616.0363736445295,898.0242159614736,512.6945644507598,252.99093937480927,305.32321738576866,530.6475495648309,1051.71854365814,1114.7021214274637,446.7333418733781,788.1091172568712,684.1016461367412,349.5012756177316,394.1620299545548,426.5621766783953,962.2471416044004,954.1977679796352,676.0922254662088,395.76316883766617,851.0227991064634,476.5389056977523,207.24357387734472,368.8079053894484,450.3495619356525,322.9344978951694,173.47603975041076,348.7232155046272,416.96420400475137,817.8837763325108,794.2674449331595,382.7856918548436,545.7142821953294,841.1804978169463,595.5765586932445,1123.3917991503863,278.2425147198908,924.0434670950854,295.1780377202164,325.00258184096884,403.10088968053446,581.6060692673173,444.3013612432201,1069.8533368729163,885.7253933768467,843.5263976200845,484.980986415253,954.2521392015728,891.898142817477,800.9168606419086,524.3520980840459,1021.2328395231808,454.4740757367734,787.0549977248746,1154.803791854241,577.2819085054422,712.5108622499259,550.6611223510682,438.8148648831036,610.1463822179068,981.9646513439748,400.6900049943704,373.031688340456,875.9140328806943,804.0368431900838,1047.3283248729074,713.0993447312726,329.6342022377942,1166.503649676747
9,1238.0394845181254,455.5100181057098,654.7898983861843,465.4955869201036,34.58754453059722,320.2757575723877,300.47372607130166,201.25566197836056,717.0713876178312,0.0,688.694494945776,683.3986641535726,672.2893245572873,561.7630731120798,545.9785515021082,218.8674160656743,483.20001706026943,689.6810844099788,582.3019861151988,561.0325553418229,329.50771818478825,708.0010541807281,85.30163938209168,289.15925676725226,253.3429901169048,573.4962137186386,161.63782886657165,267.5467404916518,453.7818780550151,680.7054070858916,180.67214854002663,427.12820378944497,486.7826945728896,766.8156732189595,303.8202102399729,354.69224339694443,533.1362618555828,568.8780984802981,256.73520726239354,652.8840397663038,416.2462990678518,348.03412340509027,356.760915810196,659.8812482515928,614.8860129746244,523.5599527692499,33.15131162839939,375.1234308527904,365.8604420071461,290.7307473326331,376.65112061381234,281.1898686699405,87.09062397239866,337.122196333432,309.04449628817093,242.5679337027728,510.2041581249782,453.0078101080621,611.8992895401033,584.7147413792038,580.4600245545564,634.0437848174424,335.0450300016637,258.10624433305253,487.6811328809242,341.2026430990022,585.7385853041201,243.51738097745096,122.16942553609076,465.4955869201036,678.4736422486204,413.2955495029296,484.7205012213009,433.5577105488408,666.9542564658824,794.2032117605094,483.20001706026943,748.9506881173292,467.6041970071004,145.88625748032078,253.35344336380723,674.3823015938724,301.9423668606687,99.97959129081504,337.3355585409035,306.3965806799814,277.91921506927963,308.8607570451523,661.6100589164017,200.2001683261366,288.3264651154741,381.37396202359554,840.6029421720697,563.2594958342584,321.4537699192062,320.6873413102145,346.31008595245714,201.01691433603835,594.9520471119533,363.3923610268296,71.04282592098377,415.23640391870015,452.21309991486095
10,634.687442980467,283.70498417995594,43.4514571357096,1114.9585665042798,687.6404104167246,382.1548561936654,389.0868136132596,647.9819882538118,87.29657630633274,688.694494945776,0.0,616.2988721245159,501.683640566746,404.4431043504978,143.0112169986099,518.4145567128694,479.9770148430348,954.8744735907588,384.862912313711,970.9461799299578,359.2095703401656,363.8267244582013,694.4539064547291,799.1654651217,469.77852572716336,1043.905636255818,784.4206104567485,934.8529075010756,253.06766340494195,521.6846903604932,509.0093456135285,1110.2814681007544,1122.7579332458663,478.5280306690151,963.488100666772,1032.959581968868,656.5103400780857,927.2699002136128,465.37474659073246,318.92914651127205,295.3027861731351,545.6200365918716,1033.867453792025,1135.998872600801,503.1371853793023,819.3885237428201,656.3806394878409,339.5533048346727,398.1984725379749,403.4009094768566,962.4266555216228,940.2063595428174,657.4438948105203,388.19669292026407,852.808008064543,446.15352309991823,196.36090772142492,394.0595071326991,506.2376982436829,375.4586571684449,112.47099103544252,410.1509422406293,415.9996990982902,815.7603437018953,821.0678246135974,370.2008776823279,595.2630720419224,835.3556180047441,569.881672141463,1114.9585665042798,348.44968901414165,932.8227365523512,318.9238228835094,271.186428280064,468.02435148701153,652.8494978269565,479.9770148430348,1105.5368351038358,904.1791019773888,822.3394601609485,473.9371887449897,991.0292687187874,889.172816116996,778.106150389541,537.2344042879814,995.0148871365346,442.8351288346659,793.086919270129,1172.1316917819015,569.3998803250217,719.2972720835543,571.4292282826276,520.6299352991297,654.566514694882,970.857717387242,368.0137844669081,356.0033563977608,834.0164702790981,842.3950696770737,1032.3118108322449,693.2005059584156,334.1181592118376,1140.8282912122256
11,767.8688883521802,679.1556905256557,625.632921283601,866.5877976514275,654.8126918627108,488.9484622155002,542.1629826109242,811.6507679153185,555.3049302529859,683.3986641535726,616.2988721245159,0.0,120.3033005949608,223.6150405721476,557.7233173704643,703.5010320671877,220.44415686509348,405.1377159370155,235.58597598315296,519.2365781718876,551.2645022670542,281.06460170396355,617.3695834318762,536.4988919098971,477.8160856194485,615.8547535104026,844.422456826341,774.0329648222847,474.0261816032906,102.28297936405453,578.9475368998623,1042.0479671321643,850.2819176892168,211.95062614949103,778.3475450816018,991.8469450509904,184.23883332614488,452.9897981859844,674.4387956240421,302.5325146256257,460.4388682346636,335.7038960565087,865.9555962507401,685.9671745048398,117.2125166136848,352.85362580538373,658.6535604843118,455.35990884460426,391.7518120220241,519.7866439697628,679.1254167281731,762.3247010446693,598.5469764349724,444.2776730420914,583.7714738448851,570.0196552379931,488.0892615274981,304.0172853549163,115.47856802971413,244.163177567688,601.701009780963,206.8439548590355,413.9172673387658,584.9613640189244,385.0460731563196,466.0404698036827,99.23652639863847,624.9894385364269,596.8550062622544,866.5877976514275,281.55370213736313,595.4916451942237,349.0981180925514,621.4732998767263,154.03729217287403,113.0298630612766,220.44415686509348,575.0332736387393,506.1290138065462,724.6985087762671,473.2443182685408,463.2973995020826,642.6474951574361,704.7009093800013,347.30980846085816,895.3360047481294,469.7613570368415,511.8750903817154,743.3024503731368,485.29157683959465,460.2001164179367,302.97468113847754,254.5195294093276,152.71722521585494,765.9583127598748,556.836086628102,484.5137682328413,884.004838693188,324.0314638783654,844.1308946344228,628.3723025935889,402.303713949306,1013.9857815808272
12,676.1465725641601,592.993799846611,514.0759563502588,918.340745960812,647.6705256398701,429.8366892521661,482.3258139983501,774.0441896464695,437.2290216416837,672.2893245572873,501.683640566746,120.3033005949608,0.0,135.29221288435562,455.8491633888827,654.8264094994589,189.3144308351467,515.4870275206733,135.45116478536278,607.920478574164,484.9989522415775,161.18863013411175,617.3888913679308,576.3650993201117,440.1937934952697,701.6896972420316,829.055322237147,802.8739210901716,386.7548958196632,20.051983977804245,541.687824076305,1060.2643625200976,906.9121492231892,115.72652589989902,812.8681970990721,1002.9909291507212,252.5152308460121,545.2145287891205,618.8952995799592,184.31582292108183,381.6192827711289,331.8448556645405,899.9610518205153,778.6280759854039,60.58043980463435,437.9726732665234,643.9898106233335,386.64292979786,337.4629045058848,464.137925248436,732.2730258985493,794.5118318345367,592.6402790525697,387.5000820456621,628.4885016708747,520.1433512778167,390.58749779775445,241.00874978851692,64.79447626630002,141.84439397975322,496.8429098680886,92.67843557541688,364.8847542944976,620.0675462352001,462.9334400387503,404.623421875074,154.76035350015766,657.625712934234,571.0690027191408,918.340745960812,161.4604067018906,658.1369290833575,264.080482009586,536.8509627115957,34.15654033025879,162.2569091391026,189.3144308351467,683.6912793846687,580.2111084335755,736.814895694143,436.9893159717751,569.4932353347735,685.1453287821762,710.1719547790676,339.4513712009029,915.586945553848,425.9048557980174,554.810554291709,832.3486788630519,472.5225701209963,492.3431733517478,312.14403341810083,180.81537379265933,229.1803128319991,804.455523286742,492.02367043701616,419.6049125947848,872.4660680630417,423.47366187960586,881.8426890735583,626.4387767460622,329.8409400014632,1043.6718005439975
13,715.6505854523067,460.2879736177785,408.44039240292864,860.6350397062943,540.5940705958938,297.12584904427496,348.92891275919334,646.6556352372994,355.91707855023617,561.7630731120798,404.4431043504978,223.6150405721476,135.29221288435562,0.0,334.3855361791914,523.7663810731297,108.31569198710926,558.0083682821379,28.653249235564623,607.4898914822317,350.22930744644634,159.56657114583345,516.7508663062545,515.4530787807871,317.6470153404265,693.5849084489447,713.376259845833,723.4372006828531,253.8572867025294,152.2921639334106,416.9924629679695,967.3207320866323,855.0306812672055,206.26527692083172,738.8387039489853,904.732862515466,262.1928734694282,553.1012153393888,485.8708287751672,128.82066859916856,246.5209653315657,245.2912023694919,823.7640400007011,779.1545856739002,106.47296310624284,442.031454850229,531.4932243205508,251.89635222952597,208.7099094087646,332.2160725019017,680.4119904518641,718.5421822922216,487.928197639437,256.265450909202,570.6351710797378,389.76834633240094,264.49682083599254,112.16483901690638,108.1678689736366,37.23104403230871,379.1707407238217,72.29422648286882,238.05910140790144,552.2038418223829,455.0759562668256,271.4700807864484,190.99862710935807,585.841653059934,452.6092521583497,860.6350397062943,135.76753098469015,620.0874135022452,129.6014820643176,403.471121505382,115.17814878692394,295.3731765263746,108.31569198710926,716.9469883020636,560.1839028744835,643.4269736498466,315.40300761620006,600.9871743845774,622.827969012512,611.7225025200738,247.95378916512217,826.1824474976206,300.10031101013294,498.3300474055762,825.8062695089284,366.67597879125714,427.8004656228615,242.1999913688943,280.133749946102,254.35672180651065,734.6785653816264,357.46412993615587,285.3973576909953,758.828067289258,450.3582751130345,809.699363530561,523.9614404215627,194.83525340100755,961.2542080347762
14,743.1906451408125,176.2589111584229,113.7490417926183,973.953852362683,544.633583953451,240.88923085270204,246.09521585910045,516.1830836129463,182.7228720649389,545.9785515021082,143.0112169986099,557.7233173704643,455.8491633888827,334.3855361791914,0.0,383.4429714293125,384.23580463223976,855.6988849375458,323.2797667101484,851.8661201804995,216.4883063612754,353.76886571527234,551.8337823110069,664.1426091339495,329.6297378391309,919.4485963481396,646.1845550240189,792.2975649920573,119.72146156273097,475.4728399664421,366.0620849191816,968.7773133863914,982.816572711562,466.7280907404028,821.350083541667,892.0260077034926,561.1554851389815,813.3339269284355,330.38443082020046,293.62696363502823,160.39591440279924,422.7949645151507,891.0612928525528,1012.6944195633045,440.5266906523983,708.97288096453,513.5645191371849,202.80398093288,269.9239661729434,260.65558537857044,825.1243906257134,798.0239015654902,514.8028354467623,251.5611182772957,716.7504424836309,303.4125543720132,74.18133284308358,289.3764736928598,442.4630733832833,315.48848308483144,49.6012586260067,364.34028898050514,283.0899254613874,677.8517428285713,705.5884159396471,231.16503843333385,516.0262939960103,695.7682702128092,426.8837785285357,973.953852362683,329.1396817011346,800.6785312973786,219.4772276954237,143.44380285479338,425.3395870563168,616.8907247047086,384.23580463223976,997.5932696307576,779.7435033119713,679.3647374675933,334.1681138913065,885.3934958558455,750.7259970506386,635.0962712142008,412.6505616648932,852.2038008534291,303.1420425817025,659.9126865378048,1045.2773731310942,430.18759718901737,587.1889433982576,453.8020236530853,524.3784830560256,565.1420303987956,829.2910436232127,225.4416558490583,215.2298481164769,695.9647429748433,740.5329028065029,889.8737317301789,550.3752639812236,209.66797801344845,998.0027382883478
15,1118.7211734968855,252.8076369289633,479.1647059083952,684.2502506522758,237.859581979736,227.34068569859951,178.46279758191136,135.00975081319334,565.6452148666854,218.8674160656743,518.4145567128694,703.5010320671877,654.8264094994589,523.7663810731297,383.4429714293125,0.0,483.3517512709561,822.6163841286506,535.0972536117353,730.779887236595,189.42684313705112,638.8939726214979,274.92041653574137,469.25894445127074,227.99267611893043,761.5969971967914,268.1604646860309,485.8212505548631,327.46653783263946,668.6548964591603,134.7813760556674,603.0031495822002,705.5385654415679,724.5223175491076,522.5577207076909,523.1707121412759,598.1009559736192,722.826598696919,53.134303518270606,576.0099314525152,303.83699193006964,392.6010113820675,571.1305655927457,852.6985432999754,607.348526055903,651.7847370774755,196.9990160209676,278.75266022489967,317.49550054059364,191.6660244335624,586.6787353011179,500.0209236211904,247.0064553584874,267.6229750862786,503.5254457246277,134.79628971561175,372.6872121868575,413.8650325295422,605.9601378033655,533.7853118811674,405.9769253048845,590.4987683695581,291.4427752527281,452.8764780416513,625.293617812171,253.42060644939608,617.2201749988611,448.78399265758975,158.1701546445704,684.2502506522758,608.4312452405047,607.3080250760206,410.0885546801343,247.6970030982478,638.7777068469836,803.0541827262,483.3517512709561,912.8872073951036,639.203391495628,364.1340527783128,233.39873975616024,822.4641640702363,509.31435893172574,318.6449165403723,377.9093981248729,506.4050804503317,233.7399277681181,481.2801278608785,862.678280881362,267.4646863928528,433.9657255062983,435.89807239169255,796.6406335310286,621.3915333006249,540.2633053918488,179.91609456989846,243.38744072804025,317.1191445929455,713.933581693712,580.4350909414151,264.7685875013129,334.8380049612221,649.1190401602292
16,822.2930378220861,475.31124593487664,475.963126698044,754.131076068828,458.35883175462095,269.9630116304355,322.9263551456927,594.5894441478566,444.3013612432201,483.20001706026943,479.9770148430348,220.44415686509348,189.3144308351467,108.31569198710926,384.23580463223976,483.3517512709561,0.0,475.2982319063171,136.85833715466856,505.3282291183469,334.3137761510047,266.24834326518715,428.5661052926365,408.7472619340136,259.35553793647927,588.8350892411333,640.8254707699779,622.9882419850808,279.3440314444648,197.6008989982992,361.2085976432758,874.2910646625766,747.638833001052,291.2952267050542,636.3457478142842,815.215760006895,177.70371842937345,454.3171976925824,454.07186654008194,236.2588713609393,255.80978838692172,145.2584989574297,722.2474195777945,676.0777691577874,131.90440706730294,343.9676658608931,455.28713994909225,241.8695351246221,172.5993054140857,299.7740890344146,572.7892416827715,616.7018308255495,403.35496972465967,225.09932492343327,463.584334294954,349.6068564244125,310.1057277841927,97.1358238834038,129.17726755814047,144.73708269302202,432.9062355882605,170.98514670036715,193.54987066753372,447.21338992023766,352.6271069355879,248.19724972827504,143.36270538814478,482.1343423249383,384.9976206893096,754.131076068828,243.8097992957601,511.7919579606696,165.33203642057353,417.243336596887,187.60007839821048,321.31931503513545,0.0,626.547049212177,453.78653985032935,550.1613252282524,255.23887563133516,511.48505153459433,516.7473982169407,521.9637353105614,151.29273798451405,730.8554579381733,249.7092293005628,390.8651922904814,720.8431555135542,283.259201761805,321.41311087547973,135.2471819752961,363.5037893799849,181.2051029067124,630.7945665587897,339.1740481766876,267.95964791920136,683.6669843886914,362.4255522509917,706.7238445695313,437.3669851887105,194.58716951618257,862.5681154749406
17,1168.41537959458,915.5264086857068,951.1348741648148,623.2426855191646,655.0978551924882,682.6589384608171,725.0554853998424,879.1784980611167,913.496366094498,689.6810844099788,954.8744735907588,405.1377159370155,515.4870275206733,558.0083682821379,855.6988849375458,822.6163841286506,475.2982319063171,0.0,582.8007554411739,196.98970754496577,749.7422306948898,672.8792259205601,604.482705788169,415.0505817339301,618.7276160897441,281.9672718983264,835.0053962159323,626.4862932224167,742.8678611587276,501.37746055112274,689.9164810175849,895.0949992528554,591.6450540957078,617.0631326415187,609.8575682071424,874.1690355984103,298.42241379170525,142.01920943073733,819.2327878732481,675.675770754295,710.6391952550032,457.0076407474551,685.3192670425018,317.16175551225206,480.3584357375029,170.90116087939256,681.9113191337301,681.8013256248097,603.0343491323904,696.6314144013372,462.4164803847934,605.1202807303619,609.9010000528253,644.4561861811487,426.3606138751809,719.056718655179,781.726445085808,566.715775631491,475.8126616406896,592.5499122587116,905.0612988433162,581.0971702523717,605.1738070282447,462.7099324141042,202.2230697300528,671.6044312243762,372.86286912349806,498.9175029583847,669.5661158589445,623.2426855191646,665.2176529659243,363.73932798450994,639.6391628675761,860.2852952618287,545.0878332746433,469.8421270907493,475.2982319063171,170.20749246104032,258.8918875695738,645.1210845107217,612.0478741558676,68.09682945363167,475.3961455321893,651.9369737140722,471.0891919362177,758.4179354144277,629.5783204942275,389.7550689716447,381.9729410260659,555.2196309031976,402.2692296250714,416.15391145513377,655.0941864208243,303.7586144916407,585.4819678984595,750.2015259672303,694.2170801516218,856.2183849569237,116.19281404889256,653.580390072655,618.7463497032687,651.4836907786213,830.7789809426429
18,688.2223145591943,457.68173683690657,391.2448386804072,888.2820343356586,562.0938341670317,307.7739133017635,358.385261185264,660.3183126285907,332.67452508290296,582.3019861151988,384.862912313711,235.58597598315296,135.45116478536278,28.653249235564623,323.2797667101484,535.0972536117353,136.85833715466856,582.8007554411739,0.0,635.5480214289513,357.13850841959834,132.7181452278388,539.7629349486008,543.2458973213016,335.1308748223446,721.9772844295377,732.0142264062303,749.3025285706544,251.6765664925485,154.2187988296073,432.8422457584808,990.9878917309494,883.0094233250553,190.17911082842272,765.2724016866827,927.496167370759,288.43134895621284,580.679835155021,495.30275078532856,100.26802995563808,249.1427971565045,271.9461999600216,849.8772411017825,807.3032722935656,119.30479121005052,469.6021931425821,551.5610704540393,259.4387636665811,223.8739078239622,343.5037787292303,708.5025116476004,744.800188654785,510.1605428635333,268.8137413328266,598.5279374424512,402.150939412032,255.97306339740996,129.68060093319284,121.99505055425372,9.767838176333951,366.3565244953779,55.40175309555278,254.09025886609808,579.4565683374966,483.2402775685824,281.75497886341066,213.03976867882275,612.7064326167148,470.9969856836384,888.2820343356586,107.79415236568332,648.6502743906963,131.14795864450852,401.7980865937248,109.5330778857474,297.6726723975772,136.85833715466856,742.9531064332979,588.7692622913643,667.460431981246,333.33040045884536,626.9519891480585,650.3835050831988,634.9137037699878,273.9695793535657,850.5730949652773,316.09180913586954,526.3886727214357,854.2116588424104,389.2004115723737,455.5341197416397,270.2509135263397,263.4459672090504,279.0589250680383,761.5208135308694,364.86525965982537,293.9168728045889,778.0373521191552,476.3149039883888,836.2434715968107,546.5681956353063,202.0846254828012,986.4977282053432
19,1282.852057886177,873.3087852418761,958.4537911419797,426.3587293182418,527.6429980927675,641.4315781019269,673.1598316247648,760.6387812509923,946.2461014848336,561.0325553418229,970.9461799299578,519.2365781718876,607.920478574164,607.4898914822317,851.8661201804995,730.779887236595,505.3282291183469,196.98970754496577,635.5480214289513,0.0,702.6950488827603,749.3280917873489,477.6207505119421,271.8779787135374,561.5590622106656,97.67966068816864,688.8561555033103,446.29774910369207,732.6534155401341,598.8813064384948,608.0514579823283,706.7956620677393,394.71309472306535,720.8764261460017,424.7812567323798,692.6387621031345,356.8373463212671,68.83004213704724,739.5081023533672,735.3434227821666,694.2400734662442,429.1410269704416,494.9642541009984,172.08862475318526,558.6538633204177,170.02500641697847,561.3620339267424,656.9493901937857,582.8537101670564,645.3045676858738,272.6426050418396,423.32529378563424,493.1591202596315,611.9380699247059,262.7209942517454,651.5518107521463,781.3761297948749,578.5639507726085,553.6847545316127,644.645209823522,901.0704339128736,650.6728890162628,574.8120465391587,308.8022923978519,152.713737867793,637.7467189671135,453.2180520928461,337.5778194087812,572.6116611991068,426.3587293182418,734.3138855153566,177.9088575532925,653.5349497807065,823.4162721451547,630.96746995238,608.8098004721445,505.3282291183469,188.27760032682855,93.47148566312984,486.3487013593523,555.0039800766343,143.45349226731037,300.4768236203826,502.8500347868263,439.8254902315359,575.5512159011491,579.7433285611163,253.4208252576534,224.68493836063956,475.6234072169022,298.2177764616962,399.67558132846113,772.7206091939624,378.7854459032866,398.4890311971487,700.5816576788307,659.3599444289939,702.2995006166268,201.48798358614664,462.1694357342028,491.4231557238344,642.3430871817413,637.4862442219135
20,933.5170969390284,170.61374127449824,326.0762181325073,766.8788596742805,329.10767146336167,68.11860840291916,32.80689959388203,323.6093863080491,391.1682994421619,329.50771818478825,359.2095703401656,551.2645022670542,484.9989522415775,350.22930744644634,216.4883063612754,189.42684313705112,334.3137761510047,749.7422306948898,357.13850841959834,702.6950488827603,0.0,452.14488889788254,340.1531948184803,478.7881096016068,141.87940401277226,756.0243463940482,436.398968357872,580.0293345379954,138.80660956410517,500.8490917884366,150.1526860680025,753.042599469204,778.9660985018012,543.3742686339908,610.801078603043,677.0135753669514,483.1533443149872,677.2307799488522,142.22136781392712,388.5360350489505,115.10249658183706,292.80220634019247,677.3555168859625,850.1932903814936,444.4446402230064,585.6007955315168,297.1751837883709,98.36068030950028,162.49111352439252,57.928820887684125,630.1692739589843,587.370037831189,303.25044536884565,111.32527923142835,527.0836201640882,86.945434157798,188.34771705454747,248.2021530415988,443.9745591967607,354.4464620007504,252.1811154928068,411.9890867130843,148.8787693385865,483.14394215322767,570.5359513113223,86.27758634022963,476.9062571739884,495.232460443142,211.358123329156,766.8788596742805,421.85571379499737,620.42956412657,227.45255127532533,123.63243476847646,464.8033437527226,641.1424119255026,334.3137761510047,868.8148624425567,619.892883269555,464.6873941498585,148.24351241606652,764.838249270713,553.2155329331548,419.84417821033946,278.6530647801971,635.8053766547317,123.22119615058044,480.23479900870495,874.1183368074197,238.4589220783209,413.4529445821113,334.6127331600473,613.9789741252247,499.3278354800765,620.874586795731,9.808050199214446,66.75244859478875,486.18145058173775,634.4185609133451,677.9179977179896,337.3265248183856,155.4714697279029,781.6195346942733
