,0,1,2,3,4,5,6,7,8,9,10,11,12,13,14,15,16,17,18,19,20,21,22,23,24,25,26,27,28,29,30,31,32,33,34,35,36,37,38,39,40,41,42,43,44,45,46,47,48,49,50,51,52,53,54,55,56,57,58,59,60,61,62,63,64,65,66,67,68,69,70,71,72,73,74,75,76,77,78,79,80,81,82,83,84,85,86,87,88,89,90,91,92,93,94,95,96,97,98,99,100,101,102
0,0.0,1191.8,1735.3,1224.1,1241.2,1569.9,1148.3,1328.0,1186.6,1188.0,939.2,2053.8,711.9,848.1,944.9,1285.6,1832.0,1437.4,1301.7,1252.4,1462.8,1169.0,1252.8,1171.2,1062.3,1441.9,2036.6,2028.6,2049.7,1012.9,2028.6,1537.0,1301.7,2018.8,1674.3,1130.4,905.7,1201.0,605.3,1588.3,1973.3,1533.9,982.3,1573.5,1617.1,1864.2,1169.4,623.5,1123.0,1545.1,1312.8,1242.0,1719.5,1565.4,1614.6,1505.9,2050.7,920.5,1069.2,1358.1,1252.5,971.6,1400.7,1378.6,2090.9,1918.0,1258.4,1133.9,1898.3,1091.6,1434.1,2073.4,1160.1,983.7,2116.5,579.2,2049.7,1168.9,1433.1,2031.9,918.9,2036.6,1208.4,1909.8,1211.8,2037.2,2007.3,1111.7,2045.8,1551.4,1229.0,771.8,1808.5,578.8,1037.4,1047.4,1378.6,913.6,1067.2,1687.1,2045.8,999.1,2085.4
1,1191.8,0.0,1053.8,729.0,128.2,830.8,151.9,826.5,444.6,840.1,661.7,1184.1,786.4,482.4,625.4,204.4,751.4,585.9,188.7,319.9,781.3,821.1,242.2,676.1,507.7,360.4,1166.9,1347.1,1180.0,528.7,1347.1,557.8,188.7,1149.1,593.7,134.0,654.8,803.8,893.0,523.5,892.7,452.3,329.6,682.6,528.9,783.6,427.3,874.8,126.6,463.5,570.8,328.0,1038.0,721.2,906.5,478.3,1315.1,669.6,360.6,616.0,139.5,515.8,431.8,877.1,1010.4,837.4,145.4,435.1,817.7,210.6,352.0,992.9,1012.1,579.6,1246.8,992.9,1180.0,287.9,765.2,1162.3,514.9,1166.9,811.2,1228.3,814.6,1167.5,926.7,115.3,965.2,560.4,116.0,726.5,938.8,992.6,553.2,492.8,877.1,509.5,186.2,606.5,965.2,192.7,1175.2
2,1735.3,1053.8,0.0,1390.6,1182.0,321.4,1205.7,525.5,1420.1,626.5,1637.1,736.3,1178.2,1421.3,1002.9,938.0,1216.1,1206.6,1239.1,788.5,459.9,607.5,900.4,1524.6,1159.4,762.7,719.1,293.3,732.2,1180.5,293.3,640.6,1239.1,701.3,1214.4,1187.8,1032.2,590.2,1256.1,691.8,995.5,758.4,1148.4,511.0,997.6,1104.7,1402.8,1266.6,1180.5,747.2,1518.5,888.9,112.7,428.9,243.6,642.9,315.3,1047.0,1121.3,1470.4,1127.0,1167.5,622.0,576.1,877.9,1050.8,1199.2,850.1,1282.4,1204.2,816.1,895.4,798.4,1246.3,790.2,1156.2,723.5,1281.5,366.6,714.4,1300.1,719.1,597.6,174.5,601.0,719.7,961.5,1169.1,923.1,655.0,1169.8,1118.2,432.5,1156.5,1205.0,1144.6,576.1,1294.7,1118.1,1227.3,923.1,1186.3,691.8
3,1224.1,729.0,1390.6,0.0,713.2,1153.6,685.6,1296.9,322.0,1310.5,284.9,1371.5,1093.4,743.4,930.4,829.9,607.8,213.3,677.0,970.6,1175.1,1291.5,835.8,134.0,812.7,777.1,1395.9,1514.8,1409.0,833.7,1514.8,885.8,677.0,1378.1,450.2,667.6,959.7,1274.2,1195.9,851.5,749.2,780.3,634.0,1076.4,393.0,640.0,301.7,1177.8,660.3,791.5,230.9,873.7,1327.4,1063.4,1146.9,839.1,1408.0,974.5,665.0,182.8,646.3,820.7,943.4,1347.5,866.8,693.9,730.4,920.5,674.2,628.9,669.7,849.3,1355.4,886.7,1212.8,1295.9,1308.8,706.2,1159.0,1391.2,821.9,1395.9,1281.6,1565.1,1285.0,1396.4,783.2,649.0,821.7,888.3,701.0,1033.5,1167.8,1295.5,858.2,797.8,1347.5,816.6,604.5,463.0,821.7,536.3,1031.6
4,1241.2,128.2,1182.0,713.2,0.0,958.9,201.3,954.7,494.0,968.3,711.1,1258.4,857.3,531.8,696.9,332.6,694.7,529.2,132.0,448.1,909.5,949.3,370.4,725.5,579.1,434.7,1241.2,1475.3,1254.3,600.1,1475.3,632.1,132.0,1223.4,537.0,183.4,726.2,932.0,963.9,597.8,836.1,526.6,400.5,810.8,472.2,726.9,476.7,945.7,176.0,537.8,620.2,456.2,1166.2,849.4,992.2,552.6,1389.3,741.0,431.5,665.4,82.8,587.2,560.0,1005.3,953.7,780.8,17.2,563.3,761.1,260.0,426.3,936.2,1121.8,650.5,1299.7,1063.9,1254.3,337.3,893.4,1236.5,585.8,1241.2,939.4,1356.5,942.8,1241.7,870.1,164.7,908.5,634.6,12.2,797.4,1013.1,1063.5,624.7,564.2,1005.3,580.4,235.6,549.9,908.5,242.1,1118.5
5,1569.9,830.8,321.4,1153.6,958.9,0.0,982.7,423.4,1197.0,461.1,1414.1,613.0,1009.8,1198.2,834.5,715.0,1135.1,969.6,1016.0,620.1,227.5,442.1,677.3,1287.6,991.0,539.6,595.8,614.7,608.9,1012.1,614.7,417.5,1016.0,578.0,977.4,964.7,863.8,424.8,1090.7,468.7,948.3,535.4,925.3,195.5,760.5,1057.5,1179.7,1098.2,957.4,524.2,1281.4,720.5,305.6,177.0,77.8,419.8,636.8,878.6,898.2,1233.3,904.0,999.1,398.9,474.0,830.7,1003.6,976.1,681.7,1201.4,981.1,593.0,848.2,633.1,1077.9,675.6,990.8,608.9,1058.4,251.7,591.1,1110.6,595.8,432.2,495.9,435.7,596.3,914.3,946.1,875.8,431.9,946.7,949.9,367.7,991.2,1036.6,976.2,474.0,1105.3,895.1,990.2,875.8,963.3,644.5
6,1148.3,151.9,1205.7,685.6,201.3,982.7,0.0,978.4,401.1,992.0,618.2,1336.0,764.5,438.9,604.0,356.3,824.5,659.0,261.8,471.8,933.2,973.0,392.2,632.6,486.3,512.3,1318.8,1499.0,1331.9,507.3,1499.0,709.7,261.8,1301.0,666.8,90.5,633.3,955.7,871.1,675.5,965.9,604.2,307.7,834.5,602.0,856.7,383.9,852.9,83.2,615.4,527.3,430.1,1189.9,873.2,1058.4,630.2,1467.0,648.1,338.7,572.6,212.6,494.3,583.7,1029.0,1083.5,910.6,218.5,476.9,890.9,167.1,503.9,1066.0,1029.0,557.7,1398.7,971.0,1331.9,244.4,917.1,1314.2,492.9,1318.8,963.1,1380.2,966.6,1319.4,999.9,71.9,1038.3,712.3,189.1,704.5,1090.7,970.7,531.8,471.4,1029.0,487.6,142.8,679.7,1038.3,149.3,1248.3
7,1328.0,826.5,525.5,1296.9,954.7,423.4,978.4,0.0,1192.8,254.8,1409.8,931.4,904.9,1169.2,729.6,710.7,1278.4,1113.0,1012.1,530.1,340.3,235.8,667.0,1424.3,901.0,611.9,914.2,818.8,927.3,922.0,818.8,489.9,1012.1,896.4,1120.8,960.5,759.0,218.5,848.8,541.1,1266.7,607.7,921.1,461.5,903.9,1310.6,1175.5,867.0,953.2,596.5,1319.0,630.4,509.7,443.0,440.2,492.2,840.9,773.8,894.0,1364.2,900.1,909.1,463.6,50.6,1149.1,1322.0,971.9,584.7,1344.8,976.9,665.4,1166.6,391.1,973.1,994.0,748.9,927.3,1054.2,242.1,909.5,1039.6,914.2,226.0,700.0,229.4,914.8,1232.7,941.8,1194.3,504.3,942.5,845.0,686.1,749.2,946.5,886.1,50.6,1034.2,890.8,1133.6,1194.3,959.0,963.0
8,1186.6,444.6,1420.1,322.0,494.0,1197.0,401.1,1192.8,0.0,1098.8,264.5,1555.8,809.0,459.0,646.0,575.2,826.8,432.2,554.5,686.2,1147.5,1079.9,551.4,279.0,528.2,731.5,1538.6,1713.4,1551.7,549.2,1713.4,929.0,554.5,1520.8,669.1,383.2,675.3,1111.8,915.6,894.7,968.1,823.5,349.6,1048.9,612.0,859.0,30.2,897.4,375.9,834.7,126.2,589.3,1404.2,1087.5,1272.7,849.4,1627.0,690.1,380.6,171.5,505.3,536.3,798.1,1243.3,1085.8,912.8,511.2,636.1,893.1,344.4,723.7,1068.3,1070.9,602.2,1431.8,1015.6,1527.8,421.7,1131.5,1533.9,537.5,1538.6,1119.3,1594.6,1122.7,1539.1,1002.1,364.5,1040.6,931.5,481.8,749.1,1310.5,1015.2,573.8,513.3,1243.3,532.1,320.1,681.9,1040.6,251.9,1250.6
9,1188.0,840.1,626.5,1310.5,968.3,461.1,992.0,254.8,1098.8,0.0,1315.9,945.0,777.1,1041.3,601.8,724.3,1292.0,1126.5,1025.7,543.6,353.9,19.0,680.5,1330.3,774.1,625.5,927.8,919.8,940.9,795.1,919.8,503.4,1025.7,910.0,1134.3,974.1,631.1,92.1,708.8,554.6,1280.3,621.3,805.2,475.1,917.5,1324.2,1081.6,726.9,966.7,610.1,1225.0,644.0,610.6,456.6,505.7,505.7,941.8,645.9,778.0,1270.3,913.7,782.2,477.1,305.4,1162.7,1335.6,985.4,598.2,1358.4,990.5,678.9,1180.2,251.1,845.2,1007.6,608.8,940.9,1067.8,324.2,923.1,911.7,927.8,99.6,801.0,103.0,928.3,1246.3,955.4,1207.8,517.8,956.1,717.2,699.7,609.2,819.6,759.2,305.4,906.4,904.4,1147.2,1207.8,907.6,976.5
10,939.2,661.7,1637.1,284.9,711.1,1414.1,618.2,1409.8,264.5,1315.9,0.0,1656.4,877.2,460.6,863.1,792.3,892.7,498.2,771.6,903.2,1364.6,1296.9,768.4,231.9,745.3,948.6,1680.8,1799.7,1693.9,764.2,1799.7,1146.0,771.6,1663.0,735.0,600.3,892.4,1328.9,911.1,1111.8,1034.1,1040.6,566.7,1265.9,677.9,924.9,234.3,892.9,592.9,1051.8,390.7,806.3,1612.3,1304.6,1431.8,1066.5,1692.9,907.2,597.7,436.0,722.4,722.8,1015.1,1460.4,1151.7,978.8,728.2,853.2,959.1,561.5,940.8,1134.2,1288.0,734.9,1497.7,1011.0,1593.7,638.8,1348.5,1676.1,670.2,1680.8,1336.4,1811.6,1339.8,1681.3,1068.1,581.6,1106.5,1148.6,698.8,881.8,1452.7,1010.7,788.7,730.4,1460.4,664.8,537.1,747.9,1106.5,468.9,1316.5
11,2053.8,1184.1,736.3,1371.5,1258.4,613.0,1336.0,931.4,1555.8,945.0,1656.4,0.0,1373.4,1556.8,1198.2,1030.4,864.2,1187.6,1303.5,983.8,711.4,926.0,1040.9,1505.5,1354.7,903.2,148.7,643.4,161.8,1375.7,643.4,781.1,1303.5,130.9,942.7,1318.1,1227.5,908.7,1480.0,832.3,643.7,899.0,1289.0,559.2,1020.1,752.8,1538.5,1461.9,1310.8,887.8,1499.4,1084.1,660.6,522.9,606.4,783.5,536.6,1242.3,1261.9,1451.3,1191.5,1362.8,762.6,982.0,526.0,699.0,1275.6,1045.4,930.6,1339.9,870.2,543.5,1116.9,1441.6,209.0,1474.7,119.9,1417.2,793.5,144.0,1474.2,148.7,916.1,724.0,919.5,149.3,609.7,1299.4,571.2,795.5,1246.2,1313.5,397.7,1475.0,1400.2,1339.8,982.0,1468.9,1253.8,929.9,571.2,1322.0,339.9
12,711.9,786.4,1178.2,1090.9,857.3,1009.8,764.5,904.9,806.4,777.1,877.2,1373.4,0.0,481.1,233.0,785.6,1480.5,1238.7,917.8,540.5,905.6,758.1,615.9,1037.9,382.4,852.8,1356.2,1471.5,1369.3,333.0,1471.5,825.2,917.8,1338.4,1322.9,746.5,193.8,790.1,106.6,876.4,1621.9,940.6,456.8,861.7,1182.8,1512.7,789.2,88.4,739.2,929.4,932.6,530.1,1162.3,900.3,1057.4,794.0,1493.5,208.6,496.0,977.9,868.6,291.6,688.8,955.5,1591.1,1566.6,874.5,422.0,1546.9,707.8,944.3,1608.6,749.2,285.0,1436.1,206.5,1369.3,785.1,889.6,1351.6,351.5,1356.2,797.5,1352.7,800.9,1356.8,1655.9,727.9,1636.3,839.6,845.1,59.9,1128.1,206.2,357.5,367.5,955.5,346.1,658.6,1335.7,1636.3,615.2,1405.0
13,848.1,482.4,1421.3,743.4,531.8,1198.2,438.9,1169.2,459.0,1041.3,460.6,1556.8,481.1,0.0,497.3,576.2,1155.0,891.2,592.3,647.7,1148.7,1022.4,543.4,690.5,352.9,732.5,1539.6,1714.6,1552.6,303.5,1714.6,929.9,592.3,1521.8,997.3,421.0,458.0,1054.3,587.7,895.7,1296.3,824.5,272.9,1050.1,932.5,1187.2,441.7,569.5,413.7,835.7,585.2,540.8,1405.4,1088.7,1273.9,850.4,1687.7,472.8,359.8,630.5,543.1,262.2,799.3,1219.8,1414.0,1241.0,549.0,587.5,1221.3,382.2,724.7,1396.5,1013.4,274.3,1619.4,687.6,1552.7,459.5,1132.7,1534.9,209.5,1539.6,1061.8,1595.8,1065.2,1540.1,1330.3,402.3,1368.8,932.5,519.6,421.1,1311.5,687.3,328.1,338.0,1219.8,204.2,357.8,1010.1,1368.8,289.7,1578.8
14,944.9,625.4,1002.9,930.4,696.9,834.5,604.0,729.6,646.0,601.8,863.1,1198.2,233.0,497.3,0.0,614.8,1320.1,1078.2,757.4,365.3,730.3,582.8,440.7,877.5,321.2,677.5,1181.0,1296.2,1194.0,342.2,1296.2,649.9,757.4,1163.2,1162.4,586.1,87.1,614.8,339.6,701.1,1461.4,765.4,352.3,686.4,1020.2,1352.3,628.7,321.5,578.8,754.2,772.2,354.8,987.0,725.0,882.2,618.7,1318.2,101.9,325.2,817.4,708.2,307.8,513.5,780.2,1415.9,1406.1,714.1,246.7,1386.4,547.3,781.7,1433.4,573.9,301.2,1260.8,439.6,1194.1,624.6,714.3,1176.3,367.7,1181.0,622.3,1177.4,625.7,1181.5,1495.4,567.4,1461.0,664.3,684.7,173.1,952.9,439.2,366.8,306.3,780.2,362.3,497.6,1175.2,1461.0,454.8,1229.7
15,1285.6,204.4,938.0,829.9,332.6,715.0,356.3,710.7,575.2,724.3,792.3,1030.4,785.6,576.2,614.8,0.0,811.4,645.9,393.1,267.4,665.5,705.3,189.6,806.7,497.0,187.7,1013.2,1231.3,1026.3,518.0,1231.3,385.1,393.1,995.4,653.7,338.4,644.1,688.0,892.2,350.8,952.7,279.6,339.0,566.8,436.8,843.6,558.0,874.0,331.0,290.8,701.4,275.5,922.2,605.5,764.2,305.6,1161.3,658.9,370.0,746.7,323.0,505.1,316.0,761.3,1070.4,897.4,349.8,382.5,877.7,359.4,198.3,1052.9,896.3,589.9,1093.0,992.1,1026.3,436.7,649.4,1008.5,524.3,1013.2,695.4,1112.5,698.8,1013.7,986.7,319.7,1025.2,387.7,320.4,725.7,785.1,991.8,542.5,482.1,761.3,518.9,273.3,666.5,1025.2,341.5,1061.9
16,1832.0,751.4,1216.1,607.8,694.7,1135.1,824.5,1278.4,826.8,1292.0,892.7,864.2,1480.5,1155.0,1320.1,811.4,0.0,423.9,658.5,1034.7,1156.6,1273.0,957.0,741.9,1202.3,758.6,892.8,1007.5,905.9,1223.4,1007.5,867.3,658.5,875.0,157.7,806.6,1349.4,1255.7,1587.1,833.0,220.6,761.8,1023.7,1057.9,374.5,111.4,857.0,1569.0,799.2,773.0,735.7,1042.8,1207.8,1045.0,1128.5,820.6,900.7,1364.2,1054.7,687.6,627.8,1210.4,924.9,1329.0,338.2,165.3,711.9,1149.9,86.5,883.2,651.2,320.7,1464.0,1273.7,705.5,1687.1,801.5,960.5,1140.6,888.1,1209.0,892.8,1263.2,1088.1,1266.6,893.4,254.6,787.9,293.0,869.9,682.5,1420.6,944.9,1686.7,1247.9,1187.5,1329.0,1203.7,858.8,144.8,293.0,865.3,524.3
17,1437.4,585.9,1206.6,213.3,529.2,969.6,659.0,1113.0,432.2,1126.5,498.2,1187.6,1241.3,891.2,1078.2,645.9,423.9,0.0,493.0,869.3,991.1,1107.5,791.5,347.3,960.5,593.1,1211.9,1330.9,1225.0,981.5,1330.9,701.8,493.0,1194.1,266.2,641.1,1107.5,1090.2,1347.8,667.6,565.2,596.4,781.9,892.5,209.1,456.1,462.5,1329.7,633.8,607.5,341.2,877.4,1143.5,879.5,963.0,655.1,1224.1,1122.3,812.9,293.1,462.4,968.5,759.5,1163.5,682.9,509.9,546.4,984.4,490.2,717.7,485.8,665.4,1298.5,1034.5,1028.9,1447.8,1124.8,795.0,975.1,1207.3,969.7,1211.9,1097.7,1381.1,1101.1,1212.5,599.2,622.4,637.7,704.4,517.0,1181.3,983.8,1447.4,1006.0,945.6,1163.5,964.4,693.3,279.0,637.7,684.1,847.7
18,1301.7,188.7,1239.1,677.0,132.0,1016.0,261.8,1012.1,554.5,1025.7,771.6,1303.5,917.8,592.3,757.4,393.1,658.5,493.0,0.0,508.6,966.5,1006.7,430.9,786.0,639.6,479.8,1286.3,1532.4,1299.4,660.7,1532.4,677.2,0.0,1268.5,500.9,243.9,786.7,989.4,1024.4,643.0,799.9,571.7,461.0,867.9,436.0,690.7,537.3,1006.3,236.5,582.9,680.7,516.7,1217.9,906.5,1037.4,597.7,1434.5,801.5,492.0,726.0,112.0,647.7,617.4,1062.7,917.5,744.6,149.2,623.8,724.9,320.5,471.4,900.0,1182.4,711.1,1263.5,1124.4,1299.4,397.8,950.5,1281.7,646.3,1286.3,996.8,1413.6,1000.2,1286.9,833.9,225.2,872.3,679.8,119.8,857.9,1058.2,1124.0,685.2,624.8,1062.7,641.0,296.1,513.7,872.3,302.6,1082.3
19,1252.4,319.9,788.5,970.6,448.1,620.1,471.8,530.1,686.2,543.6,903.2,983.8,540.5,647.8,365.3,267.4,1034.7,869.3,508.6,0.0,516.0,524.7,136.9,917.7,377.6,423.7,966.6,1081.8,979.7,398.6,1081.8,434.2,508.6,948.8,877.1,453.9,394.6,507.3,647.1,485.4,1176.1,515.6,401.7,472.0,672.8,1066.9,668.9,629.0,446.6,526.8,812.4,107.0,772.7,510.6,667.8,403.0,1103.9,409.4,374.6,857.6,459.4,385.6,297.8,580.7,1201.5,1120.8,465.3,118.6,1101.1,470.3,434.3,1219.0,715.6,470.5,1046.4,729.7,979.7,547.6,499.9,961.9,518.2,966.6,514.8,963.0,518.2,967.1,1210.1,435.2,1246.6,448.6,435.9,480.6,738.5,730.1,423.1,362.7,580.7,512.9,384.2,889.9,1246.6,452.4,1015.3
20,1462.8,781.3,459.9,1175.1,909.5,227.5,933.2,340.3,1147.5,353.9,1364.6,711.4,905.6,1148.7,730.3,665.5,1156.6,991.1,966.5,516.0,0.0,334.9,627.8,1309.1,886.9,490.1,694.2,753.2,707.2,907.9,753.2,368.0,966.5,676.4,998.9,915.2,759.6,317.6,983.6,419.2,1046.7,485.9,875.8,241.5,782.1,1155.8,1130.3,994.0,907.9,474.7,1273.7,616.3,444.0,223.0,272.1,370.3,775.2,774.5,848.7,1254.8,854.5,894.9,349.4,390.9,929.1,1102.0,926.6,577.5,1222.9,931.6,543.5,946.6,525.9,973.8,774.0,883.6,707.3,1008.9,202.5,689.5,1027.5,694.2,325.1,634.4,328.5,694.7,1012.7,896.6,974.2,382.4,897.2,845.7,466.1,884.0,932.4,872.0,390.9,1022.2,845.6,1011.8,974.2,913.8,742.9
21,1169.0,821.1,607.5,1291.5,949.3,442.1,973.0,235.8,1079.9,19.0,1296.9,926.0,758.1,1022.4,582.8,705.3,1273.0,1107.5,1006.7,524.7,334.9,0.0,661.5,1311.3,755.1,606.5,908.8,900.8,921.9,776.1,900.8,484.4,1006.7,891.0,1115.4,955.1,612.1,73.1,689.8,535.6,1261.3,602.3,786.2,456.1,898.5,1305.2,1062.6,707.9,947.7,591.1,1206.1,625.0,591.6,437.6,486.8,486.8,922.8,626.9,759.1,1251.3,894.7,763.2,458.1,286.4,1143.7,1316.6,966.5,579.2,1339.4,971.5,659.9,1161.2,232.1,826.3,988.6,589.8,921.9,1048.8,305.3,904.1,892.7,908.8,80.6,782.0,84.0,909.3,1227.3,936.4,1188.8,498.8,937.1,698.2,680.7,590.2,800.6,740.2,286.4,887.4,885.4,1128.2,1188.8,888.6,957.5
22,1252.8,242.2,900.4,835.8,370.4,677.3,392.2,667.0,551.4,680.5,768.4,1040.9,615.9,543.4,440.7,189.6,957.0,791.5,430.9,136.9,627.8,661.5,0.0,782.9,341.6,345.9,1023.7,1193.6,1036.8,362.6,1193.6,414.7,430.9,1005.9,799.3,374.2,470.0,644.2,722.5,465.9,1098.3,437.9,270.5,529.1,595.1,989.2,534.1,704.4,366.9,449.1,677.6,85.9,884.5,567.8,753.0,383.6,1171.9,484.8,243.4,722.8,381.7,349.7,278.4,717.5,1216.0,1043.0,387.5,195.0,1023.3,335.5,356.5,1198.5,852.5,434.5,1103.6,813.8,1036.8,412.8,611.8,1019.1,455.8,1023.7,651.7,1074.8,655.1,1024.3,1132.3,355.6,1170.8,429.1,358.1,556.0,795.6,814.2,387.1,326.7,717.5,450.4,249.4,812.1,1170.8,317.6,1072.5
23,1171.2,676.1,1524.6,134.0,725.5,1287.6,632.6,1424.3,279.0,1330.3,231.9,1505.5,1040.5,690.5,877.5,806.7,741.9,347.3,786.0,917.7,1309.1,1311.3,782.9,0.0,759.7,911.1,1529.9,1648.9,1543.0,780.7,1648.9,1019.8,786.0,1512.1,584.2,614.7,906.8,1343.3,1143.0,985.5,883.2,914.3,581.1,1210.5,527.0,774.1,248.7,1124.9,607.4,925.5,364.9,820.8,1461.5,1197.5,1281.0,973.1,1542.1,921.6,612.1,316.8,736.8,767.8,1029.6,1474.8,1000.8,827.9,742.7,867.6,808.2,575.9,803.8,983.3,1302.4,833.7,1346.9,1243.0,1442.8,653.2,1293.1,1525.3,769.0,1529.9,1350.8,1699.1,1354.2,1530.5,917.2,596.0,955.7,1022.4,713.3,980.6,1301.8,1242.6,805.2,744.8,1474.8,763.6,551.5,597.0,955.7,483.4,1165.7
24,1062.3,507.7,1159.4,812.7,579.1,991.0,486.3,901.0,528.2,774.1,745.3,1354.7,382.4,352.9,321.2,497.0,1202.3,960.5,639.6,377.5,886.9,755.1,341.6,759.7,0.0,653.3,1337.5,1452.7,1350.6,103.7,1452.7,733.9,639.6,1319.7,1044.7,468.3,350.5,787.1,488.9,785.1,1343.7,745.3,234.5,842.9,902.5,1234.5,511.0,470.8,461.0,756.5,654.4,270.6,1143.6,881.5,1038.7,702.7,1474.8,365.4,207.4,699.7,590.5,90.7,597.5,951.6,1461.3,1288.4,596.3,317.2,1268.7,429.6,663.9,1443.8,746.2,175.6,1417.3,588.9,1350.6,506.9,870.8,1332.8,223.3,1337.5,794.5,1333.9,797.9,1338.1,1377.7,449.7,1416.2,748.2,566.9,322.4,1109.4,588.5,128.2,14.9,951.6,218.0,379.9,1057.5,1416.2,337.0,1386.3
25,1441.9,360.4,762.7,777.1,434.7,539.6,512.3,611.9,731.5,625.5,948.6,903.2,852.8,732.5,677.5,187.7,758.6,593.1,479.8,423.7,490.1,606.5,345.9,911.1,653.3,0.0,886.0,1055.9,899.1,674.3,1055.9,200.8,479.8,868.2,600.9,494.4,706.8,589.2,959.4,166.5,900.0,95.3,495.3,391.4,384.1,790.8,714.3,941.2,487.0,106.5,857.7,431.8,746.8,430.1,615.3,122.7,1034.2,721.7,526.3,856.9,367.8,661.4,227.9,662.5,1017.6,844.7,451.8,523.4,825.0,515.7,145.5,1000.1,797.5,746.2,965.9,1020.8,899.1,593.0,474.1,881.4,680.6,886.0,596.6,937.1,600.1,886.6,934.0,475.7,972.4,203.3,422.4,792.9,657.9,1021.2,698.9,638.4,662.5,675.3,429.6,613.8,972.4,497.8,934.8
26,2036.6,1166.9,719.1,1395.9,1241.2,595.8,1318.8,914.2,1538.6,927.8,1680.8,148.7,1356.2,1539.6,1181.0,1013.2,892.8,1211.9,1286.3,966.6,694.2,908.8,1023.7,1529.9,1337.5,886.0,0.0,672.0,13.1,1358.5,672.0,764.0,1286.3,113.7,971.3,1300.9,1210.3,891.5,1462.8,815.2,672.3,881.8,1271.8,542.0,1002.9,781.4,1521.3,1444.7,1293.6,870.6,1523.8,1066.9,643.5,505.7,589.2,766.3,565.2,1225.1,1244.7,1475.7,1174.3,1345.6,745.4,964.8,554.6,727.6,1258.4,1028.2,959.2,1322.7,853.1,572.1,1099.7,1424.4,237.6,1457.5,148.5,1400.0,776.3,126.9,1457.1,0.0,898.9,752.6,902.3,132.1,638.3,1282.2,599.8,778.3,1229.0,1296.3,380.5,1457.8,1383.0,1322.6,964.8,1451.7,1236.7,958.4,599.8,1304.8,368.5
27,2028.6,1347.1,293.3,1514.8,1475.3,614.7,1499.0,818.8,1713.4,919.8,1799.7,643.4,1471.5,1714.6,1296.2,1231.3,1007.5,1330.9,1532.4,1081.8,753.2,900.8,1193.6,1648.9,1452.7,1055.9,672.0,0.0,685.1,1473.7,0.0,933.9,1532.4,654.2,1086.0,1481.1,1325.5,883.5,1549.4,985.1,787.0,1051.7,1441.7,796.9,1257.8,896.1,1696.1,1559.9,1473.8,1040.5,1642.7,1182.2,406.0,722.2,536.9,936.2,106.8,1340.3,1414.6,1594.6,1420.3,1460.8,915.3,869.4,669.3,842.3,1492.5,1143.4,1073.9,1497.5,1108.0,686.8,1091.7,1539.6,589.3,1449.5,580.7,1574.8,659.9,667.3,1593.4,672.0,890.9,165.4,894.3,672.6,753.0,1462.4,714.5,948.3,1463.1,1411.5,626.7,1449.8,1498.3,1437.8,869.4,1588.0,1411.4,1073.2,714.5,1479.6,483.2
28,2049.7,1180.0,732.2,1409.0,1254.3,608.9,1331.9,927.3,1551.7,940.9,1693.9,161.8,1369.3,1552.6,1194.0,1026.3,905.9,1225.0,1299.4,979.7,707.2,921.9,1036.8,1543.0,1350.6,899.1,13.1,685.1,0.0,1371.6,685.1,777.0,1299.4,126.8,984.4,1314.0,1223.4,904.5,1475.9,828.2,685.3,894.9,1284.9,555.1,1016.0,794.5,1534.4,1457.8,1306.6,883.7,1536.8,1080.0,656.5,518.7,602.3,779.4,578.3,1238.2,1257.7,1488.8,1187.4,1358.7,758.5,977.9,567.7,740.6,1271.5,1041.2,972.2,1335.8,866.1,585.2,1112.8,1437.5,250.7,1470.5,161.5,1413.1,789.4,139.9,1470.1,13.1,912.0,765.7,915.4,145.2,651.3,1295.3,612.9,791.4,1242.1,1309.4,393.6,1470.9,1396.1,1335.7,977.9,1464.8,1249.7,971.5,612.9,1317.9,381.6
29,1012.9,528.7,1180.5,833.7,600.1,1012.1,507.3,922.0,549.2,795.1,764.2,1375.7,333.0,303.5,342.2,518.0,1223.4,981.5,660.7,398.5,907.9,776.1,362.6,780.7,103.7,674.3,1358.5,1473.7,1371.6,0.0,1473.7,754.9,660.7,1340.7,1065.7,489.4,309.9,808.1,439.6,806.1,1364.7,766.3,255.6,863.9,923.5,1255.6,532.0,421.4,482.0,777.5,675.4,291.6,1164.6,902.5,1059.7,723.7,1495.8,324.7,228.4,720.7,611.5,41.4,618.5,972.6,1482.3,1309.4,617.3,338.2,1289.7,450.6,685.0,1464.8,767.2,126.2,1438.4,539.5,1371.6,527.9,891.9,1353.8,173.9,1358.5,815.5,1354.9,819.0,1359.1,1398.7,470.7,1437.2,769.3,587.9,273.0,1130.4,539.2,24.5,88.8,972.6,168.6,400.9,1078.5,1437.2,358.0,1407.3
30,2028.6,1347.1,293.3,1514.8,1475.3,614.7,1499.0,818.8,1713.4,919.8,1799.7,643.4,1471.5,1714.6,1296.2,1231.3,1007.5,1330.9,1532.4,1081.8,753.2,900.8,1193.6,1648.9,1452.7,1055.9,672.0,0.0,685.1,1473.7,0.0,933.9,1532.4,654.2,1086.0,1481.1,1325.5,883.5,1549.4,985.1,787.0,1051.7,1441.7,796.9,1257.8,896.1,1696.1,1559.9,1473.8,1040.5,1642.7,1182.2,406.0,722.2,536.9,936.2,106.8,1340.3,1414.6,1594.6,1420.3,1460.8,915.3,869.4,669.3,842.3,1492.5,1143.4,1073.9,1497.5,1108.0,686.8,1091.7,1539.6,589.3,1449.5,580.7,1574.8,659.9,667.3,1593.4,672.0,890.9,165.4,894.3,672.6,753.0,1462.4,714.5,948.3,1463.1,1411.5,626.7,1449.8,1498.3,1437.8,869.4,1588.0,1411.4,1073.2,714.5,1479.6,483.2
31,1537.0,557.8,640.6,885.8,632.1,417.5,709.7,489.9,929.0,503.4,1146.0,781.1,825.2,929.9,649.9,385.1,867.3,701.8,677.2,434.2,368.0,484.4,414.7,1019.8,733.9,200.8,764.0,933.9,777.0,754.9,933.9,0.0,677.2,746.2,709.6,691.8,679.2,467.1,931.7,51.2,1008.7,122.4,662.8,269.4,492.8,899.5,911.7,913.6,684.4,111.2,1013.7,465.9,624.7,308.0,493.2,110.6,912.1,694.0,635.6,965.6,565.2,741.9,136.4,540.4,998.9,953.4,649.3,495.7,933.7,713.1,254.2,1016.4,675.4,826.8,843.8,993.2,777.1,790.4,352.0,759.3,848.0,764.0,474.6,815.1,478.0,764.5,1042.7,673.1,1044.0,14.4,619.9,765.2,535.9,993.5,779.4,719.0,540.4,842.7,627.0,722.5,1044.0,695.2,812.7
32,1301.7,188.7,1239.1,677.0,132.0,1016.0,261.8,1012.1,554.5,1025.7,771.6,1303.5,917.8,592.3,757.4,393.1,658.5,493.0,0.0,508.6,966.5,1006.7,430.9,786.0,639.6,479.8,1286.3,1532.4,1299.4,660.7,1532.4,677.2,0.0,1268.5,500.9,243.9,786.7,989.4,1024.4,643.0,799.9,571.7,461.0,867.9,436.0,690.7,537.3,1006.3,236.5,582.9,680.7,516.7,1217.9,906.5,1037.4,597.7,1434.5,801.5,492.0,726.0,112.0,647.7,617.4,1062.7,917.5,744.6,149.2,623.8,724.9,320.5,471.4,900.0,1182.4,711.1,1263.5,1124.4,1299.4,397.8,950.5,1281.7,646.3,1286.3,996.8,1413.6,1000.2,1286.9,833.9,225.2,872.3,679.8,119.8,857.9,1058.2,1124.0,685.2,624.8,1062.7,641.0,296.1,513.7,872.3,302.6,1082.3
33,2018.8,1149.1,701.3,1378.1,1223.4,578.0,1301.0,896.4,1520.8,910.0,1663.0,130.9,1338.4,1521.8,1163.2,995.4,875.0,1194.1,1268.5,948.8,676.4,891.0,1005.9,1512.1,1319.7,868.2,113.7,654.2,126.8,1340.7,654.2,746.2,1268.5,0.0,953.5,1283.1,1192.5,873.7,1445.0,797.4,654.5,864.0,1254.0,524.2,985.1,763.6,1503.5,1426.9,1275.8,852.8,1506.0,1049.1,625.7,487.9,571.4,748.5,547.4,1207.3,1226.9,1457.9,1156.5,1327.8,727.6,947.0,536.8,709.8,1240.6,1010.4,941.4,1304.9,835.3,554.3,1081.9,1406.6,219.8,1439.7,130.7,1382.2,758.5,13.1,1439.3,113.7,881.1,734.8,884.5,18.3,620.5,1264.4,582.0,760.6,1211.2,1278.5,362.7,1440.0,1365.2,1304.8,947.0,1433.9,1218.9,940.7,582.0,1287.0,350.7
34,1674.3,593.7,1214.4,450.2,537.0,977.4,666.8,1120.8,669.1,1134.3,735.0,942.7,1322.9,997.3,1162.4,653.7,157.7,266.2,500.9,877.1,998.9,1115.4,799.3,584.2,1044.7,600.9,971.3,1086.0,984.4,1065.7,1086.0,709.6,500.9,953.5,0.0,648.9,1191.7,1098.0,1429.4,675.4,299.0,604.2,866.1,900.3,216.9,189.9,699.3,1411.3,641.6,615.4,578.0,885.2,1151.3,887.3,970.8,662.9,979.2,1206.5,897.0,529.9,470.2,1052.7,767.3,1171.4,416.7,243.7,554.2,992.2,224.0,725.5,493.6,399.1,1306.3,1116.1,784.0,1529.4,880.0,802.8,982.9,966.6,1051.3,971.3,1105.5,1166.6,1108.9,971.8,333.0,630.2,371.5,712.2,524.8,1262.9,991.7,1529.0,1090.2,1029.8,1171.4,1046.0,701.1,12.8,371.5,707.7,602.8
35,1130.4,134.0,1187.8,667.6,183.4,964.7,90.5,960.5,383.2,974.1,600.3,1318.1,746.5,421.0,586.1,338.4,806.6,641.1,243.9,453.9,915.2,955.1,374.2,614.7,468.3,494.4,1300.9,1481.1,1314.0,489.4,1481.1,691.8,243.9,1283.1,648.9,0.0,615.4,937.8,853.1,657.5,947.9,586.3,289.7,816.6,584.1,838.8,365.9,835.0,7.3,597.5,509.4,412.2,1172.0,855.2,1040.5,612.3,1449.1,630.2,320.7,554.7,194.7,476.4,565.8,1011.1,1065.6,892.6,200.6,459.0,872.9,149.2,486.0,1048.1,1011.1,539.7,1380.7,953.1,1314.0,226.5,899.2,1296.2,475.0,1300.9,945.2,1362.3,948.6,1301.4,981.9,18.7,1020.4,694.3,171.2,686.6,1072.8,952.7,513.9,453.5,1011.1,469.7,124.8,661.7,1020.4,131.3,1230.4
36,905.7,654.8,1032.2,959.7,726.2,863.8,633.3,759.0,675.3,631.1,892.4,1227.5,193.8,458.0,87.1,644.1,1349.4,1107.5,786.7,394.6,759.6,612.1,470.0,906.8,350.5,706.8,1210.3,1325.5,1223.4,309.9,1325.5,679.2,786.7,1192.5,1191.7,615.4,0.0,644.1,300.4,730.4,1490.7,794.7,381.6,715.7,1049.5,1381.6,658.0,282.2,608.1,783.5,801.5,384.1,1016.3,754.3,911.5,648.0,1347.5,14.8,354.5,846.7,737.5,268.6,542.8,809.5,1445.2,1435.4,743.4,276.0,1415.7,576.6,811.0,1462.7,603.2,261.9,1290.1,400.3,1223.4,653.9,743.6,1205.6,328.4,1210.3,651.6,1206.7,655.0,1210.8,1524.8,596.7,1490.3,693.6,714.0,133.8,982.2,400.0,334.4,335.7,809.5,323.1,526.9,1204.6,1490.3,484.1,1259.0
37,1201.0,803.8,590.2,1274.2,932.0,424.8,955.7,218.5,1111.8,92.1,1328.9,908.7,790.1,1054.3,614.8,688.0,1255.7,1090.2,989.4,507.3,317.6,73.1,644.2,1343.3,787.1,589.2,891.5,883.5,904.5,808.1,883.5,467.1,989.4,873.7,1098.0,937.8,644.1,0.0,721.8,518.3,1244.0,585.0,818.2,438.8,881.2,1287.9,1094.6,739.9,930.4,573.8,1238.0,607.7,574.3,420.3,469.4,469.4,905.5,658.9,791.0,1283.3,877.4,795.2,440.8,269.1,1126.4,1299.3,949.1,561.9,1322.1,954.2,642.6,1143.9,264.1,858.2,971.3,621.8,904.6,1031.5,287.9,886.8,924.7,891.5,7.4,764.7,10.9,892.0,1210.0,919.1,1171.5,481.5,919.8,730.2,663.4,622.2,832.6,772.2,269.1,919.4,868.1,1110.9,1171.5,920.6,940.2
38,605.3,893.0,1256.1,1195.9,963.9,1090.7,871.1,848.8,913.0,708.8,911.1,1480.0,106.6,587.7,339.6,892.2,1587.1,1345.3,1024.4,647.1,983.6,689.8,722.5,1143.0,488.9,959.4,1462.8,1549.4,1475.9,439.6,1549.4,931.7,1024.4,1445.0,1429.4,853.1,300.4,721.8,0.0,982.9,1728.5,1047.2,563.4,968.2,1289.4,1619.3,895.8,18.2,845.8,1036.0,1039.2,636.7,1240.3,1006.9,1135.4,900.6,1571.5,315.2,602.6,1084.5,975.2,398.2,795.4,899.4,1697.7,1673.2,981.1,528.6,1653.5,814.4,1050.9,1715.2,680.9,391.6,1542.7,100.0,1475.9,891.7,953.9,1458.2,458.0,1462.8,729.2,1430.6,732.6,1463.4,1762.5,834.4,1742.9,946.1,951.7,166.5,1234.7,99.6,464.1,474.1,899.4,452.7,765.2,1442.3,1742.9,721.8,1511.6
39,1588.3,523.5,691.8,851.5,597.8,468.7,675.5,541.1,894.7,554.6,1111.8,832.3,876.4,895.7,701.1,350.8,833.0,667.6,643.0,485.4,419.2,535.6,465.9,985.5,785.1,166.5,815.2,985.1,828.2,806.1,985.1,51.2,643.0,797.4,675.4,657.5,730.4,518.3,982.9,0.0,974.4,71.2,658.5,320.6,458.5,865.2,877.4,964.8,650.2,60.0,979.4,517.1,675.9,359.2,544.4,127.1,963.3,745.2,686.9,931.3,530.9,793.1,187.6,591.6,1050.1,919.1,615.0,547.0,899.4,678.8,220.0,1067.6,726.6,878.0,895.0,1044.4,828.3,756.1,403.2,810.5,843.8,815.2,525.8,866.3,529.2,815.7,1008.4,638.9,1046.9,36.8,585.6,816.4,587.1,1044.7,830.6,770.2,591.6,838.4,592.8,688.2,1046.9,660.9,863.9
40,1973.3,892.7,995.5,749.2,836.1,948.3,965.9,1266.7,968.1,1280.3,1034.1,643.7,1621.9,1296.3,1461.4,952.7,220.6,565.2,799.9,1176.1,1046.7,1261.3,1098.3,883.2,1343.7,900.0,672.3,787.0,685.3,1364.7,787.0,1008.7,799.9,654.5,299.0,947.9,1490.7,1244.0,1728.5,974.4,0.0,903.2,1165.1,894.5,515.9,109.2,998.4,1710.3,940.6,914.4,877.1,1184.2,987.2,858.2,941.7,962.0,680.2,1505.6,1196.1,829.0,769.2,1351.8,1066.3,1317.3,117.6,55.3,853.3,1291.2,286.9,1024.6,792.6,100.1,1452.3,1415.1,485.0,1810.0,580.9,1101.9,1128.8,667.6,1350.4,672.3,1251.4,867.6,1254.8,672.8,34.0,929.3,72.5,1011.2,823.9,1562.0,724.3,1810.3,1389.2,1328.8,1317.3,1345.0,1000.2,286.2,72.5,1006.7,303.8
41,1533.9,452.3,758.4,780.3,526.6,535.4,604.2,607.7,823.5,621.3,1040.6,899.0,940.6,824.5,765.4,279.6,761.8,596.4,571.7,515.6,485.9,602.3,437.9,914.3,745.3,95.3,881.8,1051.7,894.9,766.3,1051.7,122.4,571.7,864.0,604.2,586.3,794.7,585.0,1047.2,71.2,903.2,0.0,587.3,387.2,387.3,794.0,806.2,1029.1,579.0,11.2,908.2,523.7,742.6,425.8,611.1,149.9,1030.0,809.5,618.3,860.1,459.7,753.3,254.2,658.3,1020.8,847.9,543.8,611.2,828.2,607.6,148.8,1003.3,793.3,838.2,961.7,1108.6,894.9,684.9,469.8,877.1,772.5,881.8,592.4,932.9,595.8,882.4,937.2,567.6,975.7,108.0,514.4,880.7,653.7,1109.0,790.8,730.4,658.3,767.2,521.5,617.0,975.7,589.7,930.6
42,982.3,329.6,1148.4,634.0,400.5,925.3,307.7,921.1,349.6,805.2,566.7,1289.0,456.8,272.9,352.3,339.0,1023.7,781.9,461.0,401.6,875.8,786.2,270.5,581.1,234.5,495.3,1271.8,1441.7,1284.9,255.6,1441.7,662.8,461.0,1254.0,866.1,289.7,381.6,818.2,563.4,658.5,1165.1,587.3,0.0,777.2,726.0,1055.9,332.4,545.2,282.4,598.5,475.8,294.7,1132.5,815.8,1001.1,613.2,1419.9,396.4,86.9,521.1,411.8,237.9,526.4,971.7,1282.7,1109.8,417.7,341.4,1090.1,251.0,487.5,1265.2,777.3,250.0,1351.6,663.3,1284.9,328.3,859.8,1267.1,185.3,1271.8,825.6,1322.9,829.0,1272.3,1199.1,271.1,1237.6,677.2,388.3,396.9,1043.7,663.0,280.1,219.7,971.7,179.9,201.8,878.9,1237.6,158.4,1320.5
43,1573.5,682.6,511.0,1076.4,810.8,195.5,834.5,461.5,1048.9,475.1,1265.9,559.2,861.7,1050.1,686.4,566.8,1057.9,892.5,867.9,472.0,241.5,456.1,529.1,1210.5,842.9,391.4,542.0,796.9,555.1,863.9,796.9,269.4,867.9,524.2,900.3,816.6,715.7,438.8,968.2,320.6,894.5,387.2,777.2,0.0,683.4,1003.7,1031.6,950.1,809.3,376.0,1175.1,572.3,473.5,86.0,271.3,271.7,690.1,730.5,750.1,1156.2,755.8,851.0,250.8,512.1,776.9,949.8,828.0,533.6,1124.3,833.0,444.9,794.4,647.1,929.8,621.8,1012.8,555.1,910.3,323.7,537.3,962.5,542.0,446.2,685.5,449.7,542.5,860.5,797.9,822.0,283.8,798.6,801.7,313.9,1013.1,888.4,828.0,512.1,957.1,746.9,913.1,822.0,815.1,590.7
44,1617.1,528.9,997.6,393.0,472.2,760.5,602.0,903.9,612.0,917.5,677.9,1020.1,1182.8,932.5,1020.2,436.8,374.5,209.1,436.0,672.8,782.1,898.5,595.1,527.0,902.5,384.1,1002.9,1257.8,1016.0,923.5,1257.8,492.8,436.0,985.1,216.9,584.1,1049.5,881.2,1289.4,458.5,515.9,387.3,726.0,683.4,0.0,406.7,642.2,1271.3,576.7,398.5,520.9,680.9,934.4,670.4,753.9,446.1,1151.0,1064.4,757.0,472.8,405.3,910.5,550.4,954.5,633.5,460.6,489.4,788.0,440.9,660.7,276.7,616.0,1089.4,976.1,979.5,1389.4,1016.0,738.0,766.0,998.2,911.3,1002.9,888.6,1172.1,892.0,1003.4,549.9,565.4,588.4,495.3,460.0,1122.9,774.8,1389.0,948.0,887.6,954.5,906.0,636.3,229.7,588.4,642.8,798.3
45,1864.2,783.6,1104.7,640.0,726.9,1057.5,856.7,1310.6,859.0,1324.2,924.9,752.8,1512.7,1187.2,1352.3,843.6,111.4,456.1,690.7,1066.9,1155.8,1305.2,989.2,774.1,1234.5,790.8,781.4,896.1,794.5,1255.6,896.1,899.5,690.7,763.6,189.9,838.8,1381.6,1287.9,1619.3,865.2,109.2,794.0,1055.9,1003.7,406.7,0.0,889.2,1601.2,831.4,805.2,767.9,1075.0,1096.4,967.3,1050.9,852.8,789.3,1396.4,1086.9,719.8,660.0,1242.6,957.2,1361.2,226.8,53.9,744.1,1182.1,177.7,915.4,683.4,209.3,1496.2,1305.9,594.1,1719.3,690.1,992.7,1172.8,776.7,1241.2,781.4,1295.4,976.7,1298.8,782.0,143.2,820.1,181.6,902.1,714.7,1452.8,833.5,1718.9,1280.1,1219.7,1361.2,1235.9,891.0,177.0,181.6,897.5,412.9
46,1169.4,427.3,1402.8,301.7,476.7,1179.7,383.9,1175.5,30.2,1081.6,234.3,1538.5,791.8,441.7,628.7,558.0,857.0,462.5,537.3,668.9,1130.3,1062.6,534.1,248.7,511.0,714.3,1521.3,1696.1,1534.4,532.0,1696.1,911.7,537.3,1503.5,699.3,365.9,658.0,1094.6,898.3,877.4,998.4,806.2,332.4,1031.6,642.2,889.2,0.0,880.2,358.6,817.4,156.4,572.0,1387.0,1070.2,1255.5,832.2,1657.2,672.8,363.4,201.7,488.1,519.0,780.8,1226.1,1116.0,943.1,493.9,618.8,923.3,327.2,706.5,1098.5,1053.7,585.0,1462.0,998.3,1534.4,404.5,1114.2,1516.7,520.2,1521.3,1102.0,1577.3,1105.4,1521.9,1032.4,347.3,1070.8,914.2,464.5,731.8,1293.2,997.9,556.5,496.1,1226.1,514.9,302.8,712.2,1070.8,234.6,1280.8
47,623.5,874.8,1266.6,1177.8,945.7,1098.2,852.9,867.0,894.9,726.9,892.9,1461.9,88.4,569.5,321.5,874.0,1569.0,1327.1,1006.3,629.0,994.0,707.9,704.4,1124.9,470.8,941.2,1444.7,1559.9,1457.8,421.4,1559.9,913.6,1006.3,1426.9,1411.3,835.0,282.2,739.9,18.2,964.8,1710.3,1029.1,545.2,950.1,1271.3,1601.2,877.6,0.0,827.6,1017.9,1021.1,618.5,1250.7,988.7,1145.9,882.4,1581.9,297.0,584.4,1066.3,957.1,380.0,777.2,917.6,1679.6,1655.0,962.9,510.4,1635.3,796.2,1032.7,1697.1,699.0,373.4,1524.5,118.1,1457.8,873.5,978.0,1440.0,439.9,1444.7,747.4,1441.1,750.8,1445.2,1744.3,816.3,1724.7,928.0,933.5,148.4,1216.6,117.8,445.9,455.9,917.6,434.5,747.0,1424.1,1724.7,703.6,1493.4
48,1123.0,126.6,1180.5,660.3,176.0,957.4,83.2,953.2,375.9,966.7,592.9,1310.8,739.2,413.7,578.8,331.0,799.2,633.8,236.5,446.6,907.9,947.7,366.9,607.4,461.0,487.0,1293.6,1473.8,1306.6,482.0,1473.8,684.4,236.5,1275.8,641.6,7.3,608.1,930.4,845.8,650.2,940.6,579.0,282.4,809.3,576.7,831.4,358.6,827.6,0.0,590.2,502.1,404.8,1164.6,847.9,1033.1,604.9,1441.7,622.9,313.4,547.3,187.4,469.1,558.5,1003.7,1058.2,885.3,193.2,451.6,865.6,141.9,478.7,1040.7,1003.7,532.4,1373.4,945.7,1306.7,219.2,891.9,1288.9,467.7,1293.6,937.9,1355.0,941.3,1294.1,974.6,11.3,1013.1,687.0,163.8,679.3,1065.5,945.4,506.5,446.1,1003.7,462.3,117.5,654.4,1013.1,124.0,1223.0
49,1545.1,463.5,747.2,791.5,537.8,524.2,615.4,596.5,834.7,610.1,1051.8,887.8,929.4,835.7,754.2,290.8,773.0,607.5,582.9,526.8,474.7,591.1,449.1,925.5,756.5,106.5,870.6,1040.5,883.7,777.5,1040.5,111.2,582.9,852.8,615.4,597.5,783.5,573.8,1036.0,60.0,914.4,11.2,598.5,376.0,398.5,805.2,817.4,1017.9,590.2,0.0,919.4,534.9,731.4,414.6,599.9,138.7,1018.8,798.3,629.5,871.3,470.9,764.5,243.0,647.1,1032.0,859.1,555.0,600.0,839.4,618.8,160.0,1014.5,782.1,849.4,950.5,1097.4,883.7,696.1,458.6,865.9,783.7,870.6,581.2,921.7,584.6,871.2,948.4,578.8,986.9,96.8,525.6,869.5,642.5,1097.8,802.0,741.6,647.1,778.4,532.7,628.2,986.9,600.9,919.4
50,1312.8,570.8,1518.5,230.9,620.2,1281.4,527.3,1319.0,126.2,1225.0,390.7,1499.4,935.2,585.2,772.2,701.4,735.7,341.2,680.7,812.4,1273.7,1206.1,677.6,364.9,654.4,857.7,1523.8,1642.7,1536.8,675.4,1642.7,1013.7,680.7,1506.0,578.0,509.4,801.5,1238.0,1041.8,979.4,877.1,908.2,475.8,1175.1,520.9,767.9,156.4,1023.6,502.1,919.4,0.0,715.5,1455.3,1191.3,1274.8,966.9,1535.9,816.3,506.8,80.4,631.5,662.5,924.3,1369.6,994.7,821.8,637.4,762.3,802.1,470.7,797.6,977.2,1197.1,728.4,1340.7,1141.8,1436.7,548.0,1257.7,1519.1,663.7,1523.8,1245.5,1692.9,1248.9,1524.3,911.1,490.7,949.5,1016.2,608.0,875.3,1295.7,1141.4,700.0,639.5,1369.6,658.3,446.3,590.9,949.5,378.1,1159.5
51,1242.0,328.0,888.9,873.7,456.2,720.5,430.1,630.4,589.3,644.0,806.3,1084.1,530.1,540.8,354.8,275.5,1042.8,877.4,516.7,106.9,616.3,625.0,85.9,820.8,270.6,431.8,1066.9,1182.2,1080.0,291.6,1182.2,465.8,516.7,1049.1,885.2,412.2,384.1,607.7,636.7,517.0,1184.2,523.7,294.7,572.3,680.9,1075.0,572.0,618.5,404.8,534.9,715.5,0.0,873.0,611.0,768.1,434.7,1204.2,398.9,267.6,760.7,467.5,278.6,329.5,681.0,1301.8,1128.9,473.4,155.6,1109.2,373.4,442.4,1284.3,763.6,363.5,1146.8,728.8,1080.0,450.7,600.3,1062.3,411.2,1066.9,615.1,1063.4,618.5,1067.5,1218.2,393.5,1256.7,480.2,444.0,470.1,838.8,729.2,316.1,255.7,681.0,405.9,287.3,898.0,1256.7,355.5,1115.7
52,1719.5,1038.0,112.7,1327.4,1166.2,305.6,1189.9,509.7,1404.2,610.6,1612.3,660.6,1162.3,1405.4,987.0,922.2,1207.8,1143.5,1217.9,772.7,444.0,591.6,884.5,1461.5,1143.6,746.8,643.5,406.0,656.5,1164.6,406.0,624.7,1217.9,625.7,1151.3,1172.0,1016.3,574.3,1240.3,675.9,987.2,742.6,1132.5,473.5,934.4,1096.4,1387.0,1250.7,1164.6,731.4,1455.3,873.0,0.0,413.0,227.8,627.0,428.0,1031.2,1105.4,1407.2,1105.9,1151.6,606.1,560.2,869.6,1042.5,1183.3,834.2,1274.1,1188.4,784.6,887.1,782.6,1230.5,714.5,1140.3,647.8,1265.7,350.7,638.8,1284.2,643.5,581.8,287.2,585.2,644.0,953.2,1153.3,914.7,639.1,1153.9,1102.4,356.9,1140.7,1189.1,1128.7,560.2,1278.9,1102.3,1164.1,914.7,1170.5,683.4
53,1565.4,721.2,428.9,1063.4,849.4,177.0,873.2,443.0,1087.5,456.6,1304.6,522.9,900.3,1088.7,725.0,605.5,1045.0,879.5,906.5,510.6,223.0,437.6,567.8,1197.5,881.5,430.1,505.7,722.2,518.7,902.5,722.2,308.0,906.5,487.9,887.3,855.2,754.3,420.3,1006.9,359.2,858.2,425.8,815.8,86.0,670.4,967.3,1070.2,988.7,847.9,414.6,1191.3,611.0,413.0,0.0,185.2,310.3,653.8,769.1,788.7,1143.2,794.5,889.6,289.4,493.6,740.6,913.5,866.6,572.2,1111.3,871.6,483.5,758.1,628.5,968.4,585.5,986.3,518.8,948.9,305.1,501.0,1001.1,505.7,427.7,603.4,431.1,506.2,824.2,836.6,785.7,322.4,837.2,840.3,277.6,986.6,927.1,866.6,493.6,995.7,785.6,900.1,785.7,853.7,554.4
54,1614.6,906.5,243.6,1146.9,992.2,77.8,1058.4,440.2,1272.7,505.7,1431.8,606.4,1057.4,1273.9,882.2,764.2,1128.5,963.0,1037.4,667.8,272.1,486.8,753.0,1281.0,1038.7,615.3,589.2,536.9,602.3,1059.7,536.9,493.2,1037.4,571.4,970.8,1040.5,911.5,469.4,1135.4,544.4,941.7,611.1,1001.1,271.3,753.9,1050.9,1255.5,1145.9,1033.1,599.9,1274.8,768.1,227.8,185.2,0.0,495.5,559.0,926.3,973.9,1226.7,925.4,1046.8,474.7,490.8,824.1,997.0,1009.4,729.4,1194.8,1056.9,604.1,841.6,677.7,1125.6,669.0,1035.4,602.3,1134.2,268.5,584.5,1179.3,589.2,476.9,418.1,480.3,589.7,907.7,1021.8,869.2,507.6,980.0,997.5,361.1,1035.8,1084.2,1023.8,490.8,1174.0,970.8,983.6,869.2,1039.0,637.9
55,1505.9,478.3,642.9,839.1,552.6,419.8,630.2,492.2,849.4,505.7,1066.5,783.5,794.0,850.4,618.7,305.6,820.6,655.1,597.7,403.0,370.3,486.8,383.6,973.1,702.7,122.7,766.3,936.2,779.4,723.7,936.2,110.6,597.7,748.5,662.9,612.3,648.0,469.4,900.6,127.1,962.0,149.9,613.2,271.7,446.1,852.8,832.2,882.4,604.9,138.7,966.9,434.8,627.0,310.3,495.5,0.0,914.4,662.8,604.5,918.9,485.7,710.7,105.2,542.8,1001.2,906.7,569.7,464.6,887.0,633.6,207.5,1018.7,677.7,795.6,846.1,962.0,779.4,710.9,354.3,761.6,798.5,766.3,476.9,817.4,480.3,766.8,996.0,593.6,1034.4,125.0,540.3,734.1,538.2,962.4,748.2,687.8,542.8,793.2,547.5,675.8,1034.4,615.7,815.0
56,2050.7,1315.1,315.3,1408.0,1389.3,636.8,1467.0,840.9,1627.0,941.8,1692.9,536.6,1493.5,1687.7,1318.2,1161.3,900.7,1224.1,1434.5,1103.9,775.2,922.8,1171.9,1542.1,1474.8,1034.2,565.2,106.8,578.3,1495.8,106.8,912.1,1434.5,547.4,979.2,1449.1,1347.5,905.5,1571.5,963.3,680.2,1030.0,1419.9,690.1,1151.0,789.3,1657.2,1581.9,1441.7,1018.8,1535.9,1204.2,428.0,653.8,559.0,914.4,0.0,1362.4,1392.8,1487.8,1322.5,1482.8,893.5,891.5,562.6,735.5,1406.5,1165.4,967.1,1470.9,1001.2,580.1,1113.8,1561.7,482.5,1471.5,473.9,1548.2,681.9,560.5,1605.2,565.2,913.0,187.4,916.4,565.8,646.2,1430.4,607.7,926.5,1377.1,1433.6,519.9,1471.9,1520.3,1459.9,891.5,1599.9,1384.8,966.4,607.7,1453.0,376.4
57,920.5,669.6,1047.0,974.5,741.0,878.6,648.1,773.8,690.1,645.9,907.2,1242.3,208.6,472.8,101.9,658.9,1364.2,1122.3,801.5,409.4,774.5,626.9,484.8,921.6,365.4,721.7,1225.1,1340.3,1238.2,324.7,1340.3,694.0,801.5,1207.3,1206.5,630.2,14.8,658.9,315.2,745.2,1505.6,809.5,396.4,730.5,1064.4,1396.4,672.8,297.0,622.9,798.3,816.3,398.9,1031.2,769.1,926.3,662.8,1362.4,0.0,369.3,861.6,752.3,283.4,557.6,824.3,1460.0,1450.3,758.2,290.8,1430.6,591.5,825.8,1477.5,618.0,276.7,1304.9,415.1,1238.2,668.8,758.4,1220.4,343.2,1225.1,666.4,1221.5,669.8,1225.6,1539.6,611.5,1505.1,708.4,728.8,148.7,997.0,414.8,349.3,350.5,824.3,337.9,541.8,1219.4,1505.1,498.9,1273.8
58,1069.2,360.6,1121.3,665.0,431.5,898.2,338.7,894.0,380.6,778.0,597.7,1261.9,496.0,359.8,325.2,370.0,1054.7,812.9,492.0,374.5,848.7,759.1,243.4,612.1,207.4,526.3,1244.7,1414.6,1257.7,228.4,1414.6,635.6,492.0,1226.9,897.0,320.7,354.5,791.0,602.6,686.9,1196.1,618.3,86.9,750.1,757.0,1086.9,363.4,584.4,313.4,629.5,506.8,267.6,1105.4,788.7,973.9,604.5,1392.8,369.3,0.0,552.1,442.8,215.5,499.3,944.6,1313.7,1140.8,448.7,314.3,1121.1,282.0,518.5,1296.2,750.1,300.3,1324.5,702.6,1257.8,359.3,832.7,1240.0,272.2,1244.7,798.5,1295.8,801.9,1245.2,1230.1,302.0,1268.5,650.0,419.3,436.1,1016.6,702.2,253.0,192.5,944.6,266.9,232.8,909.9,1268.5,189.4,1293.4
59,1358.1,616.0,1470.4,182.8,665.4,1233.3,572.6,1364.2,171.5,1270.3,436.0,1451.3,980.5,630.5,817.4,746.7,687.6,293.1,726.0,857.6,1254.8,1251.3,722.8,316.8,699.7,856.9,1475.7,1594.6,1488.8,720.7,1594.6,965.6,726.0,1457.9,529.9,554.7,846.7,1283.3,1087.1,931.3,829.0,860.1,521.1,1156.2,472.8,719.8,201.7,1068.9,547.3,871.3,80.4,760.7,1407.2,1143.2,1226.7,918.9,1487.8,861.6,552.1,0.0,676.8,707.7,969.5,1414.8,946.6,773.7,682.6,807.5,754.0,515.9,749.5,929.1,1242.4,773.7,1292.6,1187.0,1388.6,593.2,1238.8,1471.0,708.9,1475.7,1290.7,1644.9,1294.1,1476.2,863.0,536.0,901.4,968.1,653.2,920.5,1247.6,1186.7,745.2,684.8,1414.8,703.6,491.5,542.8,901.4,423.3,1111.4
60,1252.5,139.5,1127.0,646.3,82.8,904.0,212.6,900.1,505.3,913.7,722.4,1191.5,868.6,543.1,708.2,323.0,627.8,462.4,112.0,459.4,854.5,894.7,381.7,736.8,590.5,367.8,1174.3,1420.3,1187.4,611.5,1420.3,565.2,112.0,1156.5,470.2,194.7,737.5,877.4,975.2,530.9,769.2,459.7,411.8,755.8,405.3,660.0,488.1,957.1,187.4,470.9,631.5,467.5,1105.9,794.5,925.4,485.7,1322.5,752.3,442.8,676.8,0.0,598.5,505.4,950.7,886.8,713.9,100.0,574.6,694.2,271.3,359.4,869.3,1085.6,661.9,1232.9,1075.2,1187.4,348.6,838.4,1169.6,597.1,1174.3,884.8,1301.5,888.2,1174.9,803.2,176.0,841.7,567.7,70.6,808.7,946.2,1074.8,636.0,575.6,950.7,591.8,246.9,483.0,841.7,253.4,1051.6
