,0,1,2,3,4,5,6,7,8,9,10,11,12,13,14,15,16,17,18,19,20,21,22,23,24,25,26,27,28,29,30,31,32,33,34,35,36,37,38,39,40,41,42,43,44,45,46,47,48,49,50,51,52,53,54,55,56,57,58,59,60,61,62,63,64,65,66,67,68,69,70,71,72,73,74,75,76,77,78,79,80,81,82,83,84,85,86,87,88,89,90,91,92,93,94,95,96,97,98,99,100,101,102
0,0.0,1790.3,1445.0,592.0,1584.1,1532.7,683.2,1146.0,1709.7,1057.6,1186.6,2018.2,1184.6,1085.6,1205.7,1864.7,1749.3,1170.2,763.1,2075.4,1828.4,1521.2,970.5,1370.3,1987.4,2102.0,2034.9,1794.0,1959.9,1218.4,978.8,1015.8,820.8,1188.0,2063.4,1433.1,1898.3,1252.4,2157.1,1829.1,1578.5,916.5,1301.6,947.5,2085.8,939.2,1368.9,1056.8,1510.9,1494.5,1237.3,746.3,962.3,1574.9,671.6,1920.7,1460.2,930.0,1005.8,1348.1,1419.5,1144.0,1515.6,670.1,1193.0,1032.7,956.9,745.3,942.1,1029.2,1962.9,2054.7,1865.7,1284.0,2042.7,1008.3,1124.2,958.2,1241.0,1234.8,1457.2,1584.1,1545.1,944.5,2054.7,581.1,2053.8,1826.1,1836.2,1592.9,607.4,1678.0,1453.8,1634.0,740.1,1067.2,2013.1,1017.5,1767.6,1747.0,1969.7,999.1,2085.4
1,1790.3,0.0,757.8,1297.8,558.6,1033.8,1388.2,1210.3,1149.0,1209.7,1432.4,587.4,1068.0,1210.5,594.4,425.0,463.4,1008.1,1661.2,847.4,388.7,497.8,1116.7,1381.7,547.8,662.3,887.9,372.8,529.0,1112.3,1296.4,1261.6,1693.0,681.5,838.0,421.6,1236.4,843.5,744.3,108.9,273.8,1348.4,1180.1,1251.9,646.2,1574.6,580.8,1137.3,735.0,436.0,828.3,1478.5,1125.0,734.5,1435.7,368.9,783.8,860.4,952.1,1452.8,370.8,1208.3,492.1,1120.2,1140.7,1255.2,1487.8,1643.3,1145.1,1274.9,938.6,615.0,1203.8,564.7,880.1,937.5,1057.2,1235.9,1213.3,626.2,764.4,929.7,764.4,1475.4,615.0,1286.9,622.9,386.4,279.2,455.2,1182.9,373.3,553.3,355.8,1050.2,1130.5,909.7,1240.0,328.0,135.4,538.8,1198.7,645.7
2,1445.0,757.8,0.0,1075.1,199.2,424.8,1110.2,512.5,540.0,670.1,734.6,845.6,370.2,512.7,734.5,692.0,364.3,446.3,963.4,905.7,655.7,403.5,704.8,772.6,814.8,929.3,865.1,621.4,787.2,414.5,743.5,563.8,1021.1,689.9,893.6,538.4,728.5,445.2,987.4,675.4,670.2,681.2,482.3,719.7,913.2,951.7,376.1,597.8,125.9,497.9,460.4,780.7,713.1,200.8,1157.8,1012.4,26.5,868.8,698.2,843.8,511.2,510.6,397.9,1084.0,443.0,715.7,790.0,945.5,733.2,577.2,793.1,882.0,696.0,573.1,872.9,683.6,495.4,696.4,515.5,634.6,120.8,320.7,170.9,777.6,882.0,1086.0,881.2,653.5,663.6,475.2,1146.8,475.0,290.9,557.8,1014.0,432.7,843.3,700.5,595.0,823.1,797.1,500.9,912.7
3,592.0,1297.8,1075.1,0.0,1214.3,1363.0,202.1,882.0,1478.2,497.5,926.3,1457.7,913.5,821.6,713.2,1304.2,1207.5,653.5,748.3,1726.5,1267.9,929.2,378.5,1109.9,1426.9,1541.5,1767.1,1233.5,1399.4,954.4,400.0,755.5,805.9,695.5,1717.2,940.6,1666.8,660.4,1623.5,1287.5,1086.0,468.9,1037.7,355.5,1525.3,924.4,776.9,496.7,1141.0,1002.0,645.3,702.8,370.3,1019.4,249.7,1428.2,1080.1,437.5,413.8,1087.8,927.0,880.1,923.6,177.6,929.0,472.6,815.1,730.4,350.1,768.8,1731.3,1494.2,1634.2,791.5,1759.3,416.3,621.5,398.1,977.0,742.3,1012.9,1335.8,1049.3,802.6,1494.2,10.9,1493.3,1265.6,1275.7,1000.9,114.9,1117.5,861.8,1148.2,247.6,778.5,1781.6,457.5,1207.1,1254.5,1409.2,735.1,1524.9
4,1584.1,558.6,199.2,1214.3,0.0,475.2,1249.4,651.7,590.4,809.3,873.8,646.4,509.3,651.9,799.1,492.9,165.2,585.5,1102.6,915.2,456.6,430.6,844.0,823.1,615.6,730.2,915.5,422.2,588.1,553.6,882.7,703.0,1134.4,754.5,905.9,603.0,779.0,584.4,812.2,476.2,487.1,820.4,621.5,858.8,714.0,1016.0,515.3,736.9,176.4,368.8,599.5,919.9,852.2,339.9,1297.0,844.9,225.2,933.4,837.3,894.2,544.6,649.7,425.0,1193.2,582.1,854.8,929.2,1084.7,872.4,716.3,843.5,682.8,746.4,637.7,923.3,822.8,634.5,835.5,654.7,699.2,259.9,371.1,310.0,916.7,682.8,1225.2,682.0,454.3,464.4,388.1,1255.9,275.8,430.1,358.6,1123.2,571.8,893.8,839.6,395.8,623.9,597.9,640.0,713.6
5,1532.7,1033.8,424.8,1363.0,475.2,0.0,1360.3,584.7,229.7,960.2,527.5,1080.0,506.7,639.7,1099.3,968.0,640.3,774.6,769.6,595.4,931.8,768.2,994.8,400.5,1058.0,831.4,554.8,897.4,1063.3,434.5,1031.4,698.3,711.9,1054.6,583.4,903.1,418.3,797.3,677.1,951.4,962.3,969.1,421.0,1007.5,1089.0,593.5,740.8,887.8,298.8,844.0,812.5,925.9,1003.1,565.5,1348.7,1320.1,450.8,1233.5,1010.1,471.7,875.9,582.8,762.6,1381.9,515.2,1005.7,935.1,787.5,1023.2,685.0,482.8,1057.8,385.7,937.9,562.6,995.5,807.1,986.4,587.8,999.3,485.5,104.1,535.6,922.7,1057.8,1373.9,1115.6,929.5,939.6,839.9,1444.7,751.0,655.6,833.8,1311.9,621.4,533.1,990.5,871.0,1099.1,1073.1,627.9,775.7
6,683.2,1388.2,1110.2,202.1,1249.4,1360.3,0.0,910.5,1506.7,532.6,951.2,1492.9,949.1,850.1,915.3,1339.3,1242.7,688.7,590.7,1761.6,1303.0,964.3,413.7,1134.8,1462.0,1576.6,1802.2,1268.6,1434.5,982.9,435.1,780.4,648.4,897.6,1752.3,1044.6,1695.3,695.5,1658.6,1322.6,1176.4,504.0,1066.1,390.6,1560.4,766.8,812.0,531.8,1176.1,1058.7,680.4,573.9,405.4,1054.5,92.2,1518.6,1115.2,639.6,448.9,1112.6,1017.3,908.5,958.7,379.7,957.5,507.8,784.5,572.9,385.2,793.7,1759.8,1529.3,1662.7,898.3,1794.4,451.4,656.6,433.2,1005.5,944.4,1048.0,1370.9,1084.4,772.1,1529.3,213.0,1528.4,1300.7,1310.8,1036.1,317.0,1152.6,896.9,1183.3,449.7,813.6,1810.1,492.6,1242.3,1344.9,1444.3,763.6,1560.0
7,1146.0,1210.3,512.5,882.0,651.7,584.7,910.5,0.0,699.9,479.2,398.8,1298.1,142.4,158.8,1034.3,1144.5,816.8,308.3,627.6,1065.7,1108.3,779.9,513.9,582.4,1267.3,1301.6,1025.1,1073.9,1239.8,176.2,550.4,228.0,685.3,989.7,1053.6,914.8,888.5,469.5,1147.4,1127.9,1046.6,488.1,259.4,526.6,1365.7,615.9,686.8,406.8,578.4,874.3,484.7,444.9,522.2,643.0,898.8,1388.8,528.3,796.5,543.8,560.2,887.6,101.8,774.3,900.9,150.8,524.7,454.2,609.7,542.3,241.3,953.1,1334.5,856.0,814.5,1032.9,529.2,340.8,505.4,198.8,934.4,525.3,566.6,613.1,441.7,1334.5,892.9,1333.7,1106.0,1116.1,851.6,963.7,927.5,667.3,998.8,831.0,140.4,1003.3,509.6,1047.5,1215.1,1249.6,146.9,1246.0
8,1709.7,1149.0,540.0,1478.2,590.4,229.7,1506.7,699.9,0.0,1075.4,704.6,871.7,621.9,754.9,1214.5,822.7,755.5,889.8,946.6,365.7,925.9,883.4,1110.0,577.6,849.7,623.0,325.1,991.8,939.0,549.7,1146.6,824.2,888.9,1169.8,463.4,1018.3,188.6,912.5,468.7,1066.6,1077.5,1084.3,536.2,1122.7,880.6,770.5,856.0,1003.0,414.0,959.2,927.7,1041.1,1118.3,680.7,1495.0,1142.1,566.0,1348.7,1125.3,648.7,991.1,698.0,877.8,1497.1,630.4,1120.9,1050.3,964.5,1138.4,837.5,375.5,849.5,156.0,1053.1,332.9,1110.7,922.3,1101.6,703.0,1114.5,600.7,219.3,650.8,1037.9,849.5,1489.1,907.2,826.6,1015.6,955.1,1559.9,866.2,770.8,949.0,1427.1,736.6,303.4,1105.7,885.1,1214.3,948.8,743.1,567.4
9,1057.6,1209.7,670.1,497.5,809.3,960.2,532.6,479.2,1075.4,0.0,523.5,1314.4,510.2,418.8,787.1,1160.8,974.4,254.3,632.7,1441.1,1124.5,785.9,228.7,707.1,1283.6,1398.1,1400.5,1090.2,1256.0,551.6,165.9,352.7,690.4,769.4,1429.1,866.1,1264.0,372.7,1480.1,1144.1,997.9,216.1,634.9,142.0,1382.0,740.6,633.6,72.4,736.0,880.3,387.9,450.0,237.0,781.6,580.2,1340.1,666.9,511.3,286.1,684.9,838.9,477.2,780.2,615.8,526.2,118.7,562.3,614.8,255.7,366.0,1328.5,1350.8,1231.4,734.6,1408.3,288.6,208.3,99.4,574.2,816.2,663.9,930.8,751.7,549.9,1350.8,508.4,1350.0,1122.2,1132.3,857.6,612.4,974.1,678.7,1004.8,545.8,375.2,1378.8,103.6,1063.8,1166.4,1265.9,332.3,1381.5
10,1186.6,1432.4,734.6,928.9,873.8,527.5,951.2,398.8,704.6,523.5,0.0,1520.2,437.4,338.4,1116.6,1366.6,1038.9,469.9,440.6,1070.3,1330.3,996.6,558.2,183.6,1489.4,1306.2,1029.7,1296.0,1461.8,471.2,597.3,170.8,383.0,1098.8,1058.3,1131.5,893.1,686.2,1152.0,1350.0,1263.3,535.0,554.4,573.4,1563.9,264.5,903.4,451.1,773.7,1091.0,701.4,455.5,566.5,864.6,939.5,1605.5,749.8,840.8,615.6,161.5,1104.2,396.8,990.9,945.2,445.8,569.0,464.8,458.5,586.6,157.5,957.7,1532.7,860.6,1031.1,1037.5,618.1,435.6,549.7,493.8,1151.1,746.9,578.9,834.7,452.3,1532.7,939.8,1555.8,1328.1,1338.2,1068.3,1008.0,1149.6,884.0,1215.5,875.3,320.1,1007.9,553.8,1269.6,1431.8,1471.7,251.9,1250.6
11,2018.2,587.4,845.6,1457.7,646.4,1080.0,1492.9,1298.1,871.7,1314.4,1520.2,0.0,1155.8,1298.3,954.1,212.2,551.2,1096.0,1749.0,506.0,312.2,585.6,1221.4,1427.9,89.4,248.7,546.6,266.4,116.3,1200.1,1401.1,1349.4,1739.3,909.4,496.6,757.9,895.0,948.2,402.9,504.9,642.0,1436.2,1267.9,1356.6,120.4,1620.8,685.5,1242.0,822.8,523.8,933.0,1566.3,1229.7,822.4,1540.5,699.4,871.6,1088.3,1056.8,1499.1,699.5,1296.2,580.0,1348.1,1228.5,1359.9,1575.6,1731.1,1249.8,1362.7,597.2,89.2,862.4,792.7,538.7,1042.3,1145.0,1340.6,1301.1,854.1,852.3,1017.6,852.2,1563.2,89.2,1468.7,35.6,250.8,389.8,543.0,1410.9,461.1,641.1,513.6,1278.1,1218.3,568.3,1344.7,271.4,652.6,126.1,1286.5,304.3
12,1184.6,1068.0,370.2,913.5,509.3,506.7,949.1,142.4,621.9,510.2,437.4,1155.8,0.0,197.3,892.0,1002.2,674.5,303.0,666.2,987.7,965.9,637.5,544.8,621.0,1125.0,1223.6,947.1,931.5,1097.4,98.2,581.9,266.6,723.9,847.3,975.6,772.5,810.5,327.2,1069.3,985.5,904.2,519.6,181.4,558.0,1223.3,654.4,544.4,437.8,436.1,731.9,342.3,483.5,553.1,500.6,937.4,1246.5,385.9,823.6,538.4,598.8,745.2,140.4,631.9,928.0,72.8,555.7,492.7,648.3,573.3,279.9,875.1,1192.2,778.0,672.1,954.9,523.8,335.4,536.4,145.4,792.0,382.9,488.6,470.8,480.3,1192.2,924.4,1191.3,963.6,973.7,709.2,990.7,785.1,525.0,856.5,858.0,179.0,925.3,540.5,905.2,1072.7,1107.2,185.5,1168.0
13,1085.6,1210.5,512.7,821.6,651.9,639.7,850.1,158.8,754.9,418.8,338.4,1298.3,197.3,0.0,1011.9,1144.7,817.0,248.0,567.2,1120.6,1108.4,774.6,453.5,522.0,1267.5,1356.6,1080.1,1074.1,1239.9,231.2,490.1,167.6,624.9,984.4,1108.6,909.6,943.5,464.3,1202.3,1128.0,1041.4,427.8,314.4,466.2,1365.9,555.5,681.5,346.4,578.6,869.0,479.4,384.5,461.8,642.7,838.5,1383.6,527.9,736.1,483.4,499.9,882.3,156.8,769.0,840.6,205.8,464.3,393.8,549.3,481.9,180.9,1008.1,1334.7,911.0,809.2,1087.9,468.8,280.4,445.0,253.8,929.1,524.9,621.6,612.8,381.4,1334.7,832.5,1333.9,1106.2,1116.3,846.4,903.3,927.7,662.1,993.6,770.6,80.0,1058.3,449.2,1047.7,1209.8,1249.8,86.5,1301.0
14,1205.7,594.4,734.5,713.2,799.1,1099.3,915.3,1034.3,1214.5,787.1,1116.6,954.1,892.0,1011.9,0.0,800.5,703.9,808.1,1343.6,1222.8,764.2,511.0,678.4,1300.2,923.3,1037.8,1263.4,729.8,895.7,990.2,858.1,945.8,1401.3,146.2,1213.5,323.9,1403.0,588.3,1119.8,633.2,457.7,927.0,1070.3,813.6,1021.6,1333.7,433.3,714.7,800.4,430.3,573.1,1160.9,686.7,624.9,962.9,724.8,708.6,275.8,589.2,1278.0,355.3,1032.4,505.4,535.6,964.7,832.6,1172.0,1325.7,706.8,959.1,1314.1,990.5,1370.5,219.9,1255.6,591.7,801.4,813.3,1037.3,170.6,654.8,995.2,654.8,1159.5,990.5,702.3,989.6,761.9,772.0,539.2,598.4,613.8,443.6,539.8,465.6,949.1,1285.2,817.5,703.5,551.1,905.5,925.4,1021.2
15,1864.7,425.0,692.0,1304.2,492.9,968.0,1339.3,1144.5,822.7,1160.8,1366.6,212.2,1002.2,1144.7,800.5,0.0,397.6,942.4,1595.4,457.0,137.9,432.0,1067.9,1315.9,122.8,268.9,497.6,203.7,269.0,1046.5,1247.5,1195.8,1627.3,755.8,447.7,604.4,846.0,794.6,354.0,342.6,488.5,1282.7,1114.3,1203.0,221.2,1508.8,531.9,1088.4,669.2,370.2,779.5,1412.7,1076.2,668.8,1386.9,553.1,718.1,934.7,903.2,1387.1,546.0,1142.6,426.4,1194.5,1075.0,1206.4,1422.0,1577.5,1096.3,1209.2,548.2,190.0,813.5,639.1,489.8,888.7,991.4,1187.0,1147.6,700.6,698.7,864.0,698.7,1409.6,190.0,1315.1,247.8,38.6,227.5,389.4,1257.3,307.5,487.5,360.0,1124.6,1064.7,519.3,1191.2,97.0,490.3,278.8,1132.9,255.3
16,1749.3,463.4,364.3,1207.5,165.2,640.3,1242.7,816.8,755.5,974.4,1038.9,551.2,674.5,817.0,703.9,397.6,0.0,750.6,1267.7,819.9,361.3,335.4,971.2,988.2,520.4,634.9,860.5,326.9,492.8,718.8,1047.8,868.1,1299.5,659.2,810.6,507.7,944.1,698.0,716.9,380.9,391.8,985.5,786.6,1024.0,618.8,1181.1,435.3,902.1,341.5,273.6,682.8,1085.0,979.5,505.1,1290.2,749.6,390.3,838.1,806.6,1059.4,449.3,814.9,329.7,1097.9,747.3,1020.0,1094.3,1249.8,999.6,881.4,911.2,587.6,911.6,542.5,852.7,792.0,799.7,1000.6,819.8,603.9,425.0,536.3,475.2,1081.9,587.6,1218.5,586.7,359.0,369.1,292.8,1160.7,180.5,390.9,263.4,1027.9,737.0,882.3,1004.8,300.6,528.6,502.6,805.2,618.3
17,1170.2,1008.1,446.3,653.5,585.5,774.6,688.7,308.3,889.8,254.3,469.9,1096.0,303.0,248.0,808.1,942.4,750.6,0.0,698.7,1255.5,906.1,567.4,289.0,653.5,1065.1,1179.7,1214.9,871.7,1037.6,380.8,347.0,299.1,756.3,763.4,1243.5,702.3,1078.4,226.3,1261.7,925.7,834.1,370.8,464.0,323.1,1163.5,686.9,474.3,181.9,512.2,661.8,241.5,515.9,297.2,557.8,736.2,1176.4,443.1,537.0,251.8,631.3,675.1,306.4,561.8,641.4,355.3,299.8,525.2,680.8,317.4,312.4,1143.0,1132.4,1045.8,588.2,1222.8,237.3,79.5,280.5,403.4,708.1,440.1,707.0,527.9,512.8,1132.4,664.5,1131.5,903.8,913.9,639.1,704.2,755.7,454.9,786.4,571.4,167.9,1193.2,284.6,845.4,1002.6,1047.4,236.1,1163.1
18,763.1,1661.2,963.4,748.3,1102.6,769.6,590.7,627.6,946.6,632.7,440.6,1749.0,666.2,567.2,1343.6,1595.4,1267.7,698.7,0.0,1312.3,1559.1,1225.3,672.1,624.3,1718.2,1548.3,1271.7,1524.8,1690.6,700.0,553.9,467.4,57.7,1325.9,1300.3,1360.3,1135.2,915.0,1394.0,1578.8,1492.1,491.6,783.2,530.0,1805.9,176.1,1132.2,631.9,1015.7,1319.7,930.1,182.7,663.8,1093.4,579.1,1834.3,978.6,1067.8,842.6,602.1,1333.0,625.6,1219.7,925.9,674.6,607.8,393.3,17.9,643.7,480.7,1199.7,1774.7,1102.6,1259.9,1279.5,845.1,664.4,533.3,722.6,1379.9,975.7,821.0,1063.5,380.9,1774.7,759.2,1784.6,1556.9,1567.0,1297.1,863.1,1378.4,1112.8,1444.3,995.9,548.8,1250.0,592.7,1498.4,1660.6,1700.5,480.7,1492.6
19,2075.4,847.4,905.7,1726.5,915.2,595.4,1761.6,1065.7,365.7,1441.1,1070.3,506.0,987.7,1120.6,1222.8,457.0,819.9,1255.5,1312.3,0.0,560.2,854.4,1475.8,943.3,484.0,257.3,40.6,626.1,573.3,915.5,1512.3,1189.9,1254.6,1178.2,97.7,1026.7,389.0,1217.0,103.0,764.9,910.8,1450.0,901.9,1488.4,514.9,1136.2,954.2,1368.7,779.7,792.5,1201.8,1406.8,1484.0,1046.4,1809.2,776.4,931.7,1357.1,1325.6,1014.4,968.3,1063.7,848.7,1616.9,996.1,1486.6,1416.1,1330.2,1504.2,1203.2,198.3,483.7,356.5,1061.4,32.8,1311.0,1288.0,1467.3,1068.7,1122.9,966.4,585.0,1016.5,1403.6,483.7,1737.4,541.5,460.9,649.8,811.8,1679.7,729.9,909.9,782.4,1546.9,1102.3,62.3,1471.4,519.4,912.6,583.1,1108.8,201.6
20,1828.4,388.7,655.7,1267.9,456.6,931.8,1303.0,1108.3,925.9,1124.5,1330.3,312.2,965.9,1108.4,764.2,137.9,361.3,906.1,1559.1,560.2,0.0,395.7,1031.6,1279.6,260.6,375.2,600.8,167.4,253.9,1010.2,1211.2,1159.5,1591.0,719.5,550.9,568.1,949.2,758.3,457.2,306.3,452.2,1246.4,1078.0,1166.8,359.0,1472.5,495.6,1052.1,632.9,333.9,743.2,1376.4,1039.9,632.5,1350.6,656.3,681.8,898.4,866.9,1350.8,509.7,1106.3,390.1,1158.3,1038.7,1170.1,1385.7,1541.3,1060.0,1172.9,651.5,327.8,916.7,602.8,593.0,852.4,955.1,1150.7,1111.3,664.3,662.4,827.7,662.4,1373.3,327.8,1278.8,347.8,99.3,191.2,353.1,1221.0,271.2,451.2,323.7,1088.3,1028.4,622.5,1154.9,60.7,454.0,263.7,1096.6,358.6
21,1521.2,497.8,403.5,929.2,430.6,768.2,964.3,779.9,883.4,785.9,996.6,585.6,637.5,774.6,511.0,432.0,335.4,567.4,1225.3,854.4,395.7,0.0,692.9,1116.1,554.8,669.3,894.9,361.3,527.2,735.7,872.6,825.8,1283.0,466.3,845.0,314.9,1072.0,419.7,751.3,415.3,360.0,907.7,815.5,828.1,653.2,1213.6,156.9,713.5,469.4,151.4,404.5,1042.6,701.2,293.8,1011.9,758.4,377.6,645.2,528.3,1158.0,287.6,777.9,5.6,869.5,710.3,831.4,1051.9,1207.5,721.3,839.1,945.6,622.0,1039.4,349.6,887.1,513.7,616.5,812.1,782.9,411.1,323.7,664.1,323.7,1039.5,622.0,940.1,621.1,393.4,403.5,128.8,932.2,245.3,112.6,276.0,799.5,694.6,916.7,816.2,335.0,563.0,537.0,762.8,652.7
22,970.5,1116.7,704.8,378.5,844.0,994.8,413.7,513.9,1110.0,228.7,558.2,1221.4,544.8,453.5,678.4,1067.9,971.2,289.0,672.1,1475.8,1031.6,692.9,0.0,741.8,1190.6,1305.2,1435.2,997.2,1163.1,586.3,186.6,387.4,729.8,660.7,1463.7,773.2,1298.6,407.4,1387.2,1051.2,904.9,255.5,669.5,142.1,1289.0,775.2,540.6,156.3,770.7,787.3,408.9,489.4,8.3,783.1,461.2,1247.2,701.6,402.6,177.5,719.6,745.9,511.9,687.3,507.1,560.9,259.3,601.7,654.2,28.4,400.7,1363.2,1257.8,1266.1,626.9,1443.0,179.9,243.0,184.7,608.9,707.5,698.6,965.5,786.4,589.3,1257.8,389.5,1257.0,1029.3,1039.4,764.6,493.4,881.2,625.5,911.9,437.1,409.8,1413.4,244.1,970.8,1073.4,1172.9,366.9,1288.6
23,1370.3,1381.7,772.6,1112.5,823.1,400.5,1134.8,582.4,577.6,707.1,183.6,1427.9,621.0,522.0,1300.2,1315.9,988.2,653.5,624.3,943.3,1279.6,1116.1,741.8,0.0,1405.9,1179.3,902.7,1245.2,1411.1,654.9,781.0,354.4,566.6,1282.5,931.3,1251.0,766.1,869.8,1025.0,1299.2,1310.1,718.7,738.1,757.1,1436.9,448.2,1087.1,634.8,646.7,1191.9,885.0,639.1,750.1,913.4,1123.1,1668.0,798.6,1024.4,799.3,127.8,1223.7,580.5,1110.4,1128.9,629.4,752.7,648.4,642.2,770.2,341.1,830.7,1405.7,733.6,1214.8,910.5,801.8,619.3,733.3,677.5,1334.7,833.3,451.9,883.5,636.0,1405.7,1123.5,1463.5,1277.3,1287.4,1187.8,1191.6,1098.8,1003.5,1181.7,1058.9,503.7,881.0,737.5,1218.9,1446.9,1420.9,435.5,1123.6
24,1987.4,547.8,814.8,1426.9,615.6,1058.0,1462.0,1267.3,849.7,1283.6,1489.4,89.4,1125.0,1267.5,923.3,122.8,520.4,1065.1,1718.2,484.0,260.6,554.8,1190.6,1405.9,0.0,226.6,524.5,306.9,156.7,1169.3,1370.3,1318.6,1717.2,878.6,474.6,727.1,873.0,917.4,380.9,465.3,611.2,1405.4,1237.1,1325.8,98.4,1598.8,654.7,1211.2,792.0,493.0,902.2,1535.5,1198.9,791.5,1509.6,609.9,840.8,1057.5,1026.0,1477.1,668.7,1265.3,549.1,1317.3,1197.7,1329.1,1544.8,1700.3,1219.0,1331.9,575.2,67.2,840.4,761.9,516.7,1011.4,1114.2,1309.8,1270.3,823.3,821.4,986.7,821.4,1532.4,67.2,1437.9,125.0,161.3,350.2,512.2,1380.1,430.3,610.3,482.8,1247.3,1187.5,546.3,1313.9,219.8,613.0,166.6,1255.7,282.3
25,2102.0,662.3,929.3,1541.5,730.2,831.4,1576.6,1301.6,623.0,1398.1,1306.2,248.7,1223.6,1356.6,1037.8,268.9,634.9,1179.7,1548.3,257.3,375.2,669.3,1305.2,1179.3,226.6,0.0,297.9,441.0,316.0,1151.4,1484.8,1425.9,1490.6,993.1,248.0,841.7,646.3,1031.9,154.3,579.9,725.8,1520.0,1137.9,1440.3,257.6,1372.2,769.2,1325.7,906.5,607.5,1016.8,1642.7,1313.5,906.1,1624.2,591.3,955.4,1172.0,1140.5,1250.4,783.3,1299.7,663.7,1431.8,1232.0,1443.7,1652.0,1566.2,1333.6,1439.2,348.5,226.4,613.8,876.4,290.1,1126.0,1228.7,1424.3,1304.6,937.9,936.0,820.9,936.0,1639.6,226.4,1552.4,284.2,275.9,464.8,626.7,1494.6,544.8,724.8,597.3,1361.9,1302.0,319.6,1428.5,334.3,727.6,325.8,1344.8,55.7
26,2034.9,887.9,865.1,1767.1,915.5,554.8,1802.2,1025.1,325.1,1400.5,1029.7,546.6,947.1,1080.1,1263.4,497.6,860.5,1214.9,1271.7,40.6,600.8,894.9,1435.2,902.7,524.5,297.9,0.0,666.7,613.9,874.9,1471.7,1149.3,1214.0,1218.8,138.3,1067.3,348.4,1237.6,143.6,805.5,951.4,1409.4,861.4,1447.9,555.5,1095.6,994.8,1328.1,739.1,833.1,1242.4,1366.2,1443.5,1005.8,1820.1,817.0,891.1,1397.7,1366.2,973.8,1008.9,1023.1,889.3,1657.5,955.5,1446.0,1375.5,1289.6,1463.6,1162.6,238.9,524.3,315.9,1102.0,7.8,1351.6,1247.4,1426.7,1028.1,1163.5,925.8,544.4,975.9,1363.0,524.3,1778.0,582.1,501.5,690.4,852.4,1720.2,770.5,950.4,823.0,1587.5,1061.7,21.7,1430.9,560.0,953.2,623.7,1068.2,242.2
27,1794.0,372.8,621.4,1233.5,422.2,897.4,1268.6,1073.9,991.8,1090.2,1296.0,266.4,931.5,1074.1,729.8,203.7,326.9,871.7,1524.8,626.1,167.4,361.3,997.2,1245.2,306.9,441.0,666.7,0.0,208.0,975.8,1176.9,1125.2,1556.6,685.1,616.8,533.7,1015.1,724.0,523.0,290.3,417.8,1212.0,1043.6,1132.4,337.8,1438.2,461.2,1017.8,598.6,299.5,708.8,1342.1,1005.5,598.1,1316.2,671.6,647.4,864.0,832.6,1316.4,475.3,1071.9,355.7,1123.9,1004.3,1135.7,1351.3,1506.9,1025.6,1138.5,717.3,306.6,982.5,568.4,658.9,818.0,920.7,1116.4,1076.9,629.9,628.0,793.3,628.0,1338.9,306.6,1244.4,302.0,165.2,175.3,318.8,1186.6,236.8,416.8,289.3,1053.9,994.0,688.4,1120.5,106.7,438.0,217.9,1062.2,424.4
28,1959.9,529.0,787.2,1399.4,588.1,1063.3,1434.5,1239.8,939.0,1256.0,1461.8,116.3,1097.4,1239.9,895.7,269.0,492.8,1037.6,1690.6,573.3,253.9,527.2,1163.1,1411.1,156.7,316.0,613.9,208.0,0.0,1141.7,1342.7,1291.0,1722.5,851.0,564.0,699.6,962.3,889.8,470.2,446.5,583.7,1377.9,1209.5,1298.3,187.7,1604.0,627.1,1183.6,764.4,465.4,874.7,1507.9,1171.4,764.0,1482.1,766.7,813.3,1029.9,998.4,1482.3,641.2,1237.8,521.6,1289.8,1170.2,1301.6,1517.2,1672.8,1191.5,1304.4,664.5,156.5,929.7,734.3,606.0,983.9,1086.6,1282.2,1242.8,795.8,793.9,959.2,793.9,1504.8,156.5,1410.3,151.9,230.4,331.5,484.6,1352.5,402.7,582.7,455.2,1219.8,1159.9,635.6,1286.4,213.0,594.3,9.8,1228.1,371.6
29,1218.4,1112.3,414.5,954.4,553.6,434.5,982.9,176.2,549.7,551.6,471.2,1200.1,98.2,231.2,990.2,1046.5,718.8,380.8,700.0,915.5,1010.2,735.7,586.3,654.9,1169.3,1151.4,874.9,975.8,1141.7,0.0,622.9,300.4,757.7,945.5,903.4,870.7,738.3,425.4,997.1,1029.8,1002.5,560.6,109.2,599.0,1267.6,688.3,642.6,479.3,480.4,830.1,440.5,517.3,594.6,544.9,971.3,1344.7,430.2,869.0,616.2,632.7,843.4,174.3,730.1,973.4,106.6,597.2,526.6,682.1,614.7,313.8,802.9,1236.5,705.8,770.3,882.7,601.7,413.2,577.9,179.2,890.2,427.2,416.4,515.1,514.2,1236.5,965.4,1235.6,1007.9,1018.0,807.5,1036.1,829.4,623.2,912.3,903.4,212.9,853.1,582.0,949.5,1170.9,1151.5,219.4,1095.8
30,978.8,1296.4,743.5,400.0,882.7,1031.4,435.1,550.4,1146.6,165.9,594.7,1401.1,581.9,490.1,858.1,1247.5,1047.8,347.0,553.9,1512.3,1211.2,872.6,186.6,778.4,1370.3,1484.8,1471.7,1176.9,1342.7,622.9,0.0,423.9,611.6,840.3,1500.3,952.8,1335.2,465.4,1566.9,1230.9,1084.6,137.3,706.1,44.5,1468.7,730.0,720.3,165.1,809.4,967.0,480.6,371.2,178.3,874.4,482.7,1426.8,759.6,582.3,357.1,756.2,925.6,548.5,867.0,577.6,597.4,141.1,483.5,536.0,158.2,437.3,1399.8,1437.5,1302.6,806.6,1479.6,359.6,301.0,66.5,645.5,887.2,756.6,1004.2,844.5,471.1,1437.5,410.9,1436.7,1209.0,1219.1,944.3,514.8,1060.8,771.4,1091.5,616.8,446.9,1450.0,125.9,1150.5,1253.1,1352.6,403.5,1468.2
31,1015.8,1261.6,563.8,758.1,703.0,698.3,780.4,228.0,824.2,352.7,170.8,1349.4,266.6,167.6,945.8,1195.8,868.1,299.1,467.4,1189.9,1159.5,825.8,387.4,354.4,1318.6,1425.9,1149.3,1125.2,1291.0,300.4,426.5,0.0,506.3,928.0,1177.9,960.7,1012.7,515.4,1271.6,1179.2,1092.5,364.2,383.6,402.6,1417.0,387.9,732.6,280.3,629.7,920.2,530.6,284.7,395.7,693.8,768.7,1434.7,579.0,670.0,444.8,332.2,933.4,226.0,820.1,774.4,275.0,398.2,294.0,449.5,415.8,13.3,1077.3,1385.8,980.2,860.4,1157.1,447.3,264.8,378.9,323.0,980.3,576.1,690.8,663.9,281.6,1385.8,769.0,1385.0,1157.3,1167.4,897.5,837.2,978.8,713.2,1044.7,704.5,149.3,1127.6,383.1,1098.8,1261.0,1300.9,81.1,1370.2
32,820.8,1693.0,1021.1,805.9,1134.4,711.9,648.4,685.3,888.9,690.4,383.0,1739.3,723.9,624.9,1401.3,1627.3,1299.5,756.3,57.7,1254.6,1591.0,1283.0,729.8,566.6,1717.2,1490.6,1214.0,1556.6,1722.5,757.7,611.6,506.3,0.0,1383.5,1242.6,1418.0,1077.5,972.7,1336.3,1610.6,1549.7,549.3,840.9,587.7,1748.2,118.4,1189.9,689.6,958.0,1377.4,987.8,240.4,721.5,1151.0,636.8,1892.0,1036.3,1125.5,900.3,544.4,1390.7,683.3,1277.4,983.6,732.3,665.5,451.0,75.6,701.4,493.0,1142.0,1717.0,1044.9,1317.6,1221.8,902.8,722.1,591.0,780.3,1437.5,1033.3,763.3,1121.2,438.6,1717.0,816.9,1774.8,1588.7,1598.8,1354.7,920.8,1410.2,1170.5,1493.0,1053.6,606.5,1192.3,650.3,1530.2,1718.2,1732.3,538.3,1434.9
33,1188.0,681.5,689.9,695.5,754.5,1054.6,897.6,989.7,1169.8,769.4,1098.8,909.4,847.3,984.4,146.2,755.8,659.2,763.4,1325.9,1178.2,719.5,466.3,660.7,1282.5,878.6,993.1,1218.8,685.1,851.0,945.5,840.3,928.0,1383.5,0.0,1168.9,324.2,1358.4,543.6,1075.1,720.2,469.7,909.3,1025.6,795.8,977.0,1315.9,388.6,697.0,755.8,385.6,528.5,1143.1,669.0,580.2,945.2,811.9,664.0,258.0,571.5,1260.3,310.6,987.7,460.7,517.9,920.1,814.9,1154.2,1308.0,689.1,941.4,1269.4,945.8,1325.8,175.2,1210.9,574.0,783.6,795.6,992.7,126.0,610.1,950.5,610.1,1141.8,945.8,684.6,945.0,717.2,727.3,494.5,580.6,569.1,398.9,525.1,447.9,904.4,1240.5,799.7,658.8,638.2,860.8,907.6,976.5
34,2063.4,838.0,893.6,1717.2,905.9,583.4,1752.3,1053.6,463.4,1429.1,1058.3,496.6,975.6,1108.6,1213.5,447.7,810.6,1243.5,1300.3,97.7,550.9,845.0,1463.7,931.3,474.6,248.0,138.3,616.8,564.0,903.4,1500.3,1177.9,1242.6,1168.9,0.0,1017.4,486.7,1207.7,93.7,755.6,901.5,1438.0,889.9,1476.4,505.6,1124.2,944.9,1356.7,767.7,783.2,1192.5,1394.7,1472.0,1034.4,1799.9,767.1,919.7,1347.8,1316.3,1002.4,959.0,1051.7,839.4,1607.6,984.1,1474.6,1404.0,1318.2,1492.1,1191.2,100.6,474.4,454.2,1052.1,130.5,1301.7,1276.0,1455.3,1056.6,1113.6,954.4,573.0,1004.5,1391.6,474.4,1728.1,532.2,451.6,640.5,802.5,1670.3,720.5,900.5,773.0,1537.6,1090.3,160.0,1459.4,510.1,903.3,573.8,1096.8,192.3
35,1433.1,421.6,538.4,940.6,603.0,903.1,1044.6,914.8,1018.3,866.1,1131.5,757.9,772.5,909.6,323.9,604.4,507.7,702.3,1360.3,1026.7,568.1,314.9,773.2,1251.0,727.1,841.7,1067.3,533.7,699.6,870.7,952.8,960.7,1418.0,324.2,1017.4,0.0,1206.9,499.9,923.7,460.3,209.8,1009.0,950.4,908.3,825.5,1348.5,237.2,793.7,604.3,234.2,484.8,1177.6,781.4,428.8,1092.2,552.0,512.5,503.1,608.5,1292.9,92.9,912.9,309.2,763.0,845.2,911.6,1186.9,1342.4,801.6,974.0,1118.0,794.3,1174.3,207.5,1059.5,594.0,751.4,892.3,917.8,269.0,458.7,799.1,458.6,1174.4,794.3,929.7,793.5,565.8,575.9,343.1,825.7,417.7,247.5,315.5,693.0,829.5,1089.0,896.5,507.3,378.3,709.4,897.7,825.1
36,1898.3,1236.4,728.5,1666.8,779.0,418.3,1695.3,888.5,188.6,1264.0,893.1,895.0,810.5,943.5,1403.0,846.0,944.1,1078.4,1135.2,389.0,949.2,1072.0,1298.6,766.1,873.0,646.3,348.4,1015.1,962.3,738.3,1335.2,1012.7,1077.5,1358.4,486.7,1206.9,0.0,1101.1,492.1,1154.0,1266.0,1272.9,724.8,1311.3,904.0,959.1,1044.6,1191.6,602.6,1147.8,1116.3,1229.6,1306.9,869.3,1683.6,1165.4,754.5,1537.3,1313.8,837.3,1179.7,886.6,1066.4,1685.7,818.9,1309.5,1238.9,1153.1,1327.0,1026.1,564.0,872.8,32.6,1241.6,356.3,1299.3,1110.8,1290.2,891.5,1303.1,789.2,407.8,839.4,1226.5,872.8,1677.7,930.6,850.0,1038.9,1143.7,1748.5,1054.8,959.4,1137.6,1615.7,925.2,326.7,1294.3,908.4,1301.7,972.1,931.7,590.7
37,1252.4,843.5,445.2,660.4,584.4,797.3,695.5,469.5,912.5,372.8,686.2,948.2,327.2,464.3,588.3,794.6,698.0,226.4,915.0,1217.0,758.3,419.7,407.5,869.8,917.4,1031.9,1237.6,724.0,889.8,425.4,465.6,515.4,972.7,543.6,1207.7,499.9,1101.1,0.0,1114.0,778.0,631.7,515.7,508.6,441.7,1015.8,903.2,267.4,300.4,511.1,514.1,15.2,732.3,415.8,508.4,743.1,973.9,442.0,534.3,258.7,847.6,472.7,467.5,414.1,638.8,399.9,418.4,741.6,897.1,435.9,528.7,1165.6,984.6,1068.5,368.5,1245.4,244.2,299.0,399.0,472.5,488.4,439.0,705.9,526.8,729.1,984.6,671.3,983.8,756.1,766.2,491.4,701.5,607.9,352.3,638.6,568.8,384.2,1215.9,403.2,697.6,800.2,899.7,452.4,1015.3
38,2157.1,744.3,987.4,1623.5,812.2,677.1,1658.6,1147.4,468.7,1480.1,1152.0,402.9,1069.3,1202.3,1119.8,354.0,716.9,1261.7,1394.0,103.0,457.2,751.3,1387.2,1025.0,380.9,154.3,143.6,523.0,470.2,997.1,1566.9,1271.6,1336.3,1075.1,93.7,923.7,492.1,1114.0,0.0,661.9,807.8,1531.7,983.6,1522.4,411.9,1217.9,851.2,1407.8,861.4,689.5,1098.8,1488.5,1395.5,988.1,1706.2,673.4,1013.4,1254.0,1222.6,1096.1,865.3,1145.4,745.7,1513.9,1077.8,1525.7,1497.7,1411.9,1415.6,1284.9,194.3,380.7,459.5,958.4,135.8,1208.0,1310.7,1506.4,1150.4,1019.9,1018.0,666.7,1018.0,1485.3,380.7,1634.4,438.5,357.9,546.8,708.8,1576.6,626.8,806.8,679.3,1443.9,1184.0,165.4,1510.5,416.3,809.6,480.1,1190.5,98.6
39,1829.1,108.9,675.4,1287.5,476.2,951.4,1322.6,1127.9,1066.6,1144.1,1350.0,504.9,985.5,1128.0,633.2,342.6,380.9,925.7,1578.8,764.9,306.3,415.3,1051.2,1299.2,465.3,579.9,805.5,290.3,446.5,1029.8,1230.9,1179.2,1610.6,720.2,755.6,460.3,1154.0,778.0,661.9,0.0,312.6,1266.0,1097.6,1186.4,563.7,1492.2,515.2,1071.8,652.5,353.5,762.8,1396.0,1059.5,652.1,1370.2,407.7,701.4,899.1,886.6,1370.4,409.6,1125.9,409.7,1159.0,1058.3,1189.7,1405.3,1560.9,1079.6,1192.5,856.2,532.6,1121.4,603.5,797.7,872.0,974.7,1170.4,1130.9,665.0,682.0,847.3,682.0,1392.9,532.6,1298.4,540.5,304.0,196.8,372.8,1221.7,290.8,470.8,343.3,1089.0,1048.0,827.2,1174.5,245.5,174.2,456.4,1116.2,563.3
40,1578.5,273.8,670.2,1086.0,487.1,962.3,1176.4,1046.6,1077.5,997.9,1263.3,642.0,904.2,1041.4,457.7,488.5,391.8,834.1,1492.1,910.8,452.2,360.0,904.9,1310.1,611.2,725.8,951.4,417.8,583.7,1002.5,1084.6,1092.5,1549.7,469.7,901.5,209.8,1266.0,631.7,807.8,312.6,0.0,1140.8,1082.2,1040.1,709.6,1480.3,369.0,925.5,663.5,208.5,616.5,1309.4,913.2,560.5,1224.0,404.2,644.3,648.6,740.3,1381.3,159.0,1044.6,354.3,908.4,977.0,1043.4,1318.6,1474.2,933.3,1105.8,1002.0,678.4,1233.5,352.9,943.6,725.8,883.2,1024.1,1049.6,414.4,590.4,858.2,590.4,1306.2,678.4,1075.1,677.6,449.9,460.0,317.4,971.1,301.7,379.3,128.4,838.4,961.3,973.1,1028.2,391.4,230.5,593.5,1029.5,709.2
41,916.5,1348.4,681.2,468.9,820.4,969.1,504.0,488.1,1084.3,216.1,532.4,1436.2,519.6,427.8,927.0,1282.7,985.5,370.8,491.6,1450.0,1246.4,907.7,255.5,716.1,1405.4,1520.0,1409.4,1212.0,1377.9,560.6,137.3,361.6,549.3,909.3,1438.0,1009.0,1272.9,515.6,1531.7,1266.0,1140.8,0.0,643.8,113.4,1503.8,667.7,776.5,215.3,747.1,1002.1,530.8,308.9,247.3,811.2,551.6,1483.0,696.5,651.3,426.1,693.9,981.8,486.2,902.1,646.5,535.1,191.3,421.2,473.7,227.1,375.0,1337.5,1472.6,1240.3,875.5,1417.3,428.6,324.8,116.7,583.2,956.1,693.5,941.9,781.3,408.8,1472.6,479.8,1471.8,1244.1,1254.2,979.4,583.8,1095.9,795.1,1126.7,685.7,384.6,1387.7,176.1,1185.6,1309.3,1387.7,341.2,1503.4
42,1301.6,1180.1,482.3,1037.7,621.5,421.0,1066.1,259.4,536.2,634.9,554.4,1267.9,181.4,314.4,1070.3,1114.3,786.6,464.0,783.2,901.9,1078.0,815.5,669.5,738.1,1237.1,1137.9,861.4,1043.6,1209.5,109.2,706.1,383.6,840.9,1025.6,889.9,950.4,724.8,508.6,983.6,1097.6,1082.2,643.8,0.0,682.2,1335.5,771.5,722.7,562.5,548.2,909.9,523.7,600.5,677.8,612.8,1054.5,1424.4,498.0,952.2,699.4,715.9,923.2,257.5,809.8,1056.6,189.8,680.4,609.8,765.3,697.9,397.0,789.4,1304.3,692.2,850.4,869.2,684.9,496.4,661.1,262.4,970.3,495.1,402.9,582.9,597.4,1304.3,1048.6,1303.5,1075.7,1085.8,887.2,1119.4,897.3,702.9,980.1,986.6,296.1,839.6,665.2,1017.3,1245.4,1219.4,302.6,1082.2
43,947.5,1251.9,719.7,355.5,858.8,1007.5,390.6,526.6,1122.7,142.0,570.8,1356.6,558.0,466.2,813.6,1203.0,1024.0,323.1,530.0,1488.4,1166.8,828.1,142.1,754.5,1325.8,1440.3,1447.9,1132.4,1298.3,599.0,44.5,400.0,587.7,795.8,1476.4,908.3,1311.3,441.6,1522.4,1186.4,1040.1,113.4,682.2,0.0,1424.2,706.1,675.8,141.2,785.5,922.5,456.7,347.3,133.8,850.5,438.2,1382.3,735.7,537.8,312.6,732.3,881.1,524.6,822.5,533.1,573.6,117.2,459.6,512.1,113.7,413.4,1375.9,1393.0,1278.7,762.1,1455.7,315.1,277.1,42.6,621.6,842.7,732.8,980.3,820.6,447.2,1393.0,366.4,1392.2,1164.5,1174.6,899.8,470.3,1016.3,747.5,1047.1,572.3,423.0,1426.1,102.0,1106.0,1208.6,1308.1,379.6,1423.8
44,2085.8,646.2,913.2,1525.3,714.0,1089.0,1560.4,1365.7,880.6,1382.0,1563.9,120.4,1223.3,1365.9,1021.6,221.2,618.8,1163.5,1805.9,514.9,359.0,653.2,1289.0,1436.9,98.4,257.6,555.5,337.8,187.7,1267.6,1468.7,1417.0,1748.2,977.0,505.6,825.5,904.0,1015.8,411.9,563.7,709.6,1503.8,1335.5,1424.2,0.0,1629.8,753.1,1309.6,890.4,591.4,1000.6,1633.9,1297.3,889.9,1608.0,708.3,939.2,1155.9,1124.4,1508.0,767.1,1363.7,647.5,1415.7,1296.1,1427.5,1643.2,1798.7,1317.4,1430.3,606.2,31.2,871.4,860.2,547.7,1109.8,1212.6,1408.2,1368.7,921.7,919.8,1078.6,919.8,1630.8,31.2,1536.2,156.0,259.7,448.6,610.6,1478.5,528.7,708.7,581.2,1345.7,1285.9,577.2,1412.3,318.2,711.4,197.5,1354.0,313.3
45,939.2,1574.6,951.7,924.4,1016.0,593.5,766.8,615.9,770.5,740.6,264.5,1620.8,654.4,555.5,1333.7,1508.8,1181.1,686.9,176.1,1136.2,1472.5,1213.6,775.2,448.2,1598.8,1372.2,1095.6,1438.2,1604.0,688.3,730.0,387.9,118.4,1315.9,1124.2,1348.5,959.1,903.2,1217.9,1492.2,1480.3,667.7,771.5,706.1,1629.8,0.0,1120.5,668.2,839.6,1308.0,918.4,358.8,783.5,1081.6,755.2,1822.6,966.9,1057.9,832.7,426.0,1321.3,613.9,1208.0,1102.0,662.9,784.0,569.4,194.0,803.6,374.6,1023.6,1598.6,926.5,1248.2,1103.4,835.2,652.7,709.4,710.9,1368.1,963.9,644.8,1051.8,557.0,1598.6,935.3,1656.4,1470.3,1480.4,1285.3,1039.2,1291.8,1101.1,1374.6,1092.3,537.1,1073.9,768.8,1411.8,1639.9,1613.9,468.9,1316.5
46,1368.9,580.8,376.1,776.9,515.3,740.8,812.0,686.8,856.0,633.6,903.4,685.5,544.4,681.5,433.3,531.9,435.3,474.3,1132.2,954.2,495.6,156.9,540.6,1087.1,654.7,769.2,994.8,461.2,627.1,642.6,720.3,732.6,1189.9,388.6,944.9,237.2,1044.6,267.4,851.2,515.2,369.0,776.5,722.7,675.8,753.1,1120.5,0.0,561.2,442.0,251.3,252.2,949.5,548.9,266.5,859.6,711.2,350.2,567.5,376.0,1064.9,209.9,684.8,151.3,717.2,617.2,679.1,958.8,1114.3,569.0,745.9,1045.5,721.9,1012.0,250.4,987.0,361.4,523.3,659.8,689.8,333.4,265.8,636.8,296.3,946.4,721.9,787.9,721.0,493.3,503.4,228.7,780.0,345.2,89.6,375.9,647.2,601.5,1016.6,663.9,434.9,537.5,636.9,669.7,752.6
47,1056.8,1137.3,597.8,496.7,736.9,887.8,531.8,406.8,1003.0,72.4,451.1,1242.0,437.8,346.4,714.7,1088.4,902.1,181.9,631.9,1368.7,1052.1,713.5,156.3,634.8,1211.2,1325.7,1328.1,1017.8,1183.6,479.3,165.1,280.3,689.6,697.0,1356.7,793.7,1191.6,300.3,1407.8,1071.8,925.5,215.3,562.5,141.2,1309.6,668.2,561.2,0.0,663.7,807.9,315.5,449.2,164.6,709.2,579.4,1267.7,594.5,438.9,213.8,612.6,766.5,404.9,707.9,543.4,453.8,117.9,506.5,614.0,184.7,293.6,1256.1,1278.4,1159.0,662.3,1335.9,216.3,135.9,98.6,501.8,743.8,591.5,858.4,679.4,494.1,1278.4,507.6,1277.6,1049.9,1060.0,785.2,606.1,901.7,606.3,932.4,473.4,302.8,1306.4,102.7,991.4,1094.0,1193.5,259.9,1309.1
48,1510.9,735.0,125.9,1141.0,176.4,298.8,1176.1,578.4,414.0,736.0,773.7,822.8,436.1,578.6,800.4,669.2,341.5,512.2,1015.7,779.7,632.9,469.4,770.7,646.7,792.0,906.5,739.1,598.6,764.4,480.4,809.4,629.7,958.0,755.8,767.7,604.3,602.6,511.1,861.4,652.5,663.5,747.1,548.2,785.5,890.4,839.6,442.0,663.7,0.0,545.2,526.3,846.6,779.0,266.7,1223.7,1021.3,151.9,934.7,764.1,717.8,577.1,576.5,463.8,1149.9,508.9,781.6,855.9,1011.4,799.1,643.0,667.2,859.2,570.0,639.0,747.0,749.5,561.3,762.2,581.4,700.5,186.6,194.8,236.8,843.5,859.2,1151.9,858.4,630.7,640.8,541.1,1212.7,452.2,356.8,535.0,1079.9,498.6,717.4,766.4,572.2,800.3,774.3,566.8,889.9
49,1494.5,436.0,497.9,1002.0,368.8,844.0,1058.7,874.3,959.2,880.3,1091.0,523.8,731.9,869.0,430.3,370.2,273.6,661.8,1319.7,792.5,333.9,151.4,787.3,1191.9,493.0,607.5,833.1,299.5,465.4,830.1,967.0,920.2,1377.4,385.6,783.2,234.2,1147.8,514.1,689.5,353.5,208.5,1002.1,909.9,922.5,591.4,1308.0,251.3,807.9,545.2,0.0,498.9,1137.0,795.6,388.2,1106.3,606.9,472.0,564.5,622.7,1252.4,175.8,872.3,145.8,824.3,804.7,925.8,1146.3,1301.9,815.7,933.5,883.8,560.2,1115.2,268.9,825.3,608.1,710.9,906.5,877.3,330.4,418.1,740.0,418.1,1133.9,560.2,991.1,559.3,331.6,341.7,108.9,887.1,183.5,207.0,170.1,754.4,789.0,854.9,910.6,273.2,433.2,475.2,857.2,590.9
50,1237.3,828.3,460.4,645.3,599.5,812.5,680.4,484.7,927.7,388.0,701.4,933.0,342.3,479.4,573.1,779.5,682.8,241.6,930.1,1201.8,743.2,404.5,408.9,885.0,902.2,1016.8,1242.4,708.8,874.7,440.5,480.7,530.6,987.8,528.5,1192.5,484.8,1116.3,15.2,1098.8,762.8,616.5,530.9,523.7,456.8,1000.6,918.4,252.2,315.6,526.3,498.9,0.0,747.4,417.2,493.4,728.0,958.8,457.2,519.2,243.5,862.8,457.5,482.7,398.9,623.6,415.1,433.5,756.7,912.3,437.4,543.9,1180.8,969.5,1083.7,353.3,1234.6,229.0,314.1,414.2,487.7,473.2,454.2,721.1,523.3,744.3,969.5,656.2,968.6,740.9,751.0,476.2,686.4,592.8,337.1,623.5,553.6,399.4,1231.1,418.3,682.4,785.0,884.5,467.6,1000.2
51,746.3,1478.5,780.7,702.8,919.9,925.9,573.9,444.9,1041.1,450.0,455.5,1566.3,483.5,384.5,1160.9,1412.7,1085.0,515.9,182.7,1406.8,1376.4,1042.6,489.4,639.1,1535.5,1642.7,1366.2,1342.1,1507.9,517.3,371.2,284.7,240.4,1143.1,1394.7,1177.6,1229.6,732.3,1488.5,1396.0,1309.4,308.9,600.5,347.3,1633.9,358.8,949.5,449.2,846.6,1137.0,747.4,0.0,481.1,910.7,562.2,1651.6,795.9,885.1,659.9,616.9,1150.3,442.9,1037.0,880.4,491.9,425.1,210.6,164.8,461.0,298.0,1294.2,1602.7,1197.1,1077.2,1374.0,662.4,481.7,350.6,539.9,1197.1,792.9,907.7,880.8,198.2,1602.7,713.7,1601.9,1374.2,1384.3,1114.4,817.6,1195.7,930.1,1261.6,919.6,366.1,1344.4,409.9,1315.7,1477.8,1517.8,298.0,1587.1
52,962.3,1125.0,713.1,370.3,852.2,1003.1,405.4,522.2,1118.3,237.0,566.5,1229.7,553.1,461.8,686.7,1076.2,979.5,297.2,663.8,1484.0,1039.9,701.2,8.3,750.1,1198.9,1313.5,1443.5,1005.5,1171.4,594.6,178.3,395.7,721.5,669.0,1472.0,781.4,1306.9,415.7,1395.5,1059.5,913.2,247.3,677.8,133.8,1297.3,783.5,548.9,164.6,779.0,795.6,417.2,481.1,0.0,791.4,453.0,1255.4,709.9,410.9,185.7,727.9,754.2,520.2,695.6,515.4,569.2,251.0,593.4,645.9,20.1,409.0,1371.5,1266.1,1274.3,635.2,1451.3,188.2,251.2,176.5,617.2,715.8,706.9,973.7,794.7,581.0,1266.1,381.2,1265.3,1037.6,1047.7,772.9,485.1,889.4,633.8,920.2,445.4,418.1,1421.7,235.8,979.1,1081.7,1181.2,375.2,1296.9
53,1574.9,734.5,200.8,1019.4,339.9,565.5,1054.5,643.0,680.7,781.6,864.6,822.4,500.6,642.7,624.9,668.8,505.1,557.8,1093.4,1046.4,632.5,293.8,783.1,913.4,791.5,906.1,1005.8,598.1,764.0,544.9,874.4,693.8,1151.0,580.2,1034.4,428.8,869.3,508.6,988.1,652.1,560.5,811.2,612.8,850.5,889.9,1081.6,266.5,709.2,266.7,388.2,493.4,910.7,791.4,0.0,1102.1,902.8,174.9,759.1,617.7,984.5,401.5,641.0,288.2,976.6,573.4,827.2,919.9,1075.5,811.5,707.1,933.8,858.8,836.7,463.5,1013.6,603.2,606.9,807.8,646.0,524.9,121.0,461.4,29.9,907.5,858.8,1030.4,857.9,630.2,640.3,365.5,1039.3,482.1,181.3,512.8,906.6,562.6,984.1,812.0,571.8,729.0,773.8,630.8,889.5
54,671.6,1435.7,1157.8,249.7,1297.0,1348.7,92.2,898.8,1495.0,580.2,939.5,1540.5,937.4,838.5,962.9,1386.9,1290.2,736.2,579.1,1809.2,1350.6,1011.9,461.2,1123.1,1509.6,1624.2,1820.1,1316.2,1482.1,971.3,482.7,768.7,636.8,945.2,1799.9,1092.2,1683.6,743.1,1706.2,1370.2,1224.0,551.6,1054.5,438.2,1608.0,755.2,859.6,579.4,1223.7,1106.3,728.0,562.2,453.0,1102.1,0.0,1566.2,1162.8,687.2,496.5,1101.0,1064.9,896.9,1006.3,427.3,945.8,555.4,772.8,561.2,432.8,782.0,1748.2,1576.9,1651.0,945.9,1828.0,499.0,704.2,480.8,993.9,992.0,1095.6,1361.7,1132.0,760.4,1576.9,260.6,1576.0,1348.3,1358.4,1083.6,364.6,1200.2,944.5,1230.9,497.3,820.1,1798.4,540.2,1289.9,1392.4,1491.9,751.9,1607.6
55,1920.7,368.9,1012.4,1428.2,844.9,1320.1,1518.6,1388.8,1142.1,1340.1,1605.5,699.4,1246.5,1383.6,724.8,553.1,749.6,1176.4,1834.3,776.4,656.3,758.4,1247.2,1668.0,609.9,591.3,817.0,671.6,766.7,1344.7,1426.8,1434.7,1892.0,811.9,767.1,552.0,1165.4,973.9,673.4,407.7,404.2,1483.0,1424.4,1382.3,708.3,1822.6,711.2,1267.7,1021.3,606.9,958.8,1651.6,1255.4,902.8,1566.2,0.0,986.5,990.8,1082.5,1739.1,501.3,1386.9,752.7,1250.6,1319.2,1385.7,1660.9,1816.4,1275.6,1448.0,867.6,677.2,1132.9,695.2,809.2,1068.0,1225.4,1366.3,1391.8,756.6,932.7,1216.0,932.6,1648.4,677.2,1417.3,734.9,557.0,578.0,715.8,1313.4,659.6,721.5,486.3,1180.6,1303.6,838.7,1370.5,615.5,325.6,776.5,1371.7,574.7
56,1460.2,783.8,26.5,1080.1,225.2,450.8,1115.2,528.3,566.0,666.9,749.8,871.6,385.9,527.9,708.6,718.1,390.3,443.1,978.6,931.7,681.8,377.6,701.6,798.6,840.8,955.4,891.1,647.4,813.3,430.2,759.6,579.0,1036.3,664.0,919.7,512.5,754.5,442.0,1013.4,701.4,644.3,696.5,498.0,735.7,939.2,966.9,350.2,594.5,151.9,472.0,457.2,795.9,709.9,174.9,1162.8,986.5,0.0,842.9,694.9,869.8,485.3,526.3,372.0,1060.3,458.7,712.4,805.2,960.8,730.0,592.4,819.1,908.0,722.0,547.2,898.9,680.4,492.1,693.1,531.3,608.7,115.2,346.7,145.0,792.8,908.0,1091.0,907.2,679.5,689.6,449.3,1123.1,501.0,265.0,583.8,990.3,447.9,869.4,697.3,621.0,812.8,823.1,516.1,938.8
57,930.0,860.4,868.8,437.5,933.4,1233.5,639.6,796.5,1348.7,511.3,840.8,1088.3,823.6,736.1,275.8,934.7,838.1,537.0,1067.8,1357.1,898.4,645.2,402.6,1024.4,1057.5,1172.0,1397.7,864.0,1029.9,869.0,582.3,670.0,1125.5,258.0,1347.8,503.1,1537.3,534.3,1254.0,899.1,648.6,651.3,952.2,537.8,1155.9,1057.9,567.5,438.9,934.7,564.5,519.2,885.1,410.9,759.1,687.2,990.8,842.9,0.0,313.4,1002.3,489.5,794.6,639.6,259.8,843.5,556.9,896.2,1049.9,431.0,683.3,1448.3,1124.7,1504.7,354.1,1389.8,315.9,525.6,537.5,891.5,304.9,789.0,1129.4,789.0,883.8,1124.7,426.5,1123.9,896.1,906.2,673.4,322.6,748.0,577.8,704.0,189.8,688.5,1419.4,541.7,837.7,817.1,1039.7,649.6,1155.4
58,1005.8,952.1,698.2,413.8,837.3,1010.1,448.9,543.8,1125.3,286.1,615.6,1056.8,538.4,483.4,589.2,903.2,806.6,251.8,842.6,1325.6,866.9,528.3,177.5,799.3,1026.0,1140.5,1366.2,832.6,998.4,616.2,357.1,444.8,900.3,571.5,1316.3,608.5,1313.8,258.7,1222.6,886.6,740.3,426.1,699.4,312.6,1124.4,832.7,376.0,213.8,764.1,622.7,243.5,659.9,185.7,617.7,496.5,1082.5,694.9,313.4,0.0,777.1,581.3,541.8,522.6,417.9,590.8,331.7,671.0,824.8,205.9,458.1,1378.4,1093.2,1281.3,462.2,1358.4,14.6,300.4,312.4,638.8,582.2,611.2,958.8,647.6,658.6,1093.2,424.7,1092.4,864.7,874.8,600.0,480.6,716.5,460.9,747.2,347.9,403.4,1387.9,316.5,806.2,908.8,1008.3,424.4,1123.9
59,1348.1,1452.8,843.8,1090.3,894.2,471.7,1112.6,560.2,648.7,684.9,161.5,1499.1,598.8,499.9,1278.0,1387.1,1059.4,631.3,602.1,1014.4,1350.8,1158.0,719.6,127.8,1477.1,1250.4,973.8,1316.4,1482.3,632.7,758.8,332.2,544.4,1260.3,1002.4,1292.9,837.3,847.6,1096.1,1370.4,1381.3,696.5,715.9,734.9,1508.0,426.0,1064.9,612.6,717.8,1252.4,862.8,616.9,727.9,984.5,1101.0,1739.1,869.8,1002.3,777.1,0.0,1265.7,558.3,1152.4,1106.7,607.2,730.5,626.2,620.0,748.0,318.9,901.9,1476.8,804.7,1192.6,981.7,779.6,597.1,711.2,655.3,1312.5,904.5,523.1,954.6,613.8,1476.8,1101.3,1534.6,1348.5,1358.6,1229.7,1169.5,1170.0,1045.4,1252.9,1036.7,481.5,952.1,715.3,1290.0,1518.1,1492.1,413.3,1194.7
