,0,1,2,3,4,5,6,7,8,9,10,11,12,13,14,15,16,17,18,19,20,21,22,23,24,25,26,27,28,29,30,31,32,33,34,35,36,37,38,39,40,41,42,43,44,45,46,47,48,49,50,51,52,53,54,55,56,57,58,59,60,61,62,63,64,65,66,67,68,69,70,71,72,73,74,75,76,77,78,79,80,81,82,83,84,85,86,87,88,89,90,91,92,93,94,95,96,97,98,99,100,101,102
0,0.0,1453.8999573439146,1215.1706129987615,491.135159504572,1255.8960856768792,1270.6001578607236,517.8134478385426,929.0283033732876,1386.7677306462222,688.2223145591943,886.626268111129,1409.8338614728293,984.0611289397248,863.8063769509454,1171.9584764746216,1511.2308859539378,1261.6158394360623,867.2427923051669,664.1387045807052,1643.930401485375,1513.3016869487358,1253.367393786515,709.3759898623174,1025.4176999119215,1448.2945508625496,1641.8319123966328,1602.4784918713117,1394.803040875484,1429.368400452316,1014.368959790975,586.0467391622057,786.0798197031352,720.8950454585247,1057.0165906514108,1701.1566755043414,1248.1571431309317,1306.7949687122027,959.3928786745364,1683.7146689331923,1462.4714487621272,1384.1976308552223,586.7067505464266,1001.2791237207864,636.2861457305489,1431.083883816905,830.241742764487,1157.1349481650304,737.1964108592882,1180.601375652423,1281.0701085173807,960.6529876940186,618.6947102468735,700.1866825445126,1244.403375350208,538.9765481639259,1568.437716322523,1212.1684486396498,905.275397203828,830.6529920500619,986.2547831003948,1263.3469890286376,919.9297508541318,1253.9360682082674,640.6673574921208,954.4600229180028,642.2260669537659,746.2711554866268,646.0675070377873,680.0833840973382,790.8196875268037,1688.7712871630204,1437.1572657844872,1312.5668190627096,1121.9413867891783,1614.0715824234017,812.1990656304134,822.680429700507,639.8623886841345,953.5736612136268,1088.205146300188,1147.0082449504534,1277.6743543138618,1238.632284294888,695.1441640422964,1437.1572657844872,494.0135140106702,1403.135379111389,1490.803350440695,1497.971929275399,1289.6213526699066,581.3058576918194,1313.506878135162,1194.8782750790974,1409.09690428387,717.9899076831681,873.0146491919542,1581.7835903994996,651.1575420068693,1449.896001751828,1452.2233754139788,1438.6009286871474,822.8731071824103,1667.6765190679764
1,1453.8999573439146,0.0,446.7788836132417,978.0221687016732,407.5155926015055,811.9641897329363,944.8957242042884,699.3555961648107,677.3555333146192,798.7135116007018,945.1952341354375,479.376457958354,692.7629374852879,809.3409285081673,398.20821184602806,351.22163781907403,286.3554924288502,635.2269901649915,1106.2721242343275,644.1000189771607,254.66372052088,225.58230191965637,753.1130496678816,850.3175371856663,427.2581174540051,555.0099624740184,614.7819178954766,255.15499818746036,432.3327621329493,697.9416980732695,884.4681526560126,855.8190749121654,1072.1387711516743,466.7043898166485,723.1475241784381,256.0906611112764,539.4818476291126,508.0767749241303,631.7202811076219,41.95603840831669,100.62475934140146,921.4266780819798,798.7982981031697,836.0926176135395,523.5872047634793,1054.3671213417088,296.87032788357374,735.8393298925616,554.3777790119601,179.48706139360232,502.891846432731,1066.868156574664,756.9595031793234,318.3396314269786,933.6062664743164,114.57428544055036,422.40791761115423,615.8452145480612,623.555127640219,835.4925266830194,211.28229990496644,791.1050821294771,222.384399779825,833.3566096025106,769.3919609176916,847.8231578146494,923.329210262141,1110.8151134397826,777.2243643001495,863.5947969317858,752.0357912653438,492.0173998940209,571.3151483860393,366.6036145400688,663.908706036669,642.0172176113766,673.1547670942477,831.9150036888622,814.3932567342257,418.91544913459705,427.1782334318961,711.8697331878227,345.9558267583514,1051.9954380443414,492.0173998940209,978.6175257303936,512.063697140049,325.47970635671817,174.52618538673232,205.22624527814173,897.3297632984575,192.55108158008164,273.6449765616799,62.03441864837112,762.8927285725671,738.9248052726474,620.5867412284366,834.5716676882739,277.5925787736335,49.293983660566965,429.7463021174647,783.8104648826065,565.2572503301204
2,1215.1706129987615,446.7788836132417,0.0,814.9604778191054,48.10761498645619,382.0952323290688,705.7114908614259,311.2193862771408,304.5994167793169,529.5491386489167,522.3514486153651,205.322385596207,279.46198972525536,414.1335872124668,593.1453272381443,303.95151311147697,165.34343957783753,354.80006375941,721.9576391953588,458.8384565109136,338.2775721014785,259.7123730804776,530.7228084706263,408.8814243115814,233.5319403248862,433.56130193330256,415.7098953418357,230.14066012440523,215.1649776025693,271.7760587599032,634.7504529917396,480.1590576574712,676.7853076946533,565.2136846784489,531.8727981972994,488.4579052653007,149.4515690842152,325.21126755359603,487.1509863983549,421.6857034582402,465.7917792327863,630.1003092839832,363.6626011589724,585.93207845504,240.04921582208823,635.9140868158535,334.82152784777463,492.1257070785763,107.68951622650646,317.5253529063482,335.12390514416194,701.8796998660656,551.9324570357891,134.307085242652,678.8944556427577,525.933318692648,28.56372699305832,630.3904781511629,468.527525739322,400.6286125506607,437.08940345759873,378.9457119581328,265.2788652947713,708.3092864080619,349.8099694705349,573.5957570304216,544.8003754030276,730.8332477456072,568.6004741093453,483.43687224592486,535.6360098531222,234.3123368604709,178.33676443567623,481.03448492629855,443.5941743992101,502.6711113098012,398.82498998818295,582.98665836378,388.52861400972967,526.1149243149599,93.7040796979717,288.50271210755,104.383279363319,665.9737074003501,234.3123368604709,820.4208429404172,211.08838066633737,289.1747386753349,364.4496465679801,255.10807495249665,764.0456803519693,258.7099368389366,263.0844973320476,385.2797562873653,667.9683110007607,364.87221263279775,401.4653655290707,565.758207117613,265.569374728146,483.98864740812377,224.0881706115463,417.5895799709612,458.6504322595476
3,491.135159504572,978.0221687016732,814.9604778191054,0.0,847.1733918519949,990.5549037515364,178.83998480110984,594.4595184567571,1052.583816239759,317.61379573507963,688.720134170082,1019.9631281429996,655.8857528082638,583.3509875516756,680.8827372193748,1086.6967414073688,820.6354638219872,464.72625010783634,581.1417776966559,1270.9548275756742,1070.528130222322,793.1773640437124,286.4817057843674,775.7881835874969,1044.007846939224,1247.6368240079437,1227.872581469799,955.8235383645656,1027.242994343647,692.4637582564138,228.1223549226146,523.043187846627,609.3406197504642,565.8957561689299,1339.5460083017867,760.3458259543264,936.5904214973378,511.9927928268695,1301.8596552881556,990.9762983122386,901.8914901050736,303.279241653512,726.9910950112129,258.946901315776,1051.057750812511,699.1904403841174,684.5050898799885,329.092539203712,813.2513311244089,812.3478852728342,508.9514094368362,505.3267507404724,263.15377292858363,809.7609322867752,216.98303568341572,1092.302858697072,804.1597194792658,415.01902711325215,367.7843334186561,729.6764783645498,779.66481729981,636.1721970561,792.784638510945,149.7719334772985,662.4336638092856,296.4531038845921,526.9987968215963,567.8438554401904,247.36384800915485,534.4452523115114,1336.6921988591698,1048.8483462660815,951.5186283509058,633.7424524101484,1250.298725984573,341.7035802645371,423.7683121842547,259.6934425115992,685.190424674294,597.834797943949,731.3758711501837,962.5494997895768,811.00510109124,569.9774773235653,1048.8483462660815,10.891678044421193,1021.8699611804028,1062.5721635138573,1042.936026250669,831.7932535988526,91.08550724709892,856.5557811445028,733.5387958439684,938.2781757210424,226.89115817874668,549.1560548619002,1211.2846056603555,293.7677983598934,1014.4658831839736,971.7378133997964,1035.4101094902196,516.0699730035544,1272.2916997737727
4,1255.8960856768792,407.5155926015055,48.10761498645619,847.1733918519949,0.0,410.45997669238574,743.9665873654262,358.30890733807,311.8511180578093,568.6924615236779,570.0435333203493,180.3434251663499,327.53199983147107,461.9708495496374,583.0774556917623,258.66953668133226,135.39621576244917,391.7328794687511,769.8730689860884,434.65225362559744,290.1784748327159,235.2906470488581,565.1507792785513,454.2152967042905,196.9258282964757,400.7822447584579,391.87618052012,182.814881250566,180.12159959242868,319.7225424141904,673.2883527208895,527.3516301393232,724.8625462886283,564.6210059559386,510.5994660450224,470.0387189615504,155.14078159094396,347.65453649149845,458.7761790460688,380.3413499036628,433.6973699469818,672.235338595598,410.52006643418576,623.9658299041018,220.8101047572056,683.7082317397169,325.7987899850624,528.1006258170123,149.27822802521422,290.75970706333374,356.02996518780736,749.1288482395997,584.9127498299042,107.99426097804276,718.2962634592155,482.2602803156197,43.85207671603803,641.0958028638839,493.8716866953098,447.4207192284639,415.9825172342032,427.0533046208701,240.9201058963941,735.5202318196586,397.85104802789465,613.7384204729981,592.3001128684726,778.6474378522678,602.2440729754869,530.8534233773549,517.961417599912,209.01480065530612,187.21780503049095,474.9151731665012,423.8913028321887,527.2194556532284,436.1975746997628,620.8662690169448,436.2486609415654,523.0057081242417,116.1735454409633,313.164479987884,79.46324967584671,713.8852641499259,209.01480065530612,852.2227314574471,193.2407678240901,242.5869672056136,317.4506941310146,224.3383247378752,792.8219754050589,224.27712769830688,248.9951305133659,346.75701652312034,691.384282401539,411.3966153346892,380.0247851142663,605.3144461075592,217.50014060045584,446.7604722811884,188.23813634859349,463.9340799684863,425.2179279400807
5,1270.6001578607236,811.9641897329363,382.0952323290688,990.5549037515364,410.45997669238574,0.0,832.5630594471286,399.0445221975212,187.8453463789677,673.0405340372012,395.2478211539153,368.41548866948233,338.66953514671525,417.8254513036339,962.6235139852108,546.8002573414941,544.8692210362909,560.6706919690931,639.0680867495777,463.00018384000447,631.2233594502109,641.7198489747283,719.4943681954151,246.29268803237127,436.5748728867833,518.1043677089266,434.7804664884157,563.6656008998423,420.5359151838291,301.628103248332,767.6778246570581,491.82189514786734,580.0223277527361,916.0059839138354,487.0234838010601,868.3996408837708,274.6830972797337,621.0489404559604,516.3437214308095,780.4723091254812,844.1445980402839,717.413493171859,272.71098690961344,731.7188211828685,343.6895345811505,487.5083403810378,707.7519526126033,674.18117758849,283.8672491033078,699.1487896602193,635.4696841491447,661.175363764993,749.357654100186,515.179759723899,795.6625900982211,871.4587635218998,410.44876117101234,943.35158862829,728.2457758457678,284.3799857613021,818.5907163060756,361.2456448535365,647.3013867963455,931.0178772766818,330.7943150073473,697.3614733460969,524.4845145023411,654.9054472669355,758.230458352662,484.68564229841775,459.764306416811,374.2800789224962,244.86381537207,845.8729261752457,418.1842674894064,762.4085202748964,588.9657953105493,730.8743813385299,319.74123548507805,883.8593300928171,449.4709580548848,100.76834054695726,485.2075194935769,592.7073041557595,374.2800789224962,999.1052324510836,336.1166637207557,552.6701184081682,689.142360813897,634.4952054772465,971.1117385031812,634.5794368655405,642.2306891228496,753.1028435343669,917.9930821071836,441.4093887459856,408.8729314869644,697.9202401013437,567.1353836353244,854.032273051128,428.3170068951642,477.3906121129582,540.7769558737355
6,517.8134478385426,944.8957242042884,705.7114908614259,178.83998480110984,743.9665873654262,832.5630594471286,0.0,446.5977543654385,912.6499901095694,176.85317231265108,512.0197098042207,906.0986270656468,507.1380127030399,417.42164845020056,712.4434537183761,996.3115841031628,743.832962253408,352.4640954430861,408.2101296315893,1149.792624039091,995.6251571119084,737.832630109607,192.85333461289156,607.640910341363,939.1326761619296,1137.7101802430334,1107.25103761908,877.2685899411805,920.8758141435076,542.243134941099,71.15296986300467,351.34506190331086,432.5300316134617,596.6133312785357,1213.4189766131694,759.8884090256589,811.3138644995672,442.9660364872557,1185.405231914661,950.4366354055352,882.6656271524026,125.3814869918672,563.2289562252188,120.02359396643791,931.9628276507428,520.462686898929,648.737980746884,219.5236734935928,685.0044060655867,768.7801070278484,445.2439965514515,332.0916836460028,188.48275258842256,726.9873062024038,38.91559789683118,1058.881148090793,700.1155017677055,470.7328743151387,324.3467237940051,562.0347142421489,765.6242740693073,472.6074107310151,738.6916782919043,229.1251391114352,501.8056325525444,138.51975668506984,349.5706675081304,396.2023049632406,168.31720033712602,361.8933484568002,1206.3585257437182,934.3055800977904,821.9322575400531,638.1080903093673,1124.5927604567737,313.64005800992203,307.8728697154629,123.23165871797192,519.1213372482356,615.9993643351438,632.368135185169,814.6579264945753,722.098584820792,392.99793835664406,934.3055800977904,189.46596444129003,903.2008369760232,975.0208046736656,980.615805155974,773.2932284716828,214.9817759781188,796.8972181774717,680.0927901467617,897.007668974309,289.90759717123177,395.5866042496264,1088.517158836358,142.5197258161446,932.8258578632134,947.6658941644384,929.7760185317404,355.26358316855607,1163.1818573622984
7,929.0283033732876,699.3555961648107,311.2193862771408,594.4595184567571,358.30890733807,399.0445221975212,446.5977543654385,0.0,466.4166328633091,277.4606306542344,255.50101680523815,486.58821459355454,61.431468928888414,110.13540818668328,677.8645983194106,614.4730205341217,423.9927942150105,175.25256186518368,415.2596244164475,714.9022806436454,646.1294558357351,475.6144163420466,320.56151892980944,226.7255884220246,533.3077518893541,716.7344377232663,673.5040319288396,531.7360347514226,513.3748496263154,98.12227695542504,377.8353603488828,169.06014513537818,375.2251882459881,598.3578103462066,773.3951620006682,633.2887119744807,378.5104816299475,285.22596562443823,755.1875343298946,685.999598522999,681.8414133041232,345.31886461713293,163.4605637597733,337.29375041905104,503.73861259648135,357.85507102607824,465.79864616727446,275.2751057164698,253.53762211842195,529.7307177269038,300.2442978925469,390.84661336534526,350.65035564377354,395.1675182373542,412.5119530309984,798.1913798184792,319.03908763492336,581.6417495513547,348.16000040125573,186.9643828312236,603.2044938974939,101.95620113500782,479.5490312847406,532.8153399843604,99.0779408420402,308.1943949583099,234.69071172666173,422.7186254311862,359.19249003485913,173.0399608412581,763.404975674707,512.6040429767119,383.55382041511166,561.3125367871091,685.6428172102826,379.6354808119707,194.1615775059147,335.9483313581593,145.39457432197398,580.8510661997126,279.5324005211413,369.09901889618,375.3725193128312,359.4906360017662,512.6040429767119,602.5867273791793,476.4883042426773,600.3880257650691,660.7861592513491,494.5673386345672,572.0709956617932,510.3179305690746,439.2103503686595,638.7410426819322,525.0367629697666,56.4596732725198,652.7642672559507,306.0717147856662,574.3329532343259,723.997738833542,523.099593711291,108.93994470259692,742.7569283599144
8,1386.7677306462222,677.3555333146192,304.5994167793169,1052.583816239759,311.8511180578093,187.8453463789677,912.6499901095694,466.4166328633091,0.0,740.2810490960564,546.7761770849767,202.880166056668,406.98071323621633,523.4281054368804,894.5935047709254,374.9827312912281,442.6837955784194,593.2243185040401,788.8173141772185,283.1507611332653,467.74838087014246,543.9480865095633,768.2741872530263,393.9718993585653,267.2506992385767,330.71140783547736,250.8318992348103,422.2526927931464,254.85604383561252,373.9865667940364,843.1865663289802,601.3370969279426,731.8666219854505,869.7783707116636,321.4781627199753,780.5855868776064,157.04344228916295,610.6697534945694,334.56438386188995,641.4548100062027,726.3077584270229,810.0082982421935,395.0317902991421,800.3865640829858,167.32855804653474,650.5468226902835,636.6595768877376,724.2126935661893,248.8679089981195,596.0912862787051,622.9536166500519,798.3812744971194,795.1211572304655,418.6397191909492,878.9107369740883,720.5983666487026,331.2837572540163,928.009236877549,741.7527289257534,419.693478531517,725.113518679514,468.1479781760598,549.5235033381724,968.8937671476097,433.1041570425816,774.1324239948462,648.2262887988411,803.0566616339588,807.9809300625783,597.6179506752375,303.44149064819175,200.2828319108256,126.3425750610742,784.6315150553498,241.99381318455443,776.8683607560221,630.7478799506523,798.5908855136328,441.3567350040729,830.5840632547572,394.1010710563799,117.28429785415295,391.1458456835392,737.8127455274263,200.2828319108256,1059.8417768317793,168.90582854056365,385.8789284835304,534.5224280861146,526.5000399312132,1017.63164544339,520.0857607044833,560.8124904875891,623.1730287774293,941.1200724261648,519.6645887756695,225.22265039619407,771.1407934003472,411.54629240910697,723.2429412056352,260.77978245432405,566.5117568953143,353.8436280558693
9,688.2223145591943,798.7135116007018,529.5491386489167,317.61379573507963,568.6924615236779,673.0405340372012,176.85317231265108,277.4606306542344,740.2810490960564,0.0,401.7980865937248,729.2920478851478,338.86141352898454,272.8435600210503,624.6093210818444,823.0356420292555,577.1876090370358,179.1999761385816,389.0700651325848,973.2183972686078,827.3941373757597,582.2994917229674,83.73636697088519,464.8469465094564,763.0730001039669,960.9890277508346,930.6133347135092,708.5025116476004,744.6525760259451,375.2089666313978,105.70302858721529,226.26037380062465,388.27739850685833,515.8866421570737,1037.497539872115,642.228556693271,634.9137037699878,290.6866280405748,1008.5797113584732,799.6401636033956,747.0037425385576,123.62318647184344,412.3662382744008,60.11708426338623,755.164354905375,445.9274872626501,508.7707044248047,68.14926114328539,508.83144706732287,619.6459650220355,296.7415299328031,322.41490947605564,110.44943299949796,558.0505863217909,149.6230906597846,910.8246947581592,524.8613844830137,428.3562631702704,213.03976867882275,418.6552157337282,637.1368115017071,322.2962636409913,583.869292423394,278.752550617847,346.41642118287973,49.23001598507248,255.97306339740996,384.1644089383853,105.99455576645684,239.32025784935067,1031.2574238965265,757.471376035952,646.2327988733574,530.6106344493477,948.5421681075608,221.6056942981671,134.84120978068503,58.52398495359376,372.9843692775914,522.1946024116431,458.7929593045711,646.3956640327812,550.9172595483558,351.65977868045445,757.471376035952,326.0736744160593,726.3788473032157,802.6185476771012,817.8671086534929,615.248851384867,305.18082165493774,637.8050484665914,527.174862971036,746.6398815517864,297.9356204878938,231.6446384062616,912.0640767319896,37.39487757914501,762.5358686315977,807.3032722935656,753.631112220911,202.0846254828012,986.4977282053432
10,886.626268111129,945.1952341354375,522.3514486153651,688.720134170082,570.0435333203493,395.2478211539153,512.0197098042207,255.50101680523815,546.7761770849767,401.7980865937248,0.0,648.1597949162609,252.4382857737904,158.4483132709505,926.9174031299152,806.5974476643457,662.2512233649915,401.54851498936,244.26703335944,827.9567502622627,858.168351777958,724.9774720409349,477.8493695719909,153.13203088932215,708.4473096782655,858.0455908838172,792.1268997558815,752.4489343328447,688.3246051557852,251.24410093728665,463.1034848876165,175.7254987208306,185.88306904410535,839.7550475854915,867.3608858028523,888.5431650583755,529.2138551753982,532.5082923824859,877.011703397288,928.1717305058728,934.391596355814,386.6708937288407,165.2181020240516,446.2035681924433,648.5890266443067,114.08846811564716,721.2996365940186,439.9926551377293,430.4829292267476,780.8568824097425,546.8818878987894,269.26803407460795,508.2176964633549,631.3341225062612,473.1383719768984,1038.3400095328095,538.8173021773382,798.3620309438327,559.809888666897,131.79509723548415,858.6180137707065,155.70156544707234,729.2695000351633,679.736943558163,176.00783683696923,401.1280600482091,162.79967251007434,259.7821038680935,507.1624935960147,162.53837299428912,845.5086247512958,668.1645667545396,518.7885932665015,812.2963082259531,788.5458415790341,584.6485299700904,398.39836010290014,447.45106339307495,133.82878149619404,827.3259513260138,518.3909872758048,429.5720257966529,607.270389821809,197.7368364025384,668.1645667545396,698.9193999277787,627.0864281330373,798.9798503590412,886.3738811243628,740.0924333727573,699.2084399936084,753.3688296970772,692.4173324022825,883.6309310864908,697.4918236659439,237.7800973532743,767.5699169292643,408.9609016067888,785.2704757987813,973.037355477358,698.1434971432,222.744141052892,883.4675772083667
11,1409.8338614728293,479.376457958354,205.322385596207,1019.9631281429996,180.3434251663499,368.41548866948233,906.0986270656468,486.58821459355454,202.880166056668,729.2920478851478,648.1597949162609,0.0,439.89813125134185,575.3392419736233,738.4783471341098,178.48571189681908,279.7567584152896,557.9377064199847,873.8940604681787,254.6087297044301,265.8196520832658,376.60907631615726,735.0345811970938,507.1595594407069,68.2863746725262,232.1063278713804,211.6863143181113,225.26180219328515,52.631115448829526,418.7694191794856,834.9529067781386,649.160803757128,822.3776627571203,733.8147140929958,330.3075508525446,611.39658305411,118.9839522768404,527.2511530732003,281.91296062691134,441.9720515295578,536.6894019317886,823.1346077350348,483.1733925678065,786.973963252093,47.21019021944868,760.7857700710629,488.5951422507577,695.5168770934359,233.70839948152604,421.1512477749914,536.0284089073804,866.247581408214,756.8387605160763,265.0892289081194,877.6017349221539,517.8690563144637,219.65584175471625,819.303984452092,672.4966334523817,516.6836093759612,553.0827728945086,528.9085484980678,381.8131528319226,913.1712888064436,494.8243976260834,771.4487632900209,708.4122785663899,885.3293001129869,773.2401541902717,649.6286109959826,339.05510652922544,29.018404965848767,134.65628827606363,638.2186929851973,244.20322900589147,706.2509870784003,601.3575524680335,784.2296697515432,521.2265813656268,689.6143115942923,294.40356623258754,271.1425263857321,245.0943500579396,818.9577857086997,29.018404965848767,1025.5303250428733,33.9865297760241,185.1049502265601,331.6942737067882,350.917495550682,969.2783351940366,339.21260014902754,408.0196700253288,428.2222948144958,870.9608984780496,542.9292571087582,199.8298513041868,764.6752292794056,208.8838819012643,526.5462522313497,59.92445438617791,595.5053894657061,257.875303258632
12,984.0611289397248,692.7629374852879,279.46198972525536,655.8857528082638,327.53199983147107,338.66953514671525,507.1380127030399,61.431468928888414,406.98071323621633,338.86141352898454,252.4382857737904,439.89813125134185,0.0,136.7151485744303,705.9294579637506,577.9635071065705,410.3186101544932,227.3440177821968,443.05453839803073,660.8390261370862,617.6902711332185,473.35590427533646,380.8974718962418,187.2874734814472,490.7545032309005,667.4770001984211,620.0247196392226,506.9918205959268,470.570668811129,37.0538866367368,438.7691282279682,209.27234341289503,397.3319720949359,633.5489508824717,717.1471176439873,649.6225368803455,327.69094206334364,320.2324136342232,702.671621169724,675.9463362393303,684.1324937292777,403.1990765565398,123.8355421289546,398.6494328087838,453.47350688329385,362.8631279685882,480.09395712510576,335.57860001125755,206.44784858336692,529.9238080020564,335.48710303145754,427.7887872017653,410.6904426794745,379.72932428962326,472.5866180014275,786.5312243455913,292.07457405829166,628.5768689041919,399.6456011652869,155.17888508919668,614.7563815816634,100.5009588107226,477.7756128157308,592.4371700621798,76.84027368704,368.91646977355214,269.6509885651942,452.518384168404,419.7825303804772,209.923515680951,705.8483056284357,464.76484301642176,329.77637781013976,587.8348963142599,630.0437692765008,432.3145070252836,251.3880849374212,397.33468954512495,123.71498982820802,612.1693875484965,266.0475239382421,307.9057490734206,356.6529351122692,387.1300608309149,464.76484301642176,663.9996030918545,427.11811407600254,566.138581970751,639.2347226035836,487.69390348577394,632.7462153780618,500.967119417699,443.6078370965354,631.1937004722405,582.0497995719631,112.68965576492516,598.5836164678526,367.1497402084506,545.0283450508703,720.996771303975,480.4200047721483,161.18880680224763,693.5289074650065
13,863.8063769509454,809.3409285081673,414.1335872124668,583.3509875516756,461.9708495496374,417.8254513036339,417.42164845020056,110.13540818668328,523.4281054368804,272.8435600210503,158.4483132709505,575.3392419736233,136.7151485744303,0.0,768.9044399359543,714.4198276327712,533.7877870758791,243.35460582839556,308.01254701754,788.9322631029224,751.5778688630486,585.247248463693,338.83880884034846,192.68136991128188,627.2882292349802,800.91717171326,749.1332438945217,638.7830170283185,607.0800233114519,157.45251964116906,356.0314443136004,77.91450209150236,265.6558291634373,681.3467439715389,840.9252348799967,734.8287110082798,461.1355218818921,374.69241290810254,832.7985631157123,796.1349312746423,790.0885024184976,299.7152723333974,146.06082278905538,326.63432243129114,586.7108501779434,251.2305884631488,569.5896730650621,296.96812191225536,342.5716568213452,638.805535555479,388.9110150920701,291.24368111661295,370.0075814828218,504.6559039075692,379.6886270179835,908.304588961569,424.5860138828948,644.1244554339956,405.38485836990776,146.47158593787094,707.7719357504344,56.94227837891936,589.0979058375243,549.375802480829,90.6850422699346,286.89827285523023,133.1545413592302,316.7016272136908,372.7150750526931,75.30667233208007,826.341194535913,599.5867876014155,460.2477594033584,654.8969839122727,755.5680496435715,432.1323904708572,243.1033596799685,326.71634036617024,101.9678375809893,669.0130010947498,389.074516078671,414.0650468995821,484.1120444451087,252.02813586553276,599.5867876014155,592.6737132500444,561.1220351650669,702.1165898721317,769.1326709080452,604.652557762867,577.9936350543618,620.4521465352307,547.4173158255924,748.8141382036006,556.9922851818052,79.74092323739055,726.7379835268827,290.30751663755507,679.2369903096137,833.4885124543448,616.9416444856802,72.5862790828777,826.9435904067465
14,1171.9584764746216,398.20821184602806,593.1453272381443,680.8827372193748,583.0774556917623,962.6235139852108,712.4434537183761,677.8645983194106,894.5935047709254,624.6093210818444,926.9174031299152,738.4783471341098,705.9294579637506,768.9044399359543,0.0,684.0880297659379,459.3871459443561,529.7597860614159,1004.031686276114,965.5793745323572,611.1464861592418,362.3870851681045,549.911716401085,892.9183798549248,714.5419589409314,894.0899206359576,927.9371291572808,543.7098647240246,709.3162197698992,730.0993703221948,672.4903799589955,780.0423108839315,990.0907925904996,116.57022130705656,1047.1372665404974,145.56402528305622,737.556939124285,394.4434994331225,968.6727556500922,431.21667519296034,298.23302050985944,740.7495387520947,829.7594532478465,635.1604138576527,785.2630061555134,1014.094485349902,258.3556771427822,557.1391564858936,679.6552420476014,325.9579194197859,380.038352543961,943.5776913140712,537.490002603965,478.5880094366199,716.702701930529,493.9831281239992,565.2041962711259,268.3083737521424,411.5936866369993,860.0027915400036,202.33534863323976,779.3440324986384,357.37463091964383,531.8043449754944,774.27633548843,666.2155152274231,838.6259898418695,1001.9963860927544,555.0119836213825,791.9753094391172,1066.3834429808207,762.0632104871869,768.8438158954631,118.75685006897436,971.2286740377134,407.87500474685714,545.5481149393985,630.8722060567751,822.195654320654,103.07617169654122,513.9562403322996,877.067098169361,504.39463723290913,958.6412789157848,762.0632104871869,677.9832521343038,762.5278667314645,654.5854123496894,544.1722333782476,392.4280533371828,590.739063994663,409.8292605354107,334.3537066007819,394.371319584032,454.29256993584295,689.2450069180745,925.146390583562,651.0376908457044,596.0555100863041,367.05988608094526,711.8012201942765,713.0216519943701,910.7020639187452
15,1511.2308859539378,351.22163781907403,303.95151311147697,1086.6967414073688,258.66953668133226,546.8002573414941,996.3115841031628,614.4730205341217,374.9827312912281,823.0356420292555,806.5974476643457,178.48571189681908,577.9635071065705,714.4198276327712,684.0880297659379,0.0,271.55760670273816,644.2795049524645,1020.5371647909068,293.7394879762613,101.56228920223528,336.9439585916273,811.8224282655001,673.279886463922,110.23508577943304,211.0930260087927,263.56413484660203,145.2080634195685,127.1906622608058,563.9747076856451,926.3412057193464,782.9479164996361,972.5421427849042,707.6456519463208,373.93992321154985,542.9350755370103,288.0371709101563,575.417771476917,287.1480675566195,309.771839491145,430.6386163623466,929.744749680602,641.8594147736602,876.4463278920849,207.65547082163383,920.5057591239954,464.8213116488883,777.8678200176935,377.1539233941032,359.5095025930108,579.9343515095377,1004.2766787177572,828.5496847772821,277.60636989467446,972.4952052242272,361.5266941229104,301.34910238956576,821.4888600721308,722.3418660784703,677.2271955226544,483.5974803931077,674.4058699026547,340.5248743957551,963.6940160346518,642.4968476091924,869.224827137764,846.539243299187,1030.386326252241,847.0220448685917,785.5934138915359,401.1796431191081,174.87097445266548,309.96880802046684,603.6453991995404,312.8281356216107,752.7944704329589,688.9130717418607,873.1199733471941,675.1921536176858,659.3046582281166,364.2549892794291,449.53198877159485,276.12359951086387,964.7378295067468,174.87097445266548,1090.7283987262224,210.8049875513356,29.529025073946126,180.6475532793736,299.50171764612736,1024.3373204563788,278.0912753605256,387.969545718452,314.6829997001256,909.9994811639384,668.6696815319827,270.1460863765623,860.0737675128468,88.21682381766773,400.5150176540191,118.78712194063144,721.4618210166351,226.65075050982375
16,1261.6158394360623,286.3554924288502,165.34343957783753,820.6354638219872,135.39621576244917,544.8692210362909,743.832962253408,423.9927942150105,442.6837955784194,577.1876090370358,662.2512233649915,279.7567584152896,410.3186101544932,533.7877870758791,459.3871459443561,271.55760670273816,0.0,399.42354696527,838.0102039358515,518.6037164352914,252.08859551664528,101.2642909682588,553.8852468431916,563.9675408086749,264.42106690771146,462.1557641396533,478.29340057834185,135.23839824566738,255.5793673054867,412.92049142564224,676.006540549131,588.0703276180178,799.217102960358,456.4942727170287,599.0228800613097,338.1700525130464,288.0038848744473,308.8923168163985,531.0083604434507,266.17235153135994,300.5118325135937,692.7870428197284,512.8171556449314,625.7359753319461,326.21630844613145,773.1619205534439,209.8223902780377,524.4364093823359,272.30876310136506,155.39903256985474,311.7528305514552,806.4169775570281,567.4052458197747,32.07125386649613,723.9835982082434,376.2128411765904,138.70833780306765,555.395179113918,453.81060813277,549.6161340620429,282.4506645410549,510.0996146690866,106.84202482672548,693.7074551917494,486.2612545939512,625.5486528168357,655.493945342822,844.3870470165149,586.675653539161,594.2549345905409,613.8025755877413,304.461324076488,320.6159675061704,358.8280493954659,518.1147435614504,483.1277317213284,442.8156088541422,622.0464425753172,530.1042829952202,411.10492121284807,144.94270858645166,448.3540750129604,61.13299946013171,782.5875503954384,304.461324076488,824.0951456827206,303.1414321682876,245.05343158467667,243.418458481764,89.88798882787358,755.0844517841086,94.58570869484116,128.91541818922772,224.32506485158032,638.6341126165779,469.2971393209624,472.2143672546189,614.5704365556066,194.0173179012393,320.6058305317708,259.7361200398559,518.2175686115373,483.2043496344675
17,867.2427923051669,635.2269901649915,354.80006375941,464.72625010783634,391.7328794687511,560.6706919690931,352.4640954430861,175.25256186518368,593.2243185040401,179.1999761385816,401.54851498936,557.9377064199847,227.3440177821968,243.35460582839556,529.7597860614159,644.2795049524645,399.42354696527,0.0,487.7516384350212,806.8774759549971,648.6162359283481,413.0533571658832,178.2729148832384,401.2783278346637,587.6054931614556,788.1906317917709,763.8725766503704,529.6610167032023,569.6972539822742,262.9232938445189,282.1350646985292,250.97492204056985,465.78863753134937,438.4255877675248,874.8438212170638,512.2060107107047,471.8881986786894,142.04546524145576,839.273266357196,632.1145281625804,594.383951060117,293.5946007662574,338.506651575171,232.4468740724325,587.187442324907,484.37579564090623,358.7034937357765,137.58030219891657,349.3971995881217,455.969472891205,154.12740683493195,438.1119000372363,202.92048648195356,379.32393185111897,328.30169718608613,744.6994280854057,347.9032072358469,407.3818375146474,172.99392100546493,359.7510212696687,495.10200266317,265.9245222489601,415.2683255003888,376.5486212361646,272.4825740635,226.6841351793531,312.4446253519676,488.960758196593,217.43871614430532,262.5769706105252,872.171296602873,586.5879921658636,487.4517873530957,419.2740460495508,785.5950435674761,205.0691464400068,44.6401883717942,229.25652028327315,315.58929322057503,428.3454558249424,280.07681457678257,513.5071267106065,371.7244251962484,437.7200002910743,586.5879921658636,471.06436298891344,558.0612629191462,623.5682200774577,641.5288250604809,443.3566384378344,424.451214046488,464.8447725432484,361.58331085935066,579.9972131103588,357.4183510661078,165.892937929373,746.8487074950032,216.498174445398,583.3772619026244,649.0839866101192,578.4183150917803,183.328788397045,813.3823798926489
18,664.1387045807052,1106.2721242343275,721.9576391953588,581.1417776966559,769.8730689860884,639.0680867495777,408.2101296315893,415.2596244164475,788.8173141772185,389.0700651325848,244.26703335944,873.8940604681787,443.05453839803073,308.01254701754,1004.031686276114,1020.5371647909068,838.0102039358515,487.7516384350212,0.0,1067.9923710605651,1059.5889501882536,880.7073210036934,471.9936328554912,396.8612934755169,929.6702437358172,1092.2687935693343,1030.9525839301757,946.525322411207,909.3917214824075,457.2581333183799,391.6049786923422,250.6985620470471,59.57031098360707,900.0760890354898,1110.0758358577928,999.6711700913608,756.3927104548084,629.5928402196665,1115.7924353718147,1096.303540233641,1076.8534370842356,301.70993399569124,397.0196415883904,402.7404355549492,879.710864994669,166.51801833698042,844.9249593787529,452.2139398306811,645.0991862358443,930.7941130288368,640.9804376560297,76.12289980477296,495.08948099853154,809.8654919658297,375.1245053826074,1209.2393511911257,732.5721404131135,816.903720600472,597.0363298163933,369.35738673681936,982.3258080420728,346.46833000473083,884.0284550381755,625.45843732651,379.537330143563,359.2470748633068,183.0764877593873,18.110289878888317,484.5728580708508,243.81550459152825,1089.1055608883871,896.2440014709817,750.2046877698033,900.8725319052168,1029.8519592370449,609.7449852885966,462.1584565766676,406.0573414567123,354.3504825812488,900.9570593121504,694.3282377819382,672.0056438320211,790.6071853529359,55.98981659008472,896.2440014709817,592.032572420928,856.1649605235127,1009.16655240178,1076.045153116883,903.8382354382578,622.1615474378061,921.3622555648928,836.8880897861927,1047.1478120260465,668.8309221715235,368.9640832407559,1006.9003357853544,373.2806001908874,987.2205195113128,1126.340150028142,919.2880652358228,322.4636534440701,1118.0272827909475
19,1643.930401485375,644.1000189771607,458.8384565109136,1270.9548275756742,434.65225362559744,463.00018384000447,1149.792624039091,714.9022806436454,283.1507611332653,973.2183972686078,827.9567502622627,254.6087297044301,660.8390261370862,788.9322631029224,965.5793745323572,293.7394879762613,518.6037164352914,806.8774759549971,1067.9923710605651,0.0,390.1457347133532,605.9840087000367,984.9504416589714,675.8605500872937,254.22975322098563,100.4172806473858,43.153747930057406,422.9873610633417,263.84150733627024,632.7942596951053,1078.7696831678902,866.14751135949,1011.983294573282,974.594671692841,81.59908537085997,828.8121340205948,338.6654763463174,781.8596879995699,54.52142380483448,602.3623721700352,724.1113027740621,1058.970313839873,671.4445506298482,1032.0868044760996,219.9291767845513,933.2697427743842,727.6198363048586,944.1262162016178,465.2722794353084,639.9524017915189,790.5832867452559,1072.7276466502844,1007.9021515856924,510.2144489563354,1119.3562269645695,640.6600451750239,474.2352992380467,1069.5758238998549,926.935518825714,698.8197305248078,769.2135939346831,736.4019375027389,610.5547209943578,1167.147670249269,701.044786022313,1012.9470694901704,918.6816586617244,1081.6187424147531,1023.6878052360036,864.2056899076565,108.37116874735884,225.72691422928403,331.38713232901915,874.5882398433506,47.90407655754818,960.782023239571,849.3256727294048,1029.608082952871,716.0563343911051,928.3312247885603,548.9839250568526,399.9094312897415,494.2821943396387,1015.7579859933264,225.72691422928403,1276.860618181914,249.1335742970764,321.27531345860643,470.882308001471,573.4137377891151,1222.6130994075763,555.8458829530757,646.8899765832193,608.2535211726739,1125.5650996804145,770.9674305235176,62.26832001485684,1007.4142997251892,376.3943442616507,693.3536731359184,258.99510107421884,821.6835911287302,107.1298269324088
20,1513.3016869487358,254.66372052088,338.2775721014785,1070.528130222322,290.1784748327159,631.2233594502109,995.6251571119084,646.1294558357351,467.74838087014246,827.3941373757597,858.168351777958,265.8196520832658,617.6902711332185,751.5778688630486,611.1464861592418,101.56228920223528,252.08859551664528,648.6162359283481,1059.5889501882536,390.1457347133532,0.0,288.3079030951194,805.972350345923,733.9856107628002,200.69180559704185,300.43510089364054,362.66106345012497,118.98273735889175,213.2659415201072,609.2033318282662,927.4093611645792,814.9538163580647,1015.020652257506,647.7448862774711,468.64238802709866,466.7350350794408,361.827009242933,559.9947223176042,377.1918901205972,212.749127202208,340.73926789942453,940.5781575985574,696.0054026183228,877.136668448657,301.6128410070165,972.1541198642228,414.9392715054304,776.1305731332436,429.1216325499487,295.78175667164487,561.8869355275829,1036.5399148413985,819.309011498814,269.3441773693519,975.1049750440062,260.1765723197179,327.20426434901503,773.6626579774214,702.8372845492206,732.4571314510956,408.8137261380523,717.1928593562986,290.52534335256973,939.732307483364,687.6227169113395,875.2860360666854,880.7762307128522,1068.0311316797631,838.6553282391093,819.1531946749491,498.36922753992206,268.33526572263327,388.1877594898224,542.2270549896111,412.4449139070766,730.618593520127,692.6186726944686,873.5056178902944,724.7164352360782,598.4893908760389,375.7141319575996,531.6765777184272,278.82008950444214,1003.6020722854506,268.33526572263327,1073.605146547456,299.642749762771,82.64550841305646,80.7373755061677,248.36189731725037,1002.125724616455,223.9342834786557,345.720533532694,225.6470134925869,880.4128819690385,697.401032576586,370.69680424891465,864.7830248788003,72.92439728916843,303.751110159054,206.97849454766205,749.1066201779631,311.4885388225334
