,0,1,2,3,4,5,6,7,8,9,10,11,12,13,14,15,16,17,18,19,20,21,22,23,24,25,26,27,28,29,30,31,32,33,34,35,36,37,38,39,40,41,42,43,44,45,46,47,48,49,50,51,52,53,54,55,56,57,58,59,60,61,62,63,64,65,66,67,68,69,70,71,72,73,74,75,76,77,78,79,80,81,82,83,84,85,86,87,88,89,90,91,92,93,94,95,96,97,98,99,100,101,102,103,104,105,106,107,108,109,110,111,112,113,114,115,116,117,118,119,120,121,122,123,124,125,126,127,128,129,130,131,132,133,134,135,136,137,138,139,140,141,142,143,144,145,146,147,148,149,150,151,152,153,154,155,156,157,158,159,160,161,162,163,164,165,166,167,168,169,170,171,172,173,174,175,176,177,178,179,180,181,182,183,184,185,186,187,188,189,190,191,192,193,194,195,196,197,198,199,200,201,202
0,0.0,1219.9,770.3,680.2,1427.3,895.3,607.8,716.3,731.1,1443.3,1231.4,803.2,1270.8,910.4,808.1,834.3,583.5,675.3,904.6,1183.6,791.2,515.8,958.4,625.6,882.5,998.9,929.6,1141.6,939.1,1495.3,580.9,855.9,853.9,1019.4,1256.5,676.3,1097.8,920.5,863.6,1525.9,938.6,1478.5,1576.2,773.8,648.9,1308.0,1010.6,426.3,870.6,582.5,862.3,1491.6,595.1,1420.1,1370.7,873.6,650.5,778.2,675.0,1443.3,412.0,929.9,1288.6,1117.2,680.0,805.1,681.0,1048.8,514.6,539.2,929.6,665.0,1464.4,1510.3,1128.1,1281.1,663.7,1268.8,1014.1,923.4,1139.0,596.2,741.8,549.6,507.9,1469.2,797.8,1116.6,659.3,1345.3,837.6,710.6,1498.4,832.4,1004.5,1514.4,1064.1,854.3,1412.7,962.3,1221.4,702.8,633.6,1557.0,852.5,830.3,1401.2,782.0,1047.5,876.0,924.8,732.1,873.2,643.0,844.9,419.7,680.5,1347.1,1341.7,1095.5,919.7,1263.6,1234.3,1334.6,844.5,1268.8,1474.8,1025.7,689.7,1358.9,651.1,865.2,1133.7,563.4,669.4,1535.8,1126.3,932.6,895.8,1335.4,1480.7,461.2,1531.6,844.3,820.5,1444.3,785.9,847.2,1122.5,859.0,815.8,733.3,869.5,842.6,1424.9,1171.5,650.2,1039.9,997.6,834.5,967.9,1171.6,1038.9,1342.1,1460.4,750.6,1004.5,735.5,843.8,1244.1,1426.9,698.1,803.2,701.2,1138.2,659.4,1020.7,483.1,1423.1,884.3,1148.5,652.6,726.1,1068.2,1354.0,1346.5,651.1,1303.9,833.8,840.0,910.6,1145.5,908.3,637.8,1258.8,1345.3,1028.7,832.7,1112.4,601.7,873.7,721.3,1513.9
1,1219.9,0.0,768.5,730.5,209.3,863.2,716.3,771.1,780.1,628.8,496.8,545.4,165.8,674.1,756.1,771.7,896.1,842.5,406.1,191.4,678.1,1036.0,786.1,648.3,811.0,374.0,458.2,139.9,371.0,632.4,1008.5,967.4,689.5,434.9,666.7,814.1,510.5,748.2,601.6,465.7,711.8,691.0,391.4,518.9,754.8,203.0,562.9,1002.3,448.5,1010.1,440.2,628.7,889.1,694.0,152.7,450.1,866.9,523.3,815.4,628.8,1067.6,390.4,183.6,525.1,871.8,467.0,731.3,523.0,965.0,734.7,564.1,822.4,575.9,591.8,514.2,870.4,823.7,892.2,444.4,620.8,662.7,677.7,790.8,930.0,1083.9,648.7,569.5,453.6,831.1,755.5,705.8,816.5,280.4,494.3,856.0,507.4,587.8,365.6,194.7,433.1,565.4,808.7,640.3,354.5,430.4,492.2,183.2,484.9,711.8,589.2,712.9,739.9,451.1,836.6,422.8,1059.9,806.9,129.1,765.6,508.2,351.6,529.0,42.5,116.6,713.3,892.2,687.3,588.8,584.2,782.8,622.8,443.1,657.4,656.5,775.3,517.3,516.0,442.4,473.7,745.6,617.8,1090.6,551.5,712.6,482.4,714.4,531.0,592.3,519.8,436.9,477.7,578.4,850.9,420.5,206.9,203.5,694.9,180.0,410.0,514.1,692.0,750.3,202.0,682.1,672.9,568.7,856.0,736.5,514.0,547.9,697.0,773.9,545.4,770.8,475.2,831.0,552.8,996.5,693.2,774.8,760.8,758.5,795.0,234.3,694.0,756.7,622.8,714.1,417.5,706.9,638.6,496.8,677.3,841.8,562.6,755.5,693.0,728.4,636.1,710.2,670.5,520.0,425.5
2,770.3,768.5,0.0,401.2,975.9,598.7,245.3,156.4,78.4,931.5,676.6,333.0,819.4,373.7,273.5,321.2,210.3,227.8,431.8,628.8,131.4,421.3,619.1,333.0,585.9,571.4,459.4,680.3,466.3,983.5,393.8,559.3,267.6,486.6,744.7,199.4,521.0,581.2,209.4,1014.1,401.9,966.7,1064.4,273.8,149.8,856.6,433.8,426.2,358.8,395.4,389.5,979.8,203.3,908.3,919.3,355.8,252.2,305.4,200.7,931.5,381.8,391.5,837.2,540.4,257.1,332.3,402.0,460.0,279.2,331.2,275.4,175.8,952.6,998.5,551.3,858.0,174.5,845.7,473.5,225.6,614.7,317.2,89.1,244.2,404.6,957.4,212.4,548.5,216.4,833.5,251.3,130.7,1047.0,359.6,689.0,1002.6,539.8,561.9,961.3,407.5,709.6,122.9,325.0,1073.1,379.7,357.5,949.8,442.6,624.4,221.8,568.5,38.2,400.4,150.8,372.1,374.1,191.3,895.7,843.6,518.7,446.9,708.8,782.9,883.2,305.4,845.7,963.0,501.4,268.9,860.8,307.5,392.4,609.4,474.8,120.7,1024.0,549.5,378.1,423.0,823.6,968.9,469.8,1019.8,291.2,347.7,932.5,261.7,374.4,545.7,370.4,343.0,263.1,572.9,369.8,973.5,616.7,181.3,698.4,527.4,364.3,604.6,748.5,697.4,830.3,948.6,223.0,689.0,34.8,373.6,727.7,915.1,72.2,333.0,69.1,570.1,216.3,443.9,310.7,911.3,587.7,725.4,153.5,213.0,726.7,842.2,834.7,307.5,792.1,541.4,185.8,212.8,568.7,394.7,156.0,742.4,833.5,605.6,302.0,588.1,214.0,175.9,248.5,1002.1
3,680.2,730.5,401.2,0.0,937.9,860.1,155.9,417.8,362.0,1101.7,745.0,270.8,781.4,623.1,528.5,577.0,421.1,489.2,393.8,697.2,324.8,682.7,854.5,82.2,847.3,509.2,397.2,646.6,428.3,1153.7,655.2,820.7,522.6,508.6,914.9,460.8,687.1,816.6,386.6,1178.8,651.3,1136.9,1104.5,263.0,279.8,818.6,603.7,486.7,359.8,656.8,351.5,1150.0,414.1,1078.5,881.3,362.8,469.5,267.4,462.1,1101.7,592.6,419.1,799.2,701.7,518.5,294.3,55.6,584.0,490.0,141.0,445.3,386.6,1122.8,1168.7,690.8,1071.0,385.3,1058.7,503.3,460.8,788.3,84.0,372.7,455.0,568.3,1127.6,311.4,630.2,477.8,1003.7,506.3,341.5,1009.0,321.6,924.4,1172.8,713.4,499.7,923.3,475.9,813.6,333.7,90.2,1067.6,341.7,319.5,911.8,380.4,837.4,399.0,803.9,363.0,362.4,361.6,334.1,584.9,402.1,857.7,1013.8,684.8,408.9,777.2,744.9,845.2,560.4,1058.7,1133.2,714.4,146.3,1031.0,107.7,354.4,783.0,284.6,300.3,1194.2,692.6,446.2,385.0,993.8,1139.1,680.6,1190.0,546.2,309.7,1102.7,275.1,336.4,696.4,348.2,305.0,200.9,834.3,331.8,935.5,685.1,281.1,636.2,465.2,302.1,817.6,961.5,635.2,1000.5,1118.8,239.8,924.4,366.4,311.4,796.1,1085.3,329.0,270.8,332.1,651.8,477.7,613.8,521.5,1081.5,843.2,938.4,283.5,474.4,664.5,1012.4,1004.9,107.7,962.3,479.2,373.6,467.7,673.4,646.9,366.8,810.8,1003.7,818.6,557.0,761.7,232.6,430.8,210.5,1138.6
4,1427.3,209.3,975.9,937.9,0.0,955.6,923.7,978.5,987.5,419.5,704.2,752.8,316.3,845.9,955.9,939.9,1103.5,1049.9,613.5,398.8,885.5,1214.3,878.5,855.7,903.4,581.4,665.6,347.3,578.4,423.1,1186.8,1059.8,896.9,642.3,566.0,1021.5,717.9,840.6,809.0,256.4,883.6,481.7,182.1,726.3,962.2,323.0,770.3,1209.7,655.9,1188.4,647.6,419.4,1096.5,484.7,208.8,657.5,1074.3,730.7,1022.8,419.5,1275.0,597.8,334.1,732.5,1078.0,674.4,938.7,730.4,1172.4,942.1,771.5,1029.8,366.6,382.5,721.6,739.5,1031.1,707.1,651.8,828.2,645.8,885.1,998.2,1137.4,1291.3,439.4,776.9,661.0,1038.5,550.2,913.2,1023.9,71.1,701.7,948.4,298.1,678.5,573.0,14.6,640.5,597.9,1016.1,847.7,145.2,637.8,699.6,26.1,692.3,800.2,796.6,805.3,947.3,658.5,1044.0,630.2,1267.3,1014.3,185.2,634.7,715.6,559.0,661.7,193.0,172.7,920.7,707.1,478.0,742.7,791.6,651.9,830.2,650.5,674.9,863.9,982.7,308.0,723.4,649.8,681.1,614.7,408.5,1268.9,342.2,920.0,689.8,505.1,738.4,799.7,727.2,644.3,685.1,785.8,943.3,627.9,2.4,410.9,902.3,387.4,617.4,721.5,784.4,716.6,409.4,472.8,463.6,776.1,948.4,943.9,721.4,620.6,487.7,981.3,752.8,978.2,682.6,1038.4,760.2,1203.9,483.9,867.2,727.1,965.9,1002.4,441.7,484.7,625.8,830.2,522.1,624.9,914.3,846.0,704.2,834.3,1049.2,635.3,550.2,701.4,928.1,630.2,917.6,877.9,727.4,216.2
5,895.3,863.2,598.7,860.1,955.6,0.0,774.9,498.1,610.3,668.8,553.9,777.9,914.1,343.0,423.2,407.1,528.3,463.9,740.2,671.8,576.3,379.5,118.3,777.9,121.5,1016.3,904.3,723.3,772.2,720.8,352.0,225.0,434.3,670.6,482.0,435.5,387.5,115.0,552.3,751.4,380.7,704.0,801.7,681.6,679.4,951.3,377.5,719.5,628.4,353.6,697.9,717.1,516.7,645.6,1014.0,625.4,488.3,737.4,436.8,668.8,522.1,639.3,931.9,406.9,341.6,724.7,860.9,415.7,597.2,860.8,486.3,549.4,689.9,735.8,417.8,392.8,550.7,380.5,657.5,489.2,382.2,807.3,621.0,562.2,697.9,694.7,628.0,475.3,452.5,570.8,450.6,646.7,884.5,752.0,109.2,739.9,338.6,1006.8,970.2,527.7,446.9,638.9,769.9,810.4,688.1,749.9,981.7,887.5,240.3,539.9,150.3,570.1,708.8,569.2,654.1,529.8,533.9,990.4,453.4,385.2,752.8,510.7,877.6,977.9,391.9,380.5,700.3,274.4,713.8,470.6,752.4,700.8,408.2,1004.4,650.3,761.3,416.0,537.0,731.4,495.4,706.2,434.1,757.1,411.1,740.1,669.8,669.5,806.4,412.2,640.0,735.4,708.0,25.8,678.2,958.0,659.7,676.3,825.0,972.3,809.2,193.4,291.4,847.0,567.6,685.9,667.9,109.2,566.7,818.5,469.6,652.4,604.1,777.9,601.0,453.7,452.4,375.0,593.2,648.6,123.3,314.5,683.1,449.1,879.3,579.5,506.5,752.4,529.4,986.3,630.7,483.4,435.2,301.5,564.0,484.3,570.8,254.2,395.4,366.6,743.6,520.3,693.4,739.4
6,607.8,716.3,245.3,155.9,923.7,774.9,0.0,282.0,206.1,1063.1,706.4,278.2,767.2,552.2,452.0,497.4,265.2,338.4,379.6,658.6,266.2,579.3,795.8,101.3,762.1,516.6,404.6,632.4,414.1,1115.1,570.0,735.5,446.1,494.4,876.3,339.4,648.5,757.9,338.6,1145.7,580.4,1098.3,1090.3,248.8,123.9,804.4,563.0,368.8,345.6,571.6,337.3,1111.4,258.2,1039.9,867.1,348.6,313.6,253.2,338.1,1063.1,436.7,404.9,785.0,663.1,433.3,280.1,156.7,545.4,334.1,85.9,404.6,230.7,1084.2,1130.1,652.2,1030.3,229.4,1018.0,489.1,404.1,747.6,71.9,216.8,299.1,450.4,1089.0,272.8,591.6,322.4,965.1,429.8,185.6,994.8,307.4,865.7,1134.2,672.7,507.1,909.1,437.3,775.0,177.8,109.3,1053.4,327.5,305.3,897.6,387.8,796.7,351.0,745.2,207.1,348.2,205.7,319.9,429.0,246.2,843.5,975.2,646.2,394.7,738.6,730.7,831.0,483.9,1018.0,1094.6,673.7,165.4,992.4,126.8,340.2,742.3,229.5,144.4,1155.6,654.0,407.6,370.8,955.2,1100.5,524.7,1151.4,469.7,295.5,1064.1,260.9,322.2,657.8,334.0,290.8,208.3,749.1,317.6,921.3,646.5,125.2,643.6,472.6,309.5,776.9,920.8,642.6,961.9,1080.2,225.6,865.7,210.5,318.8,757.5,1046.7,173.1,278.2,176.2,613.2,322.5,573.1,365.6,1042.9,763.9,897.7,127.6,389.2,671.9,973.8,966.3,126.8,923.7,486.6,315.0,391.3,634.8,571.4,210.9,772.2,965.1,777.9,480.5,721.0,76.7,354.4,196.3,1124.4
7,716.3,771.1,156.4,417.8,978.5,498.1,282.0,0.0,168.0,842.1,679.2,335.6,822.0,296.7,194.4,220.6,132.8,127.2,434.4,631.4,134.0,320.7,519.0,335.6,485.3,574.0,462.0,682.9,468.9,894.1,293.2,458.7,240.2,489.2,655.3,98.8,484.1,481.1,212.0,924.7,324.9,877.3,975.0,276.4,186.5,859.2,396.9,348.7,361.4,294.8,392.1,890.4,125.8,818.9,921.9,358.4,151.6,308.0,100.1,842.1,304.3,394.1,839.8,503.5,156.5,334.9,418.6,435.1,201.7,367.9,278.0,51.3,863.2,909.1,514.4,768.6,52.6,756.3,476.1,228.2,525.3,353.9,178.7,166.7,327.1,868.0,215.0,551.1,115.8,744.1,223.9,153.8,1049.6,362.2,588.9,913.2,450.4,564.5,963.9,410.1,620.2,146.0,327.6,983.7,382.3,360.1,952.4,445.2,535.0,224.4,468.4,127.8,403.0,76.3,374.7,296.6,35.8,898.3,754.2,481.8,449.5,684.0,785.5,885.8,230.8,756.3,873.6,412.0,271.5,771.4,310.1,395.0,520.0,511.5,157.4,934.6,512.6,380.7,425.6,734.2,879.5,375.3,930.4,230.6,350.3,843.1,264.3,377.0,508.8,373.0,345.6,265.7,472.3,372.4,976.1,619.3,218.0,701.0,530.0,366.9,511.5,659.1,700.0,740.9,859.2,225.6,588.9,124.4,376.2,642.9,825.7,154.9,335.6,158.0,548.6,115.7,407.0,233.2,821.9,487.1,636.0,190.2,112.4,729.3,752.8,745.3,310.1,702.7,544.0,188.4,215.4,531.8,294.6,78.5,657.6,744.1,516.2,219.0,498.7,250.7,178.5,251.1,912.7
8,731.1,780.1,78.4,362.0,987.5,610.3,206.1,168.0,0.0,943.1,688.2,344.6,831.0,385.3,285.1,332.8,171.1,239.4,443.4,640.4,143.0,432.9,630.7,307.4,597.5,583.0,471.0,691.9,477.9,995.1,405.4,570.9,279.2,498.2,756.3,211.0,532.6,592.8,221.0,1025.7,413.5,978.3,1076.0,285.4,110.6,868.2,445.4,387.0,370.4,407.0,401.1,991.4,164.1,919.9,930.9,367.4,219.5,317.0,212.3,943.1,342.6,403.1,848.8,552.0,268.7,343.9,362.8,471.6,240.0,292.0,287.0,136.6,964.2,1010.1,562.9,869.6,135.3,857.3,485.1,237.2,626.3,278.0,10.7,205.0,365.4,969.0,224.0,560.1,228.0,845.1,262.9,91.5,1058.6,371.2,700.6,1014.2,551.4,573.5,972.9,419.1,721.2,83.7,315.4,1084.7,391.3,369.1,961.4,454.2,636.0,233.4,580.1,40.2,412.0,111.6,383.7,334.9,152.1,907.3,855.2,530.3,458.5,720.4,794.5,894.8,317.0,857.3,974.6,513.0,280.5,872.4,319.1,404.0,621.0,435.6,81.5,1035.6,561.1,389.7,434.6,835.2,980.5,430.6,1031.4,302.8,359.3,944.1,273.3,386.0,557.3,382.0,354.6,274.7,584.5,381.4,985.1,628.3,142.1,710.0,539.0,375.9,616.2,760.1,709.0,841.9,960.2,234.6,700.6,43.6,385.2,739.3,926.7,33.0,344.6,29.9,581.7,227.9,455.5,271.5,922.9,599.3,737.0,114.3,224.6,738.3,853.8,846.3,319.1,803.7,553.0,197.4,224.4,580.3,406.3,116.8,754.0,845.1,617.2,313.6,599.7,174.8,187.5,260.1,1013.7
9,1443.3,628.8,931.5,1101.7,419.5,668.8,1063.1,842.1,943.1,0.0,418.1,1019.5,560.5,559.1,669.1,653.1,872.3,807.9,867.3,662.1,844.8,927.5,591.7,1019.5,616.6,985.4,1069.6,713.6,890.7,52.0,900.0,773.0,669.6,789.1,279.2,779.5,503.8,553.8,725.8,163.1,596.8,110.6,265.6,851.7,999.1,523.3,501.4,1088.2,794.5,901.6,864.0,48.3,860.7,113.6,628.3,791.5,832.3,907.5,780.8,0.0,1043.8,757.8,542.7,523.2,791.2,890.8,1102.5,572.9,941.2,1105.9,659.8,893.4,175.6,67.0,534.1,452.7,894.7,483.4,776.0,724.5,359.0,1048.9,953.8,906.2,1066.6,68.3,801.5,591.6,796.5,263.4,685.9,990.7,348.4,918.1,661.6,129.1,391.7,977.0,434.1,646.2,311.1,982.9,1011.5,274.3,854.2,916.0,445.6,1096.3,513.4,713.4,518.5,902.9,874.9,913.2,820.2,1036.1,877.9,604.7,347.9,501.5,871.3,374.9,612.5,592.2,637.8,483.4,106.9,455.9,955.4,365.1,994.0,866.9,388.1,1249.5,985.4,150.5,532.3,655.5,897.5,327.9,37.4,982.1,141.1,657.0,906.2,134.0,839.6,976.5,528.5,806.1,901.5,949.6,656.5,844.3,421.9,650.0,939.2,791.4,1021.4,1050.8,497.6,429.8,813.4,167.3,92.5,861.9,661.6,899.5,1060.1,333.8,116.6,936.9,1019.5,933.8,570.0,796.4,491.3,972.7,112.8,580.4,440.3,1002.8,738.8,845.7,155.4,339.0,994.0,220.9,1028.9,860.2,718.7,551.5,547.5,908.0,348.5,263.4,414.6,641.3,343.4,1033.1,755.6,904.2,203.3
10,1231.4,496.8,676.6,745.0,704.2,553.9,706.4,679.2,688.2,418.1,0.0,662.8,547.7,444.2,554.2,538.2,757.4,693.0,510.6,305.4,586.2,812.6,476.8,662.8,501.7,652.6,736.8,356.9,534.0,470.1,785.1,658.1,554.7,432.4,231.3,664.6,366.9,438.9,467.2,500.7,481.9,453.3,551.0,495.0,666.5,584.9,386.5,973.3,437.8,786.7,507.3,466.4,745.8,394.9,647.6,434.8,717.4,550.8,665.9,418.1,928.9,401.1,565.5,381.5,676.3,534.1,745.8,379.4,826.3,749.2,429.7,730.5,439.2,485.1,370.6,435.0,731.8,456.8,419.3,486.4,244.1,692.2,698.9,791.3,951.7,444.0,465.1,310.0,681.6,320.1,571.0,728.2,633.8,561.4,546.7,489.2,276.8,644.2,689.6,289.5,130.0,720.4,654.8,559.7,497.5,559.3,678.1,763.5,398.5,454.8,403.6,648.0,518.2,748.3,463.5,921.2,715.0,624.0,330.2,364.6,514.6,93.6,511.2,611.5,522.9,456.8,449.6,341.0,598.7,347.4,637.3,510.2,273.2,892.8,687.0,510.6,372.4,298.8,540.8,310.2,455.5,867.2,506.4,542.1,549.5,419.1,482.9,619.8,376.2,449.4,544.8,592.9,541.6,487.6,701.8,293.3,606.6,458.6,688.6,694.1,382.7,314.9,480.6,316.9,435.2,505.2,546.7,644.6,703.4,112.5,401.7,682.0,662.8,678.9,331.6,681.5,376.4,857.8,397.9,465.5,325.4,670.2,623.9,512.9,328.8,321.3,637.3,278.7,696.1,601.6,504.2,353.2,432.6,753.5,127.2,320.1,299.7,526.4,228.5,700.3,536.1,547.5,488.7
11,803.2,545.4,333.0,270.8,752.8,777.9,278.2,335.6,344.6,1019.5,662.8,0.0,596.3,540.9,446.3,494.8,460.6,407.0,311.6,518.6,242.6,600.5,772.3,188.6,765.1,238.4,126.4,467.1,346.1,1071.5,573.0,738.5,440.4,426.4,832.7,378.6,604.9,734.4,304.4,993.7,569.1,1054.7,919.4,180.8,319.3,633.5,521.5,564.2,277.6,574.6,269.3,1067.8,453.6,996.3,696.2,280.6,431.4,185.2,379.9,1019.5,632.1,336.9,614.1,619.5,436.3,212.1,271.6,501.8,529.5,275.0,363.1,386.9,1040.6,1086.5,608.6,988.8,388.2,976.5,421.1,378.6,706.1,218.0,355.3,494.5,645.8,1045.4,229.2,548.0,395.6,921.5,424.1,381.0,823.9,239.4,842.2,1035.4,631.2,228.9,738.2,393.7,731.4,373.2,180.6,882.5,259.5,237.3,726.7,109.6,755.2,316.8,721.7,304.4,280.2,401.1,251.9,624.4,371.4,672.6,931.6,602.6,326.7,695.0,559.8,660.1,478.2,976.5,1051.0,632.2,124.5,948.8,163.1,272.2,700.8,328.2,339.8,1045.3,610.4,364.0,302.8,911.6,1056.9,655.1,1079.5,464.0,227.5,1020.5,192.9,254.2,614.2,266.0,222.8,69.9,752.1,249.6,750.4,530.7,259.4,365.4,194.4,31.3,735.4,879.3,364.4,918.3,1036.6,157.6,842.2,301.0,40.6,713.9,1003.1,338.4,0.0,335.3,569.6,395.5,531.6,561.0,999.3,761.0,856.2,323.0,392.2,393.7,930.2,922.7,163.1,880.1,208.4,291.4,385.5,591.2,564.7,406.3,728.6,921.5,736.4,474.8,679.5,272.1,348.6,128.3,953.5
12,1270.8,165.8,819.4,781.4,316.3,914.1,767.2,822.0,831.0,560.5,547.7,596.3,0.0,725.0,807.0,822.6,947.0,893.4,457.0,242.3,729.0,1086.9,837.0,699.2,861.9,424.9,509.1,190.8,421.9,564.1,1059.4,1018.3,740.4,485.8,707.0,865.0,561.4,799.1,652.5,397.4,762.7,622.7,323.1,569.8,805.7,37.2,613.8,1053.2,499.4,1061.0,491.1,560.4,940.0,625.7,259.7,501.0,917.8,574.2,866.3,560.5,1118.5,441.3,17.8,576.0,922.7,517.9,782.2,573.9,1015.9,785.6,615.0,873.3,507.6,523.5,565.1,880.5,874.6,848.1,495.3,671.7,713.6,728.6,841.7,980.9,1134.8,580.4,620.4,504.5,882.0,691.2,756.7,867.4,289.1,545.2,906.9,439.1,638.7,416.5,301.7,484.0,616.3,859.6,691.2,286.2,481.3,543.1,290.2,535.8,762.7,640.1,763.8,790.8,502.0,887.5,473.7,1110.8,857.8,236.1,775.7,559.1,402.5,579.9,123.3,223.6,764.2,848.1,619.0,639.7,635.1,792.9,673.7,494.0,708.3,707.4,826.2,449.0,566.9,493.3,524.6,755.7,549.5,1141.5,483.2,763.5,533.3,646.1,581.9,643.2,570.7,487.8,528.6,629.3,901.8,471.4,313.9,254.4,745.8,230.9,460.9,565.0,742.9,801.2,252.9,613.8,604.6,619.6,906.9,787.4,564.9,598.8,628.7,824.8,596.3,821.7,526.1,881.9,603.7,1047.4,624.9,825.7,811.7,809.4,845.9,285.2,625.7,766.8,673.7,663.1,468.4,757.8,689.5,547.7,728.2,892.7,613.5,691.2,743.9,779.3,687.0,761.1,721.4,570.9,357.2
13,910.4,674.1,373.7,623.1,845.9,343.0,552.2,296.7,385.3,559.1,444.2,540.9,725.0,0.0,122.7,120.2,326.9,262.5,431.7,482.7,346.3,422.1,265.9,540.9,290.8,779.3,667.3,534.2,466.2,611.1,394.6,447.2,111.8,406.0,372.3,234.1,200.1,228.0,241.8,641.7,37.7,594.3,692.0,373.1,456.7,762.2,112.9,542.8,319.9,396.2,389.4,607.4,315.3,535.9,824.9,316.9,286.9,428.9,235.4,559.1,498.4,351.5,742.8,219.5,257.9,416.2,623.9,151.1,395.8,627.3,177.8,348.0,580.2,626.1,230.4,485.6,349.3,473.3,392.9,166.7,242.3,570.3,396.0,360.8,521.2,585.0,317.5,286.2,251.1,461.1,128.1,437.6,774.8,443.5,335.8,630.2,167.4,769.8,860.5,263.1,337.2,429.8,532.9,700.7,379.6,441.4,855.4,650.5,252.0,229.4,215.3,345.1,400.3,367.8,345.6,490.7,332.5,801.3,471.2,197.8,446.8,401.0,688.5,788.8,91.4,473.3,590.6,129.0,476.8,488.4,515.4,392.3,237.0,770.9,427.6,651.6,228.6,272.4,422.9,451.2,596.5,476.7,647.4,110.6,431.6,560.1,361.0,497.9,224.8,331.5,426.9,471.0,330.7,369.7,848.3,470.6,446.3,635.9,735.3,572.2,232.2,376.1,657.9,457.9,576.2,383.3,335.8,341.7,581.5,359.9,542.7,379.1,540.9,376.0,264.6,251.0,123.0,427.3,538.9,254.6,353.0,460.4,192.9,690.2,469.8,462.3,515.4,419.7,749.3,376.1,160.9,247.8,75.9,362.6,374.6,461.1,233.2,94.9,215.7,520.9,197.8,425.6,629.7
14,808.1,756.1,273.5,528.5,955.9,423.2,452.0,194.4,285.1,669.1,554.2,446.3,807.0,122.7,0.0,48.5,224.6,160.2,445.9,573.9,246.1,319.8,346.1,446.3,371.0,684.7,572.7,625.4,480.4,721.1,292.3,457.8,66.9,431.7,482.3,131.8,310.1,308.2,202.3,751.7,150.9,704.3,802.0,278.5,356.5,844.2,222.9,440.5,334.1,293.9,403.6,717.4,213.0,645.9,906.9,331.1,184.6,334.3,133.1,669.1,396.1,365.7,824.8,329.5,155.6,361.2,529.3,261.1,293.5,532.7,192.0,245.7,690.2,736.1,340.4,595.6,247.0,583.3,418.6,137.2,352.3,475.7,295.8,258.5,418.9,695.0,217.3,396.2,148.8,571.1,50.6,337.4,884.8,388.5,416.0,740.2,277.4,675.2,948.9,352.6,447.2,329.6,438.3,810.7,393.8,386.4,937.4,555.9,362.0,199.9,295.5,244.9,414.5,265.5,359.8,388.4,230.2,883.3,581.2,307.8,461.0,511.0,770.5,870.8,43.7,583.3,700.6,239.0,382.2,598.4,420.8,406.5,347.0,676.3,327.4,761.6,338.6,323.2,437.1,561.2,706.5,374.4,757.4,43.5,376.6,670.1,266.4,403.3,334.8,345.7,371.9,376.4,410.9,383.9,958.3,561.8,346.1,717.9,640.7,477.6,338.6,486.1,739.9,567.9,686.2,288.7,416.0,241.5,486.9,469.9,652.7,278.9,446.3,275.8,374.6,148.7,233.0,325.0,648.9,334.8,463.0,360.2,90.6,772.2,579.8,572.3,420.8,529.7,654.7,275.9,129.2,357.8,121.7,260.3,484.6,571.1,343.2,40.3,325.7,420.7,136.1,331.0,739.7
15,834.3,771.7,321.2,577.0,939.9,407.1,497.4,220.6,332.8,653.1,538.2,494.8,822.6,120.2,48.5,0.0,250.8,186.4,461.5,589.5,294.6,333.9,330.0,494.8,354.9,733.2,621.2,641.0,496.0,705.1,306.4,471.9,88.1,447.3,466.3,158.0,307.2,292.1,230.8,735.7,148.4,688.3,786.0,327.0,401.9,859.8,220.2,466.7,349.7,308.0,419.2,701.4,239.2,629.9,922.5,346.7,210.8,382.8,159.3,653.1,422.3,381.3,840.4,326.6,169.7,409.7,577.8,258.4,319.7,581.2,207.6,271.9,674.2,720.1,337.5,579.6,273.2,567.3,434.2,155.7,336.3,524.2,343.5,284.7,445.1,679.0,265.8,393.5,175.0,555.1,99.0,369.2,868.8,437.0,399.9,724.2,261.4,723.7,954.5,368.2,431.2,361.4,486.8,794.7,409.4,434.9,953.0,604.4,346.0,218.4,279.4,292.6,430.1,291.7,375.4,414.6,256.4,898.9,565.2,304.9,476.6,495.0,786.1,886.4,59.3,567.3,684.6,223.0,430.7,582.4,469.3,422.1,331.0,724.8,372.8,745.6,335.7,338.8,452.7,545.2,690.5,388.5,741.4,59.1,425.1,654.1,314.9,451.8,331.9,361.3,420.4,424.9,394.8,399.5,942.3,577.4,394.6,733.5,689.2,526.1,322.5,470.1,755.5,551.9,670.2,337.2,399.9,289.2,535.4,453.9,636.7,326.6,494.8,323.5,371.9,174.9,230.3,351.2,632.9,318.7,447.0,405.6,117.3,787.8,563.8,556.3,469.3,513.7,703.2,324.4,147.7,354.9,105.6,286.5,468.6,555.1,327.2,43.3,309.7,466.1,184.6,379.5,723.7
16,583.5,896.1,210.3,421.1,1103.5,528.3,265.2,132.8,171.1,872.3,757.4,460.6,947.0,326.9,224.6,250.8,0.0,91.8,559.4,760.0,266.8,314.1,549.2,366.5,515.5,699.0,587.0,811.5,593.9,924.3,323.4,488.9,270.4,617.5,685.5,92.8,514.3,511.3,344.8,954.9,355.1,907.5,1005.2,403.8,169.7,984.2,427.1,215.9,488.8,325.0,517.1,920.6,11.6,849.1,1046.9,485.8,67.0,433.0,91.5,872.3,171.5,521.5,964.8,533.7,186.7,459.9,421.9,465.3,68.9,351.1,395.8,81.5,893.4,939.3,544.6,798.8,80.2,786.5,604.4,339.9,555.5,337.1,181.8,33.9,194.3,898.2,347.8,600.4,75.8,774.3,254.1,137.0,1088.0,487.2,619.1,943.4,480.6,689.5,1088.9,538.7,650.4,129.2,374.5,1013.9,507.3,485.1,1077.4,570.2,565.2,357.2,498.6,172.1,528.0,59.5,499.7,163.8,97.0,1023.3,784.4,512.0,574.5,714.2,910.5,1010.8,261.0,786.5,903.8,442.2,396.5,801.6,392.0,520.0,550.2,494.7,140.6,964.8,542.8,509.0,550.6,764.4,909.7,259.5,960.6,260.8,475.3,873.3,391.7,502.0,539.0,500.4,470.6,390.7,502.5,497.4,1101.1,747.9,201.2,826.0,655.0,491.9,541.7,689.3,825.0,771.1,889.4,350.6,619.1,175.5,501.2,673.1,855.9,138.1,460.6,141.2,578.8,75.9,437.2,100.4,852.1,517.3,666.2,173.4,142.6,854.3,783.0,775.5,392.0,732.9,669.0,321.2,327.1,562.0,324.8,54.3,687.8,774.3,546.4,249.2,528.9,233.9,290.2,376.1,942.9
17,675.3,842.5,227.8,489.2,1049.9,463.9,338.4,127.2,239.4,807.9,693.0,407.0,893.4,262.5,160.2,186.4,91.8,0.0,505.8,702.8,205.4,286.5,484.8,407.0,451.1,645.4,533.4,754.3,540.3,859.9,259.0,424.5,206.0,560.6,621.1,28.4,449.9,446.9,283.4,890.5,290.7,843.1,940.8,347.8,242.9,930.6,362.7,307.7,432.8,260.6,463.5,856.2,80.2,784.7,993.3,429.8,51.8,379.4,27.1,807.9,263.3,465.5,911.2,469.3,122.3,406.3,490.0,400.9,160.7,424.3,331.4,154.7,829.0,874.9,480.2,734.4,153.4,722.1,547.5,275.5,491.1,410.3,250.1,125.7,286.1,833.8,286.4,536.0,16.0,709.9,189.7,210.2,1023.6,433.6,554.7,879.0,416.2,635.9,1035.3,481.5,586.0,202.4,399.0,949.5,453.7,431.5,1023.8,516.6,500.8,295.8,434.2,199.2,474.4,132.7,446.1,255.6,163.0,969.7,720.0,447.6,520.9,649.8,856.9,957.2,196.6,722.1,839.4,377.8,342.9,737.2,381.5,466.4,485.8,567.9,213.8,900.4,478.4,452.1,497.0,700.0,845.3,341.1,896.2,196.4,421.7,808.9,335.7,448.4,474.6,444.4,417.0,337.1,438.1,443.8,1047.5,690.7,274.4,772.4,601.4,438.3,477.3,624.9,771.4,706.7,825.0,297.0,554.7,195.8,447.6,608.7,791.5,211.3,407.0,214.4,514.4,15.9,372.8,192.2,787.7,452.9,601.8,246.6,78.2,800.7,718.6,711.1,381.5,668.5,615.4,259.8,262.7,497.6,260.4,127.5,623.4,709.9,482.0,184.8,464.5,307.1,225.8,322.5,878.5
18,904.6,406.1,431.8,393.8,613.5,740.2,379.6,434.4,443.4,867.3,510.6,311.6,457.0,431.7,445.9,461.5,559.4,505.8,0.0,373.7,341.4,699.3,663.1,311.6,688.0,550.0,438.0,322.2,103.9,919.3,671.8,837.3,379.3,184.2,680.5,477.4,453.0,625.2,291.4,854.4,459.9,902.5,780.1,182.2,418.1,494.2,412.3,665.6,111.8,673.4,103.5,915.6,552.4,844.1,556.9,114.8,530.2,186.6,478.7,867.3,730.9,139.7,474.8,467.6,535.1,130.3,394.6,349.9,628.3,398.0,253.9,485.7,888.4,934.3,456.7,879.6,487.0,867.3,193.7,310.6,596.9,341.0,454.1,593.3,747.2,893.2,243.6,396.1,494.4,769.3,395.6,479.8,684.6,157.6,733.0,896.1,522.0,540.5,598.9,241.5,579.2,472.0,303.6,743.2,93.7,155.5,587.4,421.2,646.0,279.0,612.5,403.2,114.4,499.9,86.1,723.2,470.2,533.3,779.4,450.7,84.5,542.8,420.5,520.8,403.1,867.3,898.8,523.0,247.5,796.6,286.1,106.4,591.6,541.6,438.6,906.0,458.5,211.8,137.0,759.4,904.7,753.9,940.2,402.4,145.7,868.3,194.3,255.6,462.3,100.2,141.0,241.7,727.9,83.8,611.1,385.8,358.2,367.9,506.0,342.9,626.2,764.1,389.9,766.1,884.4,232.0,733.0,399.8,352.2,561.7,850.9,437.2,311.6,434.1,417.7,494.3,422.4,659.8,847.1,651.8,747.0,421.8,469.1,422.2,778.0,770.5,286.1,727.9,520.0,381.0,328.4,439.3,455.5,505.1,576.4,769.3,627.2,418.2,570.3,373.5,360.3,183.3,814.2
19,1183.6,191.4,628.8,697.2,398.8,671.8,658.6,631.4,640.4,662.1,305.4,518.6,242.3,482.7,573.9,589.5,760.0,702.8,373.7,0.0,538.4,890.6,594.7,615.0,619.6,347.2,431.4,51.5,338.6,714.1,863.1,776.0,507.3,384.6,475.3,674.4,319.1,556.8,419.4,639.7,520.4,697.3,565.4,447.2,618.7,279.5,371.5,944.6,390.0,864.7,407.8,710.4,753.0,638.9,342.2,387.0,727.2,490.9,675.7,662.1,931.5,353.3,260.1,333.7,726.4,434.6,698.0,331.6,828.9,701.4,381.9,682.7,683.2,729.1,322.8,679.0,684.0,700.8,371.5,438.6,471.3,644.4,651.1,793.9,954.3,688.0,417.3,262.2,691.4,564.1,523.6,680.4,469.9,461.9,664.6,681.4,396.4,338.8,384.2,241.7,374.0,672.6,607.0,528.5,398.0,459.8,372.7,458.1,520.4,407.0,521.5,600.2,418.7,700.5,390.4,923.8,667.2,318.6,574.2,316.8,319.2,337.6,205.8,306.1,531.1,700.8,693.6,397.4,550.9,591.4,589.5,410.7,466.0,629.7,639.2,691.3,324.6,251.0,441.3,554.2,699.5,945.2,725.5,530.4,450.0,663.1,435.1,559.9,328.4,401.6,445.3,545.1,659.5,388.1,396.4,12.1,558.8,153.2,383.2,487.3,500.6,558.9,175.2,560.9,679.2,457.4,664.6,596.8,487.2,356.5,645.7,634.2,518.6,631.1,283.8,691.3,361.4,860.4,641.9,583.4,569.4,622.4,641.8,207.5,572.8,565.3,589.5,522.7,390.7,553.8,456.4,305.4,485.9,705.7,371.2,564.1,501.6,546.2,444.7,652.5,488.3,487.6,599.5
20,791.2,678.1,131.4,324.8,885.5,576.3,266.2,134.0,143.0,844.8,586.2,242.6,729.0,346.3,246.1,294.6,266.8,205.4,341.4,538.4,0.0,398.9,591.7,242.6,563.5,481.0,369.0,589.9,375.9,896.8,371.4,536.9,240.2,396.2,658.0,177.0,430.6,553.8,119.0,927.4,374.5,880.0,977.7,183.4,200.9,766.2,343.4,482.7,268.4,373.0,299.1,893.1,258.2,821.6,828.9,265.4,229.8,215.0,178.3,844.8,438.3,301.1,746.8,450.0,234.7,241.9,325.6,369.6,335.7,329.0,185.0,185.3,865.9,911.8,460.9,810.7,186.6,798.4,383.1,194.1,528.0,272.0,153.7,300.7,461.1,870.7,122.0,458.1,194.0,746.8,223.9,195.3,956.6,269.2,661.6,915.9,453.1,471.5,870.9,317.1,622.9,187.5,234.6,986.4,289.3,267.1,859.4,352.2,577.1,131.4,541.1,102.8,310.0,210.3,281.7,430.6,169.8,805.3,756.9,428.3,356.5,618.4,692.5,792.8,278.0,798.4,876.3,454.1,178.5,774.1,217.1,302.0,522.7,472.6,185.3,937.3,459.1,287.7,332.6,736.9,882.2,453.5,933.1,263.8,257.3,845.8,171.3,284.0,455.3,280.0,252.6,172.7,550.5,279.4,883.1,526.3,141.0,608.0,437.0,273.9,557.3,701.2,607.0,743.6,861.9,132.6,661.6,99.4,283.2,637.3,828.4,136.8,242.6,133.7,479.7,193.9,353.5,367.2,824.6,565.3,678.1,204.6,190.6,636.3,755.5,748.0,217.1,705.4,451.0,95.4,185.4,478.3,367.3,212.5,652.0,746.8,558.3,274.6,501.4,234.9,148.5,158.1,915.4
21,515.8,1036.0,421.3,682.7,1214.3,379.5,579.3,320.7,432.9,927.5,812.6,600.5,1086.9,422.1,319.8,333.9,314.1,286.5,699.3,890.6,398.9,0.0,442.6,600.5,366.7,838.9,726.9,942.1,733.8,979.5,65.1,340.1,386.6,748.4,740.7,258.1,609.5,404.7,473.8,1010.1,450.3,962.7,1060.4,538.3,483.8,1124.1,522.3,340.0,623.3,66.7,657.0,975.8,325.7,904.3,1186.8,620.3,310.9,572.9,259.4,927.5,142.6,656.0,1104.7,628.9,164.2,599.8,683.5,560.5,245.2,665.2,508.7,372.0,948.6,994.5,639.8,765.3,373.3,753.0,735.3,456.8,638.6,629.9,443.6,280.2,318.4,953.4,476.9,695.6,275.1,829.5,370.3,451.1,1143.2,627.1,488.7,998.6,563.7,829.4,1228.8,669.3,705.6,443.3,592.5,1069.1,647.2,625.0,1217.3,710.1,531.7,486.2,409.0,392.7,667.9,373.6,639.6,150.3,356.5,1163.2,825.9,607.2,714.4,769.4,1050.4,1150.7,360.4,753.0,959.0,525.3,536.4,843.1,575.0,659.9,633.3,709.9,454.7,1020.0,638.0,639.9,690.5,819.6,964.9,54.6,1015.8,360.2,615.2,928.5,526.2,641.9,634.2,634.9,610.5,530.6,353.7,637.3,1216.7,878.5,498.9,965.9,794.9,631.8,452.1,655.8,964.9,826.3,944.6,490.5,488.7,389.3,641.1,728.3,911.1,426.7,600.5,423.6,674.0,275.0,532.4,213.7,907.3,368.5,632.7,487.5,271.7,994.2,838.2,830.7,575.0,788.1,808.9,453.3,444.5,657.2,407.9,368.4,743.0,829.5,512.9,344.4,612.0,548.0,407.6,516.0,998.1
22,958.4,786.1,619.1,854.5,878.5,118.3,795.8,519.0,630.7,591.7,476.8,772.3,837.0,265.9,346.1,330.0,549.2,484.8,663.1,594.7,591.7,442.6,0.0,772.3,131.7,941.9,898.7,646.2,695.1,643.7,415.1,288.1,357.2,593.5,404.9,456.4,310.4,37.9,475.2,674.3,303.6,626.9,724.6,604.5,700.3,874.2,300.4,765.1,551.3,416.7,620.8,640.0,537.6,568.5,936.9,548.3,509.2,660.3,457.7,591.7,585.2,562.2,854.8,329.8,404.7,647.6,855.3,338.6,618.1,858.7,409.2,570.3,612.8,658.7,340.7,391.6,571.6,379.3,580.4,412.1,305.1,801.7,641.4,583.1,743.5,617.6,550.9,398.2,473.4,493.7,373.5,667.6,807.4,674.9,111.1,662.8,261.5,933.5,893.1,450.6,369.8,659.8,764.3,733.3,611.0,672.8,904.6,881.9,181.0,462.8,73.2,590.5,631.7,590.1,577.0,592.9,554.8,913.3,452.2,308.1,675.7,433.6,800.5,900.8,314.8,379.3,623.2,197.3,708.2,469.4,746.8,623.7,331.1,1002.3,671.2,684.2,338.9,459.9,654.3,483.8,629.1,497.2,680.0,334.0,663.0,592.7,592.4,729.3,335.1,562.9,658.3,702.4,144.1,601.1,880.9,582.6,688.6,747.9,966.7,803.6,116.3,282.1,769.9,490.5,608.8,614.7,111.1,587.1,812.9,392.5,575.3,624.5,772.3,621.4,376.6,473.3,297.9,649.6,571.5,95.5,259.0,704.0,415.7,802.2,502.4,494.9,746.8,452.3,980.7,609.6,406.3,358.1,224.4,584.9,407.2,493.7,177.1,318.3,289.5,764.5,443.2,657.0,662.3
23,625.6,648.3,333.0,82.2,855.7,777.9,101.3,335.6,307.4,1019.5,662.8,188.6,699.2,540.9,446.3,494.8,366.5,407.0,311.6,615.0,242.6,600.5,772.3,0.0,765.1,427.0,315.0,564.4,346.1,1071.5,573.0,738.5,440.4,426.4,832.7,378.6,604.9,734.4,304.4,1096.6,569.1,1054.7,1022.3,180.8,225.2,736.4,521.5,432.1,277.6,574.6,269.3,1067.8,359.5,996.3,799.1,280.6,414.9,185.2,379.9,1019.5,538.0,336.9,717.0,619.5,436.3,212.1,83.0,501.8,435.4,86.4,363.1,332.0,1040.6,1086.5,608.6,988.8,330.7,976.5,421.1,378.6,706.1,29.4,318.1,400.4,513.7,1045.4,229.2,548.0,395.6,921.5,424.1,286.9,926.8,239.4,842.2,1090.6,631.2,417.5,841.1,393.7,731.4,279.1,8.0,985.4,259.5,237.3,829.6,298.2,755.2,316.8,721.7,304.4,280.2,307.0,251.9,530.3,347.5,775.5,931.6,602.6,326.7,695.0,662.7,763.0,478.2,976.5,1051.0,632.2,64.1,948.8,25.5,272.2,700.8,230.0,245.7,1112.0,610.4,364.0,302.8,911.6,1056.9,626.0,1107.8,464.0,227.5,1020.5,192.9,254.2,614.2,266.0,222.8,118.7,752.1,249.6,853.3,602.9,226.5,554.0,383.0,219.9,735.4,879.3,553.0,918.3,1036.6,157.6,842.2,301.0,229.2,713.9,1003.1,274.4,188.6,277.5,569.6,395.5,531.6,466.9,999.3,761.0,856.2,228.9,392.2,582.3,930.2,922.7,25.5,880.1,397.0,291.4,385.5,591.2,564.7,312.2,728.6,921.5,736.4,474.8,679.5,178.0,348.6,128.3,1056.4
24,882.5,811.0,585.9,847.3,903.4,121.5,762.1,485.3,597.5,616.6,501.7,765.1,861.9,290.8,371.0,354.9,515.5,451.1,688.0,619.6,563.5,366.7,131.7,765.1,0.0,966.8,891.5,671.1,720.0,668.6,339.2,212.2,382.1,618.4,429.8,422.7,335.3,93.8,500.1,699.2,328.5,651.8,749.5,629.4,666.6,899.1,325.3,706.7,576.2,340.8,645.7,664.9,503.9,593.4,961.8,573.2,475.5,685.2,424.0,616.6,509.3,587.1,879.7,354.7,328.8,672.5,848.1,363.5,584.4,848.0,434.1,536.6,637.7,683.6,365.6,454.4,537.9,442.1,605.3,437.0,330.0,794.5,608.2,549.4,685.1,642.5,575.8,423.1,439.7,518.6,398.4,633.9,832.3,699.8,201.6,687.7,286.4,958.4,918.0,475.5,394.7,626.1,757.1,758.2,635.9,697.7,929.5,874.7,220.8,487.7,98.1,557.3,656.6,556.4,601.9,517.0,521.1,938.2,515.0,333.0,700.6,458.5,825.4,925.7,339.7,442.1,648.1,222.2,701.0,532.2,739.6,648.6,356.0,991.6,637.5,709.1,363.8,484.8,679.2,508.7,654.0,421.3,704.9,358.9,687.9,617.6,617.3,754.2,360.0,587.8,683.2,695.2,95.7,626.0,905.8,607.5,663.5,772.8,959.5,796.4,141.2,344.9,794.8,515.4,633.7,639.6,201.6,553.9,805.7,417.4,600.2,591.3,765.1,588.2,401.5,439.6,322.8,580.4,596.4,57.6,321.8,670.3,436.3,827.1,527.3,519.8,739.6,477.2,973.5,617.9,431.2,383.0,249.3,551.2,432.1,518.6,202.0,343.2,314.4,730.8,468.1,680.6,687.2
25,998.9,374.0,571.4,509.2,581.4,1016.3,516.6,574.0,583.0,985.4,652.6,238.4,424.9,779.3,684.7,733.2,699.0,645.4,550.0,347.2,481.0,838.9,941.9,427.0,966.8,0.0,151.2,295.7,526.8,989.0,811.4,976.9,678.8,590.7,822.5,617.0,666.3,904.0,542.8,822.3,807.5,1044.5,748.0,419.2,557.7,462.1,718.7,802.6,516.0,813.0,507.7,985.3,692.0,986.1,524.8,519.0,669.8,423.6,618.3,985.4,870.5,546.2,442.7,680.9,674.7,450.5,510.0,678.8,767.9,513.4,601.5,625.3,932.5,948.4,670.0,1026.2,626.6,1048.0,600.2,617.0,818.5,456.4,593.7,732.9,884.2,1005.3,467.6,609.4,634.0,911.3,662.5,619.4,652.5,477.8,1011.8,864.0,743.6,144.6,566.8,588.9,721.2,611.6,419.0,711.1,497.9,475.7,555.3,263.9,867.6,555.2,868.7,542.8,518.6,639.5,490.3,862.8,609.8,501.2,921.4,664.0,507.4,684.8,388.4,488.7,716.6,1048.0,1040.8,744.6,362.9,938.6,401.5,510.6,813.2,435.5,578.2,873.9,671.8,598.2,541.2,901.4,974.4,893.5,908.1,702.4,465.9,1010.3,431.3,492.6,675.6,504.4,461.2,308.3,990.5,488.0,579.0,359.3,497.8,194.0,103.0,207.1,847.8,906.1,193.0,908.1,1026.4,396.0,1011.8,539.4,207.0,703.7,992.9,576.8,238.4,573.7,631.0,633.9,708.6,799.4,989.1,930.6,916.6,561.4,630.6,222.3,920.0,912.5,401.5,869.9,196.5,529.8,623.9,652.6,803.1,644.7,718.4,911.3,848.8,713.2,791.9,510.5,587.0,366.7,782.1
26,929.6,458.2,459.4,397.2,665.6,904.3,404.6,462.0,471.0,1069.6,736.8,126.4,509.1,667.3,572.7,621.2,587.0,533.4,438.0,431.4,369.0,726.9,898.7,315.0,891.5,151.2,0.0,379.9,472.5,1073.2,699.4,864.9,566.8,552.8,906.7,505.0,731.3,860.8,430.8,906.5,695.5,1128.7,832.2,307.2,445.7,546.3,647.9,690.6,404.0,701.0,395.7,1069.5,580.0,1070.3,609.0,407.0,557.8,311.6,506.3,1069.6,758.5,463.3,526.9,745.9,562.7,338.5,398.0,628.2,655.9,401.4,489.5,513.3,1016.7,1032.6,735.0,1110.4,514.6,1102.9,547.5,505.0,832.5,344.4,481.7,620.9,772.2,1089.5,355.6,674.4,522.0,995.5,550.5,507.4,736.7,365.8,968.6,948.2,757.6,228.8,651.0,520.1,805.4,499.6,307.0,795.3,385.9,363.7,639.5,164.0,881.6,443.2,848.1,430.8,406.6,527.5,378.3,750.8,497.8,585.4,1005.6,729.0,453.1,769.0,472.6,572.9,604.6,1102.9,1125.0,758.6,250.9,1022.8,289.5,398.6,827.2,382.6,466.2,958.1,736.8,490.4,429.2,985.6,1058.6,781.5,992.3,590.4,353.9,1094.5,319.3,380.6,740.6,392.4,349.2,196.3,878.5,376.0,663.2,443.5,385.8,278.2,107.2,95.1,861.8,990.3,277.2,992.3,1110.6,284.0,968.6,427.4,95.0,787.9,1077.1,464.8,126.4,461.7,696.0,521.9,658.0,687.4,1073.3,887.4,982.6,449.4,518.6,306.5,1004.2,996.7,289.5,954.1,262.8,417.8,511.9,717.6,691.1,532.7,802.6,995.5,862.8,601.2,805.9,398.5,475.0,254.7,866.3
27,1141.6,139.9,680.3,646.6,347.3,723.3,632.4,682.9,691.9,713.6,356.9,467.1,190.8,534.2,625.4,641.0,811.5,754.3,322.2,51.5,589.9,942.1,646.2,564.4,671.1,295.7,379.9,0.0,287.1,754.9,914.6,827.5,558.8,351.0,526.8,725.9,370.6,608.3,470.9,588.2,571.9,748.8,513.9,435.0,670.2,228.0,423.0,918.4,364.6,916.2,356.3,751.2,804.5,690.4,290.7,366.2,778.7,439.4,727.2,713.6,983.0,306.5,208.6,385.2,777.9,383.1,647.4,383.1,880.4,650.8,433.4,734.2,698.4,714.3,374.3,730.5,735.5,752.3,360.5,490.1,522.8,593.8,702.6,845.4,1000.0,739.5,468.8,313.7,742.9,615.6,575.1,731.9,418.4,410.4,716.1,629.9,447.9,287.3,332.7,293.2,425.5,724.1,556.4,477.0,346.5,408.3,321.2,406.6,571.9,458.5,573.0,651.7,367.2,752.0,338.9,975.3,718.7,267.1,625.7,368.3,267.7,389.1,154.3,254.6,582.6,752.3,745.1,448.9,500.3,642.9,538.9,359.2,517.5,578.2,690.7,639.8,376.1,302.5,389.8,605.7,740.3,996.7,674.0,581.9,398.5,714.6,447.1,508.4,379.9,353.0,393.8,494.5,711.0,336.6,344.9,63.6,610.3,101.7,331.7,435.8,552.1,610.4,123.7,612.4,730.7,484.8,716.1,648.3,435.7,408.0,697.2,685.7,467.1,682.6,335.3,742.8,412.9,911.9,693.4,634.9,620.9,673.9,693.3,156.0,624.3,616.8,538.9,574.2,339.2,605.3,507.9,356.9,537.4,757.2,422.7,615.6,553.1,597.7,496.2,626.3,539.8,436.1,548.0
28,939.1,371.0,466.3,428.3,578.4,772.2,414.1,468.9,477.9,890.7,534.0,346.1,421.9,466.2,480.4,496.0,593.9,540.3,103.9,338.6,375.9,733.8,695.1,346.1,720.0,526.8,472.5,287.1,0.0,942.7,706.3,871.8,413.8,207.6,703.9,511.9,476.4,657.2,325.9,819.3,494.4,925.9,745.0,216.7,452.6,459.1,444.3,700.1,146.3,707.9,138.0,939.0,586.9,867.5,521.8,149.3,564.7,221.1,513.2,890.7,765.4,163.1,439.7,491.0,569.6,164.8,429.1,373.3,662.8,432.5,288.4,520.2,911.8,945.4,480.1,907.6,521.5,899.0,217.1,345.1,628.6,375.5,488.6,627.8,781.7,916.6,278.1,419.5,528.9,792.7,430.1,514.3,649.5,192.1,765.0,861.0,553.7,518.4,563.8,264.9,602.6,506.5,338.1,708.1,128.2,190.0,552.3,455.7,677.7,313.5,644.5,437.7,148.9,534.4,120.6,757.7,504.7,498.2,802.8,474.1,19.4,566.2,385.4,485.7,437.6,899.0,922.2,554.7,282.0,820.0,320.6,140.9,623.3,576.1,473.1,870.9,481.9,235.2,171.5,782.8,928.1,788.4,905.1,436.9,180.2,891.7,228.8,290.1,485.7,134.7,175.5,276.2,759.9,118.3,576.0,350.7,392.7,332.8,540.5,377.4,657.9,787.5,354.8,789.5,907.8,266.5,765.0,434.3,386.7,585.1,874.3,471.7,346.1,468.6,441.1,528.8,454.4,694.3,870.5,683.8,778.7,456.3,503.6,387.1,801.4,793.9,320.6,751.3,554.5,415.5,362.9,462.7,490.0,539.6,599.8,792.7,658.9,452.7,602.0,408.0,394.8,217.8,779.1
29,1495.3,632.4,983.5,1153.7,423.1,720.8,1115.1,894.1,995.1,52.0,470.1,1071.5,564.1,611.1,721.1,705.1,924.3,859.9,919.3,714.1,896.8,979.5,643.7,1071.5,668.6,989.0,1073.2,754.9,942.7,0.0,952.0,825.0,721.6,841.1,331.2,831.5,555.8,605.8,777.8,166.7,648.8,114.2,269.2,903.7,1051.1,526.9,553.4,1140.2,846.5,953.6,916.0,3.7,912.7,117.2,631.9,843.5,884.3,959.5,832.8,52.0,1095.8,809.8,546.3,575.2,843.2,942.8,1154.5,624.9,993.2,1157.9,711.8,945.4,227.6,70.6,586.1,504.7,946.7,535.4,828.0,776.5,411.0,1100.9,1005.8,958.2,1118.6,71.9,853.5,643.6,848.5,315.4,737.9,1042.7,352.0,970.1,713.6,132.7,443.7,980.6,437.7,698.2,363.1,1034.9,1063.5,277.9,906.2,968.0,449.2,1099.9,565.4,765.4,570.5,954.9,926.9,965.2,872.2,1088.1,929.9,608.3,399.9,553.5,923.3,426.9,616.1,595.8,689.8,535.4,110.5,507.9,1007.4,417.1,1046.0,918.9,440.1,1271.5,1037.4,154.1,584.3,707.5,949.5,379.9,14.6,1034.1,144.7,709.0,958.2,137.6,891.6,1028.5,580.5,858.1,953.5,1001.6,708.5,896.3,425.5,702.0,991.2,795.0,1025.0,1102.8,549.6,481.8,817.0,170.9,96.1,913.9,713.6,951.5,1112.1,385.8,120.2,988.9,1071.5,985.8,622.0,848.4,543.3,1024.7,116.4,632.4,492.3,1054.8,790.8,849.3,159.0,391.0,1046.0,224.5,1032.5,912.2,770.7,603.5,599.5,960.0,400.5,315.4,466.6,693.3,395.4,1085.1,807.6,956.2,206.9
30,580.9,1008.5,393.8,655.2,1186.8,352.0,570.0,293.2,405.4,900.0,785.1,573.0,1059.4,394.6,292.3,306.4,323.4,259.0,671.8,863.1,371.4,65.1,415.1,573.0,339.2,811.4,699.4,914.6,706.3,952.0,0.0,312.6,359.1,720.9,713.2,230.6,582.0,377.2,446.3,982.6,422.8,935.2,1032.9,510.8,474.5,1096.6,494.8,405.1,595.8,1.6,629.5,948.3,311.8,876.8,1159.3,592.8,283.4,545.4,231.9,900.0,207.7,628.5,1077.2,601.4,136.7,572.3,656.0,533.0,310.3,655.9,481.2,344.5,921.1,967.0,612.3,737.8,345.8,725.5,707.8,429.3,611.1,602.4,416.1,345.3,383.5,925.9,449.4,668.1,247.6,802.0,342.8,441.8,1115.7,599.6,461.2,971.1,536.2,801.9,1201.3,641.8,678.1,434.0,565.0,1041.6,619.7,597.5,1189.8,682.6,504.2,458.7,381.5,365.2,640.4,364.3,612.1,215.4,329.0,1135.7,798.4,579.7,686.9,741.9,1022.9,1123.2,332.9,725.5,931.5,497.8,508.9,815.6,547.5,632.4,605.8,775.0,445.4,992.5,610.5,612.4,663.0,792.1,937.4,119.7,988.3,332.7,587.7,901.0,498.7,614.4,606.7,607.4,583.0,503.1,326.2,609.8,1189.2,851.0,471.4,938.4,767.4,604.3,424.6,628.3,937.4,798.8,917.1,463.0,461.2,361.8,613.6,700.8,883.6,399.2,573.0,396.1,646.5,247.5,504.9,278.8,879.8,341.0,605.2,478.2,244.2,966.7,810.7,803.2,547.5,760.6,781.4,425.8,417.0,629.7,380.4,359.1,715.5,802.0,485.4,316.9,584.5,538.7,380.1,488.5,970.6
