,0,1,2,3,4,5,6,7,8,9,10,11,12,13,14,15,16,17,18,19,20,21,22,23,24,25,26,27,28,29,30,31,32,33,34,35,36,37,38,39,40,41,42,43,44,45,46,47,48,49,50,51,52,53,54,55,56,57,58,59,60,61,62,63,64,65,66,67,68,69,70,71,72,73,74,75,76,77,78,79,80,81,82,83,84,85,86,87,88,89,90,91,92,93,94,95,96,97,98,99,100,101,102,103,104,105,106,107,108,109,110,111,112,113,114,115,116,117,118,119,120,121,122,123,124,125,126,127,128,129,130,131,132,133,134,135,136,137,138,139,140,141,142,143,144,145,146,147,148,149,150,151,152,153,154,155,156,157,158,159,160,161,162,163,164,165,166,167,168,169,170,171,172,173,174,175,176,177,178,179,180,181,182,183,184,185,186,187,188,189,190,191,192,193,194,195,196,197,198,199,200,201,202
0,0.0,1128.1,1472.3,852.8,895.5,862.3,1099.2,1423.2,1347.1,879.3,1144.7,495.9,439.5,891.0,903.6,962.7,851.8,1051.2,841.9,652.9,680.1,1091.8,1089.4,723.8,688.1,839.0,501.5,783.2,783.5,1145.9,880.1,739.0,661.8,1077.1,903.9,1068.0,857.6,1231.4,803.0,1475.1,1138.2,644.1,694.2,668.5,825.0,1097.8,1113.3,993.1,915.6,570.1,646.9,847.0,1477.6,813.8,419.7,836.0,1102.7,1394.9,1018.1,1488.0,899.7,500.6,1145.9,837.6,923.4,947.0,1150.7,1497.8,1367.3,1144.6,763.9,871.7,664.9,869.3,883.2,964.1,862.2,1013.8,661.8,1145.4,762.7,1511.5,821.4,988.1,1145.7,1260.0,1256.9,733.0,1352.5,934.8,428.5,520.1,857.6,1116.5,711.5,1141.6,1453.6,1133.0,647.7,1333.2,1116.5,1280.7,826.4,1022.0,601.7,925.4,877.9,1068.2,898.4,900.6,1085.5,1346.3,673.7,1107.5,800.6,1389.9,756.5,813.8,766.7,934.5,1151.5,1138.1,1047.4,463.1,1536.1,891.0,461.2,595.1,868.8,1085.9,877.4,1362.7,867.2,804.7,682.1,669.4,952.1,1303.9,864.8,496.7,947.1,939.2,682.5,1142.5,1335.4,498.0,895.8,823.7,576.8,1150.8,1335.4,1158.0,1408.3,709.8,920.4,1527.0,546.3,974.1,783.9,687.9,893.7,1535.8,1288.6,821.4,807.9,428.3,862.9,601.9,1133.7,585.8,855.9,585.8,797.8,680.5,1284.9,1122.3,878.1,1033.1,1321.1,1385.4,1414.4,1169.5,1124.7,612.7,1008.2,559.9,1373.7,854.8,1473.9,1141.7,701.0,767.8,1029.4,1031.1,1105.6,515.8,1518.6,817.6,1312.6,733.8,910.6,721.3,1513.9
1,1128.1,0.0,691.2,443.9,438.2,453.4,232.6,514.0,641.4,431.4,223.0,647.0,716.1,336.1,446.3,310.7,370.3,97.5,674.0,616.3,485.0,240.0,167.7,506.9,623.9,445.9,732.7,488.5,501.9,285.1,416.1,389.1,625.2,216.3,318.0,146.3,376.1,370.6,478.1,565.9,39.0,507.6,461.4,831.7,543.4,30.3,418.4,184.1,332.2,760.7,481.2,407.5,568.4,619.2,708.4,715.7,241.9,613.8,184.4,578.8,442.4,734.8,285.1,357.2,341.8,312.3,26.5,666.7,458.1,371.3,515.2,333.8,519.0,385.2,368.0,346.4,335.5,131.5,625.2,17.3,492.1,736.7,539.8,317.1,284.9,554.3,347.7,481.6,457.0,282.8,727.1,795.3,448.7,60.7,788.7,374.3,747.9,272.2,863.3,627.5,60.7,575.0,501.5,316.9,646.1,730.8,521.8,530.3,376.3,452.7,163.8,640.6,528.9,446.2,475.7,608.8,507.8,619.2,547.7,299.8,253.3,39.1,157.0,665.0,626.9,249.8,694.4,533.0,351.9,91.3,360.5,657.0,458.3,474.4,692.7,605.2,188.1,394.7,342.7,647.8,722.7,480.2,487.4,319.9,426.2,771.8,486.9,629.1,731.6,229.1,426.2,297.2,499.1,520.9,302.7,617.8,736.9,354.3,732.0,542.8,338.8,626.6,582.9,539.8,483.0,699.8,381.4,646.3,352.6,569.8,522.0,569.8,397.6,550.2,375.7,261.5,304.7,159.2,615.4,679.7,633.3,271.3,263.9,664.6,132.0,750.5,668.0,529.9,690.6,344.3,529.7,446.8,150.2,250.0,426.1,639.8,609.4,536.0,403.4,766.4,340.6,493.3,604.7
2,1472.3,691.2,0.0,1019.0,1060.6,1028.5,525.3,485.9,749.2,1045.5,583.2,1092.4,1032.8,616.1,1068.7,926.7,650.3,638.5,1133.9,1136.2,930.4,517.9,610.3,952.3,1121.8,941.7,1304.1,1029.5,1073.3,842.9,599.2,835.0,1145.1,774.1,859.0,615.9,656.1,636.6,1053.2,480.2,727.1,953.0,894.7,1307.3,1114.8,660.9,883.9,806.5,790.0,1332.1,926.6,982.6,449.7,1190.6,1106.8,1175.6,779.3,126.6,806.8,417.7,1064.8,1180.2,842.9,803.6,842.2,592.3,717.7,85.9,496.8,898.8,795.2,874.8,964.4,960.3,863.8,570.7,781.9,559.7,1145.1,708.5,990.0,479.8,1111.2,633.4,740.3,731.3,565.1,1053.0,394.4,898.8,1043.8,1366.7,1023.8,748.8,1264.3,895.8,537.7,830.0,1338.9,658.1,748.8,695.1,1076.6,479.5,1190.2,1219.1,1096.9,990.2,656.3,1066.8,588.8,645.0,1072.8,906.1,1050.8,121.6,787.8,1190.6,1045.6,579.8,507.4,727.2,779.4,1110.4,423.9,696.2,1011.1,978.4,631.9,739.5,640.5,628.6,1033.4,1015.4,1264.1,1103.1,621.4,440.5,622.7,1093.2,1182.6,1102.6,932.8,442.3,425.6,1217.2,1062.0,1200.5,1303.0,589.3,425.6,855.0,474.8,966.3,579.6,388.9,1308.3,525.9,1191.9,988.2,618.8,411.4,687.2,1111.2,1058.1,1115.4,661.4,1215.6,383.3,886.5,802.0,886.5,958.6,995.6,376.9,819.3,751.1,532.0,654.7,605.9,57.9,489.4,719.3,1233.9,585.5,1321.9,617.6,1105.0,62.0,413.6,975.1,1018.2,772.6,499.2,891.6,956.5,352.5,1107.4,447.0,1242.0,836.4,1064.7,347.8
3,852.8,443.9,1019.0,0.0,84.9,9.5,560.4,834.4,557.9,68.7,550.8,610.0,723.8,606.7,93.0,229.8,640.9,401.1,476.3,370.3,458.8,567.8,495.5,375.1,405.5,329.5,383.9,281.6,140.1,412.3,686.7,395.8,379.2,343.5,224.0,474.1,646.7,497.8,76.4,886.3,404.9,481.4,469.1,482.9,181.6,440.2,302.7,259.8,268.2,411.9,455.0,36.4,888.8,270.4,671.4,470.4,369.1,941.6,262.3,899.2,89.1,688.1,412.3,343.8,258.8,515.9,417.4,987.1,778.5,349.8,693.5,231.5,492.8,58.7,299.0,617.0,324.5,459.3,379.2,426.6,320.8,722.3,178.0,512.6,412.1,470.8,561.7,119.8,777.4,201.9,734.4,446.5,4.8,383.2,439.9,346.8,664.4,399.4,514.5,544.0,383.2,491.5,99.8,644.7,321.7,382.0,77.9,446.8,646.9,90.0,491.6,557.1,282.9,362.7,74.0,936.6,686.1,270.4,376.4,528.4,581.1,404.8,314.1,628.0,947.3,360.5,702.1,500.6,622.5,352.6,631.1,573.5,14.4,303.1,343.9,386.8,400.8,715.1,613.3,610.8,403.7,128.6,461.2,647.7,746.6,685.5,43.0,280.3,382.8,556.9,746.6,423.9,819.5,389.1,573.3,908.1,388.1,627.0,418.3,411.0,609.4,930.6,499.4,178.0,81.3,662.8,652.0,321.9,680.4,577.5,785.5,577.5,191.8,418.4,696.1,388.7,317.7,487.0,531.9,596.2,961.1,599.1,391.1,340.2,435.6,401.7,584.5,101.0,1011.0,672.1,397.9,124.4,296.1,577.8,295.0,647.5,871.7,174.2,723.8,417.6,276.6,131.5,838.8
4,895.5,438.2,1060.6,84.9,0.0,94.4,602.0,828.7,486.4,35.0,592.4,652.7,766.5,648.6,8.1,272.5,682.8,423.3,519.0,413.0,501.5,609.4,537.1,417.8,448.2,372.2,426.6,324.3,182.8,364.5,728.6,438.5,421.9,337.8,266.7,515.7,688.6,492.1,119.1,880.6,399.2,524.1,511.8,525.6,224.3,434.5,231.2,254.1,310.9,454.6,497.7,79.1,883.1,313.1,714.1,513.1,363.4,983.2,256.6,893.5,4.2,730.8,364.5,386.5,301.5,557.8,411.7,981.4,772.8,278.3,736.2,274.2,535.5,101.4,341.7,658.9,367.2,500.9,421.9,420.9,363.5,650.8,220.7,554.5,406.4,399.3,556.0,162.5,771.7,244.6,777.1,489.2,89.7,377.5,482.6,275.3,592.9,377.4,557.2,472.5,377.5,420.0,142.5,686.3,364.4,424.7,162.8,375.3,688.8,56.3,533.2,485.6,325.6,291.2,116.7,978.2,728.8,313.1,419.1,570.3,622.7,399.1,308.4,670.7,897.8,403.2,744.8,543.3,664.4,346.9,673.0,502.0,99.3,345.8,386.6,429.5,442.7,709.4,655.2,653.5,446.4,43.7,503.9,689.3,740.9,728.2,127.9,323.0,425.5,598.5,740.9,352.4,813.8,431.8,615.2,836.6,430.8,668.9,461.0,453.7,651.3,859.1,427.9,220.7,124.0,705.5,693.9,364.6,722.0,620.2,828.2,620.2,234.5,461.1,690.4,383.0,360.4,528.6,460.4,524.7,1002.7,623.0,385.4,382.9,477.5,444.4,513.0,170.9,1005.3,713.7,440.6,167.1,290.4,619.4,223.5,690.2,800.2,216.9,718.1,460.3,319.3,174.2,767.3
5,862.3,453.4,1028.5,9.5,94.4,0.0,569.9,843.9,567.4,78.2,560.3,619.5,733.3,616.2,102.5,239.3,650.4,410.6,485.8,379.8,468.3,577.3,505.0,384.6,415.0,339.0,393.4,291.1,149.6,421.8,696.2,405.3,388.7,353.0,233.5,483.6,656.2,507.3,85.9,895.8,414.4,490.9,478.6,492.4,191.1,449.7,312.2,269.3,277.7,421.4,464.5,45.9,898.3,279.9,680.9,479.9,378.6,951.1,271.8,908.7,98.6,697.6,421.8,353.3,268.3,525.4,426.9,996.6,788.0,359.3,703.0,241.0,502.3,68.2,308.5,626.5,334.0,468.8,388.7,436.1,330.3,731.8,187.5,522.1,421.6,480.3,571.2,129.3,786.9,211.4,743.9,456.0,4.7,392.7,449.4,356.3,673.9,408.9,524.0,553.5,392.7,501.0,109.3,654.2,331.2,391.5,68.4,456.3,656.4,99.5,501.1,566.6,292.4,372.2,83.5,946.1,695.6,279.9,385.9,537.9,590.6,414.3,323.6,637.5,956.8,370.0,711.6,510.1,632.0,362.1,640.6,583.0,4.9,312.6,353.4,396.3,410.3,724.6,622.8,620.3,413.2,138.1,470.7,657.2,756.1,695.0,33.5,289.8,392.3,566.4,756.1,433.4,829.0,398.6,582.8,917.6,397.6,636.5,427.8,420.5,618.9,940.1,508.9,187.5,90.8,672.3,661.5,331.4,689.9,587.0,795.0,587.0,201.3,427.9,705.6,398.2,327.2,496.5,541.4,605.7,970.6,608.6,400.6,349.7,445.1,411.2,594.0,91.5,1020.5,681.6,407.4,133.9,305.6,587.3,304.5,657.0,881.2,183.7,733.3,427.1,286.1,141.0,848.3
6,1099.2,232.6,525.3,560.4,602.0,569.9,0.0,324.0,791.8,586.9,63.2,673.2,659.7,243.0,610.1,468.1,277.2,179.9,824.4,701.6,511.2,7.4,90.3,533.1,702.6,522.5,845.5,570.9,614.7,435.5,323.0,415.8,710.5,366.7,400.4,110.9,283.0,229.2,594.6,375.9,268.5,533.8,475.5,944.5,656.2,202.3,568.8,347.9,370.8,873.5,507.4,524.0,378.4,732.0,733.7,866.1,371.9,447.9,348.2,388.8,606.2,761.0,435.5,384.4,423.0,219.2,259.1,476.7,268.1,521.7,422.1,416.2,545.2,501.7,444.6,253.3,362.7,142.5,710.5,249.9,570.8,546.7,652.6,260.3,332.9,704.7,157.7,594.4,267.0,440.2,670.7,908.1,565.2,290.2,901.5,524.7,604.6,422.6,976.1,725.0,290.2,725.4,618.0,223.8,731.6,843.6,638.3,680.7,283.2,608.2,68.8,711.9,614.2,596.6,592.2,442.9,414.7,732.0,626.4,206.7,52.3,268.6,320.8,691.2,436.9,277.0,638.0,559.2,258.8,280.9,267.4,695.5,574.8,556.8,805.5,683.9,202.2,204.7,249.6,674.0,865.3,644.0,513.6,87.3,236.2,798.0,603.4,741.9,844.4,69.3,236.2,447.6,309.1,547.1,209.6,427.8,849.7,261.2,879.9,569.0,245.7,436.6,733.3,652.6,599.5,726.0,288.3,757.0,146.1,513.4,428.9,513.4,500.0,576.4,185.7,411.9,331.9,158.9,721.6,672.8,467.4,70.3,311.9,775.3,166.3,863.3,684.5,646.4,500.6,111.7,555.9,559.6,314.0,68.1,576.5,583.4,419.4,648.8,213.4,879.2,417.2,606.1,414.7
7,1423.2,514.0,485.9,834.4,828.7,843.9,324.0,0.0,669.2,821.9,344.6,954.6,983.7,567.0,836.8,714.8,601.2,461.3,993.2,983.0,792.6,331.4,371.7,814.5,984.0,803.9,1123.5,852.3,892.7,604.3,647.0,697.2,991.9,535.5,681.8,392.3,607.0,398.0,868.6,93.7,549.9,815.2,756.9,1166.6,934.2,483.7,737.6,589.2,652.2,1151.5,788.8,798.0,96.2,1010.0,1016.0,1034.9,540.7,552.1,574.1,109.2,832.9,1042.4,604.3,665.8,704.4,543.2,540.5,400.0,87.7,690.5,746.1,697.6,826.6,775.7,726.0,577.3,644.1,423.9,991.9,531.3,852.2,399.8,930.6,584.3,501.7,651.3,326.5,872.4,345.0,686.9,994.7,1186.1,839.2,571.6,1123.6,693.5,457.7,591.4,1198.2,578.1,571.6,615.1,892.0,543.7,1013.0,1078.4,912.3,849.5,607.2,843.2,350.2,565.0,895.6,765.4,866.2,547.1,738.7,1010.0,907.8,530.7,296.3,550.0,577.4,972.6,173.5,558.4,962.0,840.6,582.8,562.3,591.4,548.6,848.8,838.2,1083.5,965.3,483.6,208.3,573.6,955.4,1041.9,870.7,795.0,373.6,314.2,1079.4,877.4,1019.9,1122.4,350.7,314.2,616.4,30.7,828.5,533.6,206.2,1127.7,585.2,1051.2,850.4,569.7,215.0,607.2,930.6,873.5,1007.4,612.3,1037.1,435.0,837.4,752.9,837.4,781.4,857.8,153.4,580.7,613.3,451.6,574.7,525.9,483.4,287.1,480.7,1055.4,447.7,1141.3,537.6,920.4,423.9,401.7,837.3,837.6,595.4,392.1,745.3,907.4,234.9,926.8,259.8,1101.3,698.6,884.1,267.8
8,1347.1,641.4,749.2,557.9,486.4,567.4,791.8,669.2,0.0,508.0,795.6,1125.7,1239.5,908.7,478.3,649.0,942.9,650.1,505.2,886.0,974.5,799.2,740.3,890.8,921.2,834.4,889.6,797.3,655.8,356.3,988.7,900.7,894.9,425.1,713.2,718.9,948.7,624.0,592.1,663.5,602.4,997.1,984.8,678.6,697.3,637.7,255.2,523.4,757.4,927.6,970.7,552.1,633.0,662.0,1187.1,546.9,445.1,815.4,508.3,601.0,482.2,1203.8,356.3,833.0,748.0,884.9,614.9,663.3,715.1,270.1,1087.8,720.7,1008.5,574.4,788.2,919.0,813.7,704.1,894.9,624.1,836.5,269.4,693.7,889.7,488.3,87.1,687.9,635.5,830.7,621.1,1250.1,827.0,562.7,580.7,635.6,267.1,211.5,369.2,710.2,91.1,580.7,246.0,615.5,889.5,837.4,590.4,635.8,361.5,948.9,529.3,736.4,104.2,798.6,277.4,589.7,810.4,1080.4,662.0,892.1,872.4,764.1,602.3,511.6,1143.7,531.9,820.7,1217.8,1016.3,924.5,550.1,933.1,120.6,572.3,818.8,859.6,902.5,760.7,694.0,915.3,1126.5,553.9,498.3,976.9,841.4,799.9,1201.2,600.9,652.1,898.5,801.7,799.9,344.2,658.1,904.8,875.3,470.7,903.8,926.9,563.2,926.7,911.4,493.2,253.9,693.7,597.0,1178.5,954.0,837.6,902.8,1093.2,1094.6,1093.2,696.7,934.1,630.4,379.9,806.9,731.8,286.4,143.3,746.7,754.9,515.7,855.9,704.6,917.4,131.6,643.9,687.2,869.5,913.6,640.1,583.2,822.6,262.9,1163.2,434.3,689.9,745.5,613.3,765.8,647.2,401.4
9,879.3,431.4,1045.5,68.7,35.0,78.2,586.9,821.9,508.0,0.0,577.3,636.5,750.3,633.2,43.1,256.3,667.4,416.5,502.8,396.8,485.3,594.3,522.0,401.6,432.0,356.0,410.4,308.1,166.6,386.1,713.2,422.3,405.7,331.0,250.5,500.6,673.2,485.3,102.9,873.8,392.4,507.9,495.6,509.4,208.1,427.7,252.8,247.3,294.7,438.4,481.5,62.9,876.3,296.9,697.9,496.9,356.6,968.1,249.8,886.7,39.2,714.6,386.1,370.3,285.3,542.4,404.9,974.6,766.0,299.9,720.0,258.0,519.3,85.2,325.5,643.5,351.0,485.8,405.7,414.1,347.3,672.4,204.5,539.1,399.6,420.9,549.2,146.3,764.9,228.4,760.9,473.0,73.5,370.7,466.4,296.9,614.5,386.9,541.0,494.1,370.7,441.6,126.3,671.2,348.2,408.5,146.6,396.9,673.4,21.3,518.1,507.2,309.4,312.8,100.5,963.1,712.6,296.9,402.9,554.9,607.6,392.3,301.6,654.5,919.4,387.0,728.6,527.1,649.0,340.1,657.6,523.6,83.1,329.6,370.4,413.3,427.3,702.6,639.8,637.3,430.2,78.7,487.7,674.2,734.1,712.0,111.7,306.8,409.3,583.4,734.1,374.0,807.0,415.6,599.8,858.2,414.6,653.5,444.8,437.5,635.9,880.7,449.5,204.5,107.8,689.3,678.5,348.4,706.9,604.0,812.0,604.0,218.3,444.9,683.6,376.2,344.2,513.5,482.0,546.3,987.6,616.2,378.6,366.7,462.1,428.2,534.6,154.7,998.5,698.6,424.4,150.9,283.6,604.3,245.1,674.0,821.8,200.7,711.3,444.1,303.1,158.0,788.9
10,1144.7,223.0,583.2,550.8,592.4,560.3,63.2,344.6,795.6,577.3,0.0,663.6,720.6,306.2,600.5,458.5,340.4,170.3,828.2,692.0,501.6,70.6,80.7,523.5,693.0,512.9,835.9,561.3,605.1,439.3,386.2,406.2,700.9,370.5,390.8,101.3,346.2,249.8,585.0,396.5,258.9,524.2,465.9,934.9,646.6,192.7,572.6,338.3,361.2,863.9,497.8,514.4,399.0,722.4,725.0,869.9,392.5,511.1,338.6,409.4,596.6,751.4,439.3,374.8,413.4,282.4,249.5,497.3,288.7,525.5,485.3,406.6,535.6,492.1,435.0,316.5,353.1,132.9,700.9,240.3,561.2,567.3,643.0,321.6,353.5,708.5,178.3,584.8,287.6,430.6,731.6,898.5,555.6,280.6,891.9,528.5,625.2,426.4,966.5,745.6,280.6,729.2,608.4,287.0,722.0,834.0,628.7,684.5,346.4,598.6,59.2,732.5,604.6,600.4,582.6,506.1,477.9,722.4,616.8,269.9,83.9,259.0,311.2,681.6,457.5,267.4,698.9,549.6,322.0,271.3,330.6,716.1,565.2,547.2,795.9,674.3,192.6,225.3,312.8,664.4,855.7,634.4,504.0,150.5,256.8,788.4,593.8,732.3,834.8,6.1,256.8,451.4,329.7,537.5,272.8,448.4,840.1,324.4,870.3,559.4,308.9,457.2,737.1,643.0,589.9,716.4,351.5,747.4,209.3,574.3,492.1,574.3,490.4,566.8,206.3,415.7,322.3,160.6,742.2,693.4,530.6,101.9,332.5,765.7,156.7,853.7,705.1,636.8,521.2,174.9,546.3,550.0,304.4,131.3,580.3,644.3,440.0,639.2,234.0,869.6,407.6,596.5,435.3
11,495.9,647.0,1092.4,610.0,652.7,619.5,673.2,954.6,1125.7,636.5,663.6,0.0,150.2,601.7,660.8,632.4,562.5,570.1,761.9,276.1,199.0,680.6,608.3,242.7,261.7,373.3,421.5,402.4,540.7,824.7,590.8,257.9,285.0,755.9,477.1,586.9,568.3,859.8,560.2,1006.5,681.2,163.0,274.9,588.5,582.2,616.7,870.5,662.8,434.5,490.1,165.8,604.2,1009.0,573.6,76.2,756.0,781.5,1015.0,696.9,1019.4,656.9,87.8,824.7,356.5,442.3,556.2,673.5,1107.3,898.7,910.9,474.6,455.3,183.8,592.5,402.1,657.3,381.1,532.7,285.0,664.3,305.1,1177.3,578.6,552.9,824.5,1038.6,788.3,490.2,897.6,604.5,139.2,440.1,614.8,702.9,631.5,913.9,1232.2,811.8,567.7,1111.8,702.9,1059.3,583.6,715.2,336.3,685.2,635.1,956.7,609.1,657.8,604.4,1124.9,327.1,930.5,557.8,1010.0,467.2,573.6,309.1,568.7,693.9,681.3,717.1,32.8,1067.5,409.9,171.9,114.0,579.5,693.6,588.1,1141.3,624.4,382.7,525.4,243.0,471.0,835.3,575.5,0.8,706.9,696.4,201.4,760.5,866.8,124.8,653.0,583.5,490.1,669.7,866.8,836.8,939.7,228.7,613.6,1058.4,466.3,667.3,703.9,206.8,604.4,1067.2,1067.2,578.6,565.1,67.6,573.6,361.7,753.8,296.5,566.6,296.5,450.2,199.4,816.3,801.1,397.0,560.4,1099.7,1164.0,1034.5,711.9,803.5,380.0,527.1,479.9,1152.3,612.0,1094.0,761.8,219.9,512.2,634.7,651.2,862.8,226.5,1050.0,574.8,844.0,653.8,429.5,478.5,1045.3
12,439.5,716.1,1032.8,723.8,766.5,733.3,659.7,983.7,1239.5,750.3,720.6,150.2,0.0,451.5,774.6,732.7,412.3,639.2,893.3,411.5,334.4,652.3,665.3,378.1,397.1,479.3,571.7,508.4,654.5,929.2,440.6,360.9,420.4,860.4,567.9,643.9,418.1,888.9,674.0,1035.6,750.3,298.4,254.7,738.7,696.0,685.8,984.3,763.1,518.9,640.3,301.2,718.0,1038.1,687.4,74.0,887.4,886.0,955.4,801.4,1048.5,770.7,238.0,929.2,446.6,533.1,507.5,742.6,1058.3,927.8,1015.4,324.4,558.2,319.2,700.9,493.4,524.6,462.6,589.7,420.4,733.4,438.4,1206.4,692.4,548.6,929.0,1152.4,817.4,604.0,913.0,704.8,11.0,590.3,728.6,772.0,781.7,1018.4,1264.3,916.3,717.9,1225.6,772.0,1173.1,697.4,582.5,471.7,799.0,748.9,1070.5,458.9,771.6,661.4,1238.7,462.5,1044.3,671.6,950.4,317.0,687.4,444.5,495.0,712.0,750.4,802.6,117.4,1096.6,479.0,21.7,249.4,429.3,762.7,437.9,1255.1,738.2,488.7,660.8,378.4,528.0,864.4,425.3,151.0,820.7,810.2,336.8,703.0,895.9,275.0,766.8,697.3,625.5,726.7,895.9,941.3,968.8,364.1,480.9,1087.5,616.5,534.6,835.3,342.2,454.2,1096.3,1181.0,692.4,678.9,82.6,423.4,497.1,694.2,146.3,416.4,146.3,553.2,334.8,845.4,905.6,470.3,593.6,1213.5,1277.8,974.9,730.0,908.0,515.4,584.1,630.1,1266.1,725.8,1034.4,702.2,355.3,620.6,703.8,591.6,976.6,76.3,1079.1,688.6,873.1,804.0,520.8,592.3,1074.4
13,891.0,336.1,616.1,606.7,648.6,616.2,243.0,567.0,908.7,633.2,306.2,601.7,451.5,0.0,656.7,514.4,69.0,283.4,941.3,679.1,464.4,235.6,282.2,486.3,664.7,507.0,891.8,605.2,661.0,552.4,114.8,389.6,688.0,483.6,442.3,260.8,74.8,472.2,640.9,618.9,372.0,487.0,351.5,990.8,702.5,305.8,685.7,451.4,355.3,919.8,460.6,570.3,621.4,778.3,525.5,978.3,509.2,538.7,451.7,631.8,652.8,689.5,552.4,368.9,407.5,90.8,362.6,641.6,511.1,638.6,213.9,462.5,498.4,548.0,429.1,107.9,347.2,204.6,688.0,353.4,535.2,789.7,698.9,131.9,552.2,821.6,400.7,640.7,496.3,486.5,462.5,954.4,611.5,393.7,947.8,641.6,847.6,539.5,1022.4,894.8,393.7,842.3,664.3,165.8,739.3,889.9,684.6,797.6,75.0,654.5,278.3,907.9,648.5,713.5,638.5,533.7,206.5,778.3,590.8,78.3,295.3,372.1,424.3,568.9,679.9,280.7,429.8,512.4,50.6,384.4,59.2,924.3,621.1,585.5,851.8,646.0,223.1,447.7,41.4,602.5,911.6,690.6,466.8,286.3,479.2,726.5,649.7,788.2,890.7,312.3,479.2,564.5,552.1,500.3,64.2,670.8,896.0,117.9,926.2,522.2,2.7,679.6,850.2,698.9,645.8,534.1,80.1,764.7,277.5,305.2,220.7,305.2,546.3,529.6,428.7,528.8,305.8,176.9,882.7,915.8,558.2,313.3,531.2,783.0,230.4,909.6,927.5,692.7,617.7,285.5,509.1,605.9,401.0,174.9,693.4,375.2,662.4,695.1,456.4,925.5,401.7,652.4,657.7
14,903.6,446.3,1068.7,93.0,8.1,102.5,610.1,836.8,478.3,43.1,600.5,660.8,774.6,656.7,0.0,280.6,690.9,431.4,510.9,421.1,509.6,617.5,545.2,425.9,456.3,380.3,434.7,332.4,190.9,356.4,736.7,446.6,430.0,345.9,274.8,523.8,696.7,500.2,127.2,888.7,407.3,532.2,519.9,533.7,232.4,442.6,223.1,262.2,319.0,462.7,505.8,87.2,891.2,321.2,722.2,521.2,371.5,991.3,264.7,901.6,3.9,738.9,356.4,394.6,309.6,565.9,419.8,989.5,780.9,270.2,744.3,282.3,543.6,109.5,349.8,667.0,375.3,509.0,430.0,429.0,371.6,642.7,228.8,562.6,414.5,391.2,564.1,170.6,779.8,252.7,785.2,497.3,97.8,385.6,490.7,267.2,584.8,369.3,565.3,464.4,385.6,411.9,150.6,694.4,372.5,432.8,170.9,367.2,696.9,64.4,541.3,477.5,333.7,283.1,124.8,986.3,736.9,321.2,427.2,578.4,630.8,407.2,316.5,678.8,889.7,411.3,752.9,551.4,672.5,355.0,681.1,493.9,107.4,353.9,394.7,437.6,450.8,717.5,663.3,661.6,454.5,35.6,512.0,697.4,749.0,736.3,136.0,331.1,433.6,606.6,749.0,344.3,821.9,439.9,623.3,828.5,438.9,677.0,469.1,461.8,659.4,851.0,419.8,228.8,132.1,713.6,702.0,372.7,730.1,628.3,836.3,628.3,242.6,469.2,698.5,380.0,368.5,536.7,452.3,516.6,1010.8,631.1,393.5,391.0,485.6,452.5,504.9,179.0,1013.4,721.8,448.7,175.2,298.5,627.5,215.4,698.3,792.1,225.0,726.2,468.4,327.4,182.3,759.2
15,962.7,310.7,926.7,229.8,272.5,239.3,468.1,714.8,649.0,256.3,458.5,632.4,732.7,514.4,280.6,0.0,548.6,295.8,610.6,401.8,473.4,475.5,403.2,389.7,437.0,319.8,518.2,313.1,287.4,292.7,594.4,386.1,410.7,223.9,169.6,381.8,554.4,378.2,264.0,766.7,271.7,496.0,478.0,617.2,328.9,307.0,426.0,126.6,213.8,546.2,469.6,193.4,769.2,404.7,693.8,604.7,249.5,849.3,164.9,779.6,276.7,720.2,292.7,289.4,204.4,423.6,284.2,867.5,658.9,378.9,693.5,177.1,507.4,171.1,244.6,524.7,270.1,367.0,410.7,293.4,335.4,813.4,325.3,420.3,292.5,561.9,442.1,267.1,657.8,27.9,743.7,580.8,234.6,250.0,574.2,381.9,755.5,279.8,648.8,635.1,250.0,582.6,287.4,552.4,431.6,516.3,307.7,537.9,554.6,277.6,399.3,648.2,314.4,453.8,261.6,844.3,686.1,404.7,391.0,436.1,488.8,271.6,180.9,650.4,827.7,290.9,711.0,521.4,530.2,219.4,538.8,664.6,244.2,317.7,478.2,418.3,308.5,595.5,521.0,633.2,538.0,316.2,475.8,555.4,627.0,757.2,272.8,414.6,517.1,464.6,627.0,304.8,699.9,403.7,481.0,818.6,522.4,534.7,552.6,425.6,517.1,827.4,590.5,325.3,268.9,685.2,559.7,431.8,588.1,586.4,700.3,586.4,183.1,433.0,576.5,269.1,263.3,394.7,623.0,687.3,868.8,506.8,271.5,450.1,343.3,536.0,675.6,315.8,891.4,579.8,412.5,232.3,162.9,485.5,433.7,656.4,810.2,321.5,604.2,551.9,222.2,278.8,805.5
16,851.8,370.3,650.3,640.9,682.8,650.4,277.2,601.2,942.9,667.4,340.4,562.5,412.3,69.0,690.9,548.6,0.0,317.6,950.9,639.9,425.2,269.8,316.4,447.1,625.5,536.9,855.0,566.0,695.2,586.6,95.6,418.5,648.8,517.8,476.5,295.0,5.8,506.4,675.1,653.1,406.2,447.8,312.3,957.5,736.7,340.0,719.9,485.6,389.5,883.0,421.4,604.5,655.6,745.0,486.3,945.0,543.4,572.9,485.9,666.0,687.0,650.3,586.6,403.1,441.7,125.0,396.8,675.8,545.3,672.8,174.7,496.7,459.2,582.2,463.3,142.1,381.4,238.8,648.8,387.6,496.0,823.9,733.1,166.1,586.4,855.8,434.9,661.6,530.5,520.7,423.3,917.6,645.7,427.9,914.5,675.8,881.8,573.7,989.1,929.0,427.9,876.5,698.5,200.0,700.1,856.6,718.8,831.8,76.4,688.7,312.5,942.1,609.3,747.7,672.7,567.9,167.3,745.0,551.6,112.5,329.5,406.3,458.5,529.7,714.1,314.9,390.6,473.2,46.8,418.6,55.4,958.5,655.3,546.3,818.5,606.8,257.3,481.9,42.8,563.3,878.3,724.8,427.6,320.5,513.4,687.3,683.9,754.9,853.9,346.5,513.4,598.7,586.3,461.1,98.4,705.0,859.2,152.1,892.9,483.0,71.7,713.8,884.4,733.1,680.0,494.9,11.1,725.5,311.7,266.0,181.5,266.0,580.5,490.4,462.9,563.0,340.0,211.1,916.9,950.0,592.4,347.5,565.4,743.8,264.6,872.8,961.7,726.9,651.9,319.7,469.9,640.1,435.2,209.1,727.6,336.0,696.6,729.3,490.6,892.2,435.9,649.9,691.9
17,1051.2,97.5,638.5,401.1,423.3,410.6,179.9,461.3,650.1,416.5,170.3,570.1,639.2,283.4,431.4,295.8,317.6,0.0,682.7,542.3,408.1,187.3,115.0,430.0,547.0,369.0,686.2,411.6,455.4,293.8,363.4,312.2,551.2,225.0,241.1,93.6,323.4,366.5,435.3,513.2,113.4,430.7,384.5,785.2,496.9,67.2,427.1,172.7,255.3,714.2,404.3,364.7,515.7,572.7,631.5,724.4,250.6,561.1,173.0,526.1,427.5,657.9,293.8,280.3,264.9,243.5,117.5,614.0,405.4,380.0,462.5,256.9,442.1,342.4,291.1,293.7,258.6,78.8,551.2,114.8,415.2,684.0,493.3,240.2,293.6,563.0,295.0,435.1,404.3,267.9,650.2,748.8,405.9,135.1,742.2,383.0,741.9,280.9,816.8,636.2,135.1,583.7,458.7,264.2,572.3,684.3,479.0,539.0,323.6,437.8,111.1,649.3,454.9,454.9,432.9,556.1,455.1,572.7,470.8,247.1,200.6,113.5,165.7,588.1,574.2,172.9,617.5,456.1,299.2,125.8,307.8,665.7,415.5,397.5,646.2,528.3,111.2,342.0,290.0,570.9,706.0,465.3,410.5,267.2,373.5,694.9,444.1,582.6,685.1,176.4,373.5,305.9,446.4,444.0,250.0,565.1,690.4,301.6,720.6,465.9,286.1,573.9,591.6,493.3,440.2,622.9,328.7,597.7,299.9,492.9,469.3,492.9,340.7,473.3,323.0,270.2,227.8,106.5,624.1,688.4,580.6,218.6,272.6,616.0,55.1,704.0,676.7,487.1,637.9,291.6,452.8,400.3,136.4,197.3,434.8,562.9,556.7,489.5,350.7,719.9,263.7,446.8,552.0
18,841.9,674.0,1133.9,476.3,519.0,485.8,824.4,993.2,505.2,502.8,828.2,761.9,893.3,941.3,510.9,610.6,950.9,682.7,0.0,539.8,628.3,831.8,772.9,544.6,575.0,526.2,384.4,451.1,407.0,388.9,979.2,621.6,548.7,457.7,560.3,751.5,956.7,656.6,426.5,1045.1,635.0,650.9,638.6,173.4,448.5,670.3,287.8,556.0,645.7,453.0,624.5,470.5,1017.7,205.9,838.1,41.7,477.7,1178.1,540.9,985.7,514.8,722.7,388.9,640.6,595.1,893.4,647.5,1048.0,937.3,302.7,863.0,529.0,662.3,492.8,574.6,951.6,664.5,736.7,548.7,656.7,490.3,669.6,444.9,890.1,520.9,418.1,720.5,356.5,936.2,582.7,901.1,321.8,481.1,613.3,130.4,299.7,611.7,401.8,205.0,491.3,613.3,438.8,449.9,922.1,488.6,246.2,501.4,226.3,981.5,524.1,769.0,504.4,452.4,265.6,424.1,1173.1,855.6,205.9,545.9,905.0,796.7,634.9,544.2,794.7,916.6,738.0,871.6,670.1,957.1,582.7,965.7,520.8,490.7,472.6,489.2,556.3,778.3,873.9,947.9,761.1,209.7,530.9,630.7,874.0,905.4,720.1,519.3,196.0,459.7,834.3,905.4,376.8,978.3,558.6,907.9,855.4,429.2,959.5,58.0,580.5,944.0,877.9,446.7,444.9,431.4,829.5,962.0,488.8,935.4,747.0,955.0,747.0,445.7,587.9,854.9,412.5,695.2,764.4,479.2,543.5,1131.4,787.5,548.3,494.0,737.2,442.8,531.8,478.3,1071.9,902.1,567.4,391.3,615.8,855.2,295.5,817.0,819.0,441.1,882.6,108.1,602.0,344.8,786.1
19,652.9,616.3,1136.2,370.3,413.0,379.8,701.6,983.0,886.0,396.8,692.0,276.1,411.5,679.1,421.1,401.8,639.9,542.3,539.8,0.0,251.7,709.0,636.7,198.0,71.6,222.5,251.5,196.9,301.0,585.0,668.2,310.6,8.9,516.2,317.6,615.3,645.7,670.5,320.5,1034.9,577.3,215.7,327.6,462.5,342.5,588.9,630.8,432.2,350.8,279.5,218.5,364.5,1037.4,333.9,337.5,533.9,541.8,1058.8,457.2,1047.8,417.2,363.9,585.0,338.3,312.6,608.9,589.8,1135.7,927.1,671.2,552.0,285.4,236.5,352.8,272.4,710.0,362.3,576.5,8.9,599.0,146.2,1050.4,338.9,605.6,584.8,798.9,734.4,250.5,926.0,373.9,400.5,314.1,375.1,555.6,503.4,674.2,992.5,572.1,441.7,872.1,555.6,819.6,343.9,761.9,96.6,445.5,395.4,717.0,686.5,418.1,632.8,885.2,87.4,690.8,318.1,1053.8,544.6,333.9,150.2,621.4,722.3,577.2,486.5,294.1,1095.9,441.3,433.2,166.7,656.9,525.0,665.5,901.6,384.7,218.4,285.7,52.9,514.8,863.7,652.9,276.9,467.2,456.7,254.1,788.9,895.2,400.9,413.3,343.8,250.4,698.1,895.2,597.1,968.1,184.0,666.3,1086.8,255.7,720.0,481.8,162.1,681.8,1095.6,827.5,338.9,325.4,328.9,651.0,122.0,797.6,436.0,644.0,436.0,236.9,154.7,844.7,561.4,395.7,604.2,860.0,924.3,1078.3,740.3,563.8,140.3,570.9,269.3,912.6,372.3,1137.8,805.6,175.2,272.5,468.5,695.0,623.1,487.8,1078.4,335.1,872.4,481.1,299.8,238.8,1073.7
20,680.1,485.0,930.4,458.8,501.5,468.3,511.2,792.6,974.5,485.3,501.6,199.0,334.4,464.4,509.6,473.4,425.2,408.1,628.3,251.7,0.0,518.6,446.3,124.5,237.3,214.3,466.8,243.4,389.5,669.9,453.5,95.9,260.6,601.1,315.1,424.9,431.0,697.8,409.0,844.5,519.2,59.6,112.9,634.9,431.0,454.7,719.3,503.8,272.5,494.8,33.2,453.0,847.0,422.4,260.4,622.4,626.7,853.0,542.1,857.4,505.7,286.8,669.9,194.5,280.3,394.2,511.5,945.3,736.7,756.1,337.3,296.3,71.0,438.9,240.1,495.3,219.1,370.7,260.6,502.3,173.4,1015.3,427.4,390.9,669.7,887.4,626.3,339.0,735.6,445.5,323.4,529.4,463.6,540.9,591.9,759.1,1073.2,657.0,657.0,960.6,540.9,908.1,432.4,553.2,311.9,534.0,483.9,805.5,471.8,506.6,442.4,973.7,286.7,779.3,406.6,848.0,329.9,422.4,229.0,406.7,531.9,519.3,558.1,217.0,905.5,247.9,345.9,85.0,442.2,531.6,450.8,990.1,473.2,223.7,495.9,218.6,309.0,673.3,438.2,199.8,555.7,545.2,2.4,598.5,704.8,323.8,501.8,432.3,465.7,507.7,704.8,682.0,777.7,138.5,451.6,896.4,471.0,505.3,570.3,160.4,467.1,905.2,916.0,427.4,413.9,251.8,436.3,337.3,591.8,221.3,429.3,221.3,291.2,167.8,654.3,646.3,235.0,398.4,948.5,1012.8,872.5,549.9,648.7,355.6,365.1,484.6,1001.1,460.8,932.0,599.8,147.3,358.6,472.7,489.2,711.6,291.3,888.0,423.6,682.0,569.6,267.5,327.3,883.3
21,1091.8,240.0,517.9,567.8,609.4,577.3,7.4,331.4,799.2,594.3,70.6,680.6,652.3,235.6,617.5,475.5,269.8,187.3,831.8,709.0,518.6,0.0,97.7,540.5,710.0,529.9,852.9,578.3,622.1,442.9,315.6,423.2,717.9,374.1,407.8,118.3,275.6,236.6,602.0,383.3,275.9,541.2,482.9,951.9,663.6,209.7,576.2,355.3,378.2,880.9,514.8,531.4,385.8,739.4,726.3,873.5,379.3,440.5,355.6,396.2,613.6,768.4,442.9,391.8,430.4,211.8,266.5,484.1,275.5,529.1,414.7,423.6,552.6,509.1,452.0,245.9,370.1,149.9,717.9,257.3,578.2,554.1,660.0,252.9,340.3,712.1,165.1,601.8,274.4,447.6,663.3,915.5,572.6,297.6,908.9,532.1,612.0,430.0,983.5,732.4,297.6,732.8,625.4,216.4,739.0,851.0,645.7,688.1,275.8,615.6,76.2,719.3,621.6,604.0,599.6,435.5,407.3,739.4,633.8,199.3,59.7,276.0,328.2,698.6,444.3,284.4,630.6,566.6,251.4,288.3,260.0,702.9,582.2,564.2,812.9,691.3,209.6,212.1,242.2,681.4,872.7,651.4,521.0,79.9,243.6,805.4,610.8,749.3,851.8,76.7,243.6,455.0,316.5,554.5,202.2,435.2,857.1,253.8,887.3,576.4,238.3,444.0,740.7,660.0,606.9,733.4,280.9,764.4,138.7,506.0,421.5,506.0,507.4,583.8,193.1,419.3,339.3,151.5,729.0,680.2,460.0,77.7,319.3,782.7,173.7,870.7,691.9,653.8,508.0,104.3,563.3,567.0,321.4,60.7,583.9,576.0,426.8,656.2,220.8,886.6,424.6,613.5,422.1
22,1089.4,167.7,610.3,495.5,537.1,505.0,90.3,371.7,740.3,522.0,80.7,608.3,665.3,282.2,545.2,403.2,316.4,115.0,772.9,636.7,446.3,97.7,0.0,468.2,637.7,457.6,780.6,506.0,549.8,384.0,362.2,350.9,645.6,315.2,335.5,46.0,322.2,276.9,529.7,423.6,203.6,468.9,410.6,879.6,591.3,137.4,517.3,283.0,305.9,808.6,442.5,459.1,426.1,667.1,669.7,814.6,340.8,538.2,283.3,436.5,541.3,696.1,384.0,319.5,358.1,258.4,194.2,524.4,315.8,470.2,461.3,351.3,480.3,436.8,379.7,292.5,297.8,77.6,645.6,185.0,505.9,594.4,587.7,266.3,380.6,653.2,205.4,529.5,314.7,375.3,676.3,843.2,500.3,225.3,836.6,473.2,652.3,371.1,911.2,726.4,225.3,673.9,553.1,263.0,666.7,778.7,573.4,629.2,322.4,543.3,21.5,739.5,549.3,545.1,527.3,533.2,453.9,667.1,561.5,245.9,111.0,203.7,255.9,626.3,484.6,212.1,643.6,494.3,298.0,216.0,306.6,743.2,509.9,491.9,740.6,619.0,137.3,252.4,288.8,609.1,800.4,579.1,448.7,177.6,283.9,733.1,538.5,677.0,779.5,86.8,283.9,396.1,356.8,482.2,248.8,475.5,784.8,300.4,815.0,504.1,284.9,484.3,681.8,587.7,534.6,661.1,327.5,692.1,236.4,519.0,468.1,519.0,435.1,511.5,233.4,360.4,267.0,105.3,714.3,720.5,557.7,129.0,359.6,710.4,101.4,798.4,732.2,581.5,548.3,202.0,491.0,494.7,249.1,158.4,525.0,589.0,467.1,583.9,261.1,814.3,352.3,541.2,462.4
23,723.8,506.9,952.3,375.1,417.8,384.6,533.1,814.5,890.8,401.6,523.5,242.7,378.1,486.3,425.9,389.7,447.1,430.0,544.6,198.0,124.5,540.5,468.2,0.0,183.6,130.6,413.1,159.7,305.8,586.2,475.4,117.8,206.9,517.4,244.8,446.8,452.9,671.7,325.3,866.4,541.1,147.1,134.8,551.2,347.3,476.6,635.6,420.1,258.9,441.1,120.7,369.3,868.9,338.7,304.1,538.7,543.0,874.9,458.4,879.3,422.0,330.5,586.2,216.4,220.7,416.1,533.4,967.2,758.6,672.4,359.2,212.6,158.5,355.2,180.5,517.2,241.0,392.6,206.9,524.2,89.7,1037.2,343.7,412.8,586.0,803.7,648.2,255.3,757.5,361.8,367.1,475.7,379.9,543.5,508.2,675.4,997.3,573.3,582.8,876.9,543.5,824.4,348.7,575.1,258.2,450.3,400.2,721.8,493.7,422.9,464.3,890.0,203.0,695.6,322.9,869.9,351.8,338.7,145.3,428.6,553.8,541.2,474.4,260.7,927.4,269.8,367.8,133.3,464.1,512.9,472.7,906.4,389.5,140.0,412.2,164.9,330.9,695.2,460.1,243.5,472.0,461.5,126.9,620.4,726.7,367.5,418.1,348.6,412.0,529.6,726.7,598.3,799.6,14.0,473.5,918.3,417.3,527.2,486.6,35.9,489.0,927.1,832.3,343.7,330.2,295.5,458.2,283.6,613.7,243.2,451.2,243.2,207.5,43.3,676.2,562.6,256.9,420.3,864.8,929.1,894.4,571.8,565.0,301.9,387.0,430.9,917.4,377.1,953.9,621.7,22.8,274.9,456.4,511.1,627.9,313.2,909.9,339.9,703.9,485.9,207.9,243.6,905.2
24,688.1,623.9,1121.8,405.5,448.2,415.0,702.6,984.0,921.2,432.0,693.0,261.7,397.1,664.7,456.3,437.0,625.5,547.0,575.0,71.6,237.3,710.0,637.7,183.6,0.0,208.1,286.7,232.1,336.2,620.2,653.8,296.2,80.5,551.4,322.3,616.3,631.3,705.7,355.7,1035.9,612.5,201.3,313.2,497.7,377.7,593.6,666.0,467.4,336.4,314.7,204.1,399.7,1038.4,369.1,323.1,569.1,577.0,1044.4,492.4,1048.8,452.4,349.5,620.2,323.9,298.2,594.5,625.0,1136.7,928.1,706.4,537.6,290.1,222.1,388.0,258.0,695.6,347.9,562.1,80.5,634.2,131.8,1085.6,374.1,591.2,620.0,834.1,769.6,285.7,927.0,409.1,386.1,349.3,410.3,590.8,538.6,709.4,1027.7,607.3,476.9,907.3,590.8,854.8,379.1,747.5,131.8,480.7,430.6,752.2,672.1,453.3,633.8,920.4,122.6,726.0,353.3,1039.4,530.2,369.1,135.8,607.0,723.3,612.4,521.7,279.7,1096.9,426.9,418.8,152.3,642.5,560.2,651.1,936.8,419.9,217.5,320.9,18.7,500.4,864.7,638.5,262.5,502.4,491.9,239.7,789.9,896.2,386.5,448.5,379.0,285.6,699.1,896.2,632.3,969.1,169.6,651.9,1087.8,290.9,705.6,517.0,147.7,667.4,1096.6,862.7,374.1,360.6,314.5,636.6,157.2,783.2,421.6,629.6,421.6,272.1,140.3,845.7,596.6,381.3,589.8,895.2,959.5,1063.9,741.3,599.0,175.5,556.5,304.5,947.8,407.5,1123.4,791.2,160.8,307.7,503.7,680.6,658.3,473.4,1079.4,370.3,873.4,516.3,285.4,274.0,1074.7
25,839.0,445.9,941.7,329.5,372.2,339.0,522.5,803.9,834.4,356.0,512.9,373.3,479.3,507.0,380.3,319.8,536.9,369.0,526.2,222.5,214.3,529.9,457.6,130.6,208.1,0.0,433.8,141.3,260.2,516.3,565.2,152.7,231.4,447.5,152.9,436.2,542.7,601.8,279.7,855.8,468.1,236.9,224.6,532.8,301.7,415.6,579.2,350.2,156.3,461.8,210.5,307.7,858.3,320.3,434.7,520.3,473.1,864.3,388.5,868.7,376.4,461.1,516.3,143.8,118.1,416.2,472.2,956.6,748.0,602.5,449.0,142.7,248.3,285.4,77.9,517.3,167.8,382.0,231.4,463.2,76.3,998.8,298.1,412.9,516.1,747.3,637.6,236.9,746.9,291.9,490.3,496.4,334.3,473.6,489.8,605.5,940.9,503.4,564.4,820.5,473.6,768.0,303.1,567.4,282.7,431.9,354.6,703.4,547.2,377.3,453.7,833.6,184.6,639.2,277.3,859.3,441.6,320.3,131.9,428.7,543.2,468.2,404.5,391.3,916.8,246.8,457.6,262.3,522.8,443.0,531.4,850.0,343.9,121.6,393.8,189.4,320.3,684.6,513.6,374.1,453.6,415.9,216.7,609.8,716.1,498.1,372.5,330.2,432.7,519.0,716.1,528.4,789.0,144.6,473.6,907.7,438.0,527.3,468.2,166.5,509.7,916.5,775.9,298.1,284.6,426.1,548.0,308.1,603.1,333.0,541.0,333.0,137.7,173.9,665.6,492.7,201.2,409.7,808.4,872.7,883.8,561.2,495.1,326.4,376.4,451.6,861.0,331.5,943.3,611.1,153.4,205.1,386.5,500.5,571.5,403.0,899.3,294.3,693.3,467.5,105.3,225.2,894.6
26,501.5,732.7,1304.1,383.9,426.6,393.4,845.5,1123.5,889.6,410.4,835.9,421.5,571.7,891.8,434.7,518.2,855.0,686.2,384.4,251.5,466.8,852.9,780.6,413.1,286.7,433.8,0.0,358.7,314.6,701.4,883.3,525.7,260.4,632.6,467.9,759.2,860.8,786.9,334.1,1175.4,693.7,430.8,542.7,211.0,356.1,729.0,644.4,548.6,553.3,68.6,433.6,378.1,1177.9,323.3,497.7,378.5,658.2,1226.7,573.0,1188.3,430.8,382.3,701.4,548.2,502.7,801.0,706.2,1276.2,1067.6,687.1,767.1,436.6,451.6,400.4,482.2,902.1,572.1,744.4,260.4,715.4,361.3,1054.0,352.5,797.7,701.2,802.5,850.8,264.1,1066.5,490.3,560.7,62.6,388.7,672.0,254.0,684.1,996.1,688.5,190.2,875.7,672.0,823.2,357.5,929.8,200.3,434.9,409.0,610.7,901.6,431.7,776.7,888.8,272.3,650.0,331.7,1221.7,759.7,323.3,365.3,813.5,866.2,693.6,602.9,454.3,1236.4,645.6,593.4,381.8,872.0,641.4,880.6,905.2,398.3,380.2,180.6,268.0,685.9,1004.2,868.0,420.7,456.6,470.3,469.2,932.8,1035.7,379.7,426.9,333.2,75.3,842.0,1035.7,713.5,1108.6,399.1,858.4,1227.3,44.8,912.1,326.4,377.2,894.5,1236.1,831.1,352.5,339.0,489.1,866.1,129.5,965.5,651.1,859.1,651.1,353.3,369.8,985.2,677.8,602.8,772.1,863.6,927.9,1246.2,884.2,680.2,111.2,720.7,58.4,916.2,385.9,1300.1,957.2,390.3,298.9,584.9,862.9,636.7,648.0,1203.4,348.7,1012.9,276.3,509.6,252.4,1170.5
27,783.2,488.5,1029.5,281.6,324.3,291.1,570.9,852.3,797.3,308.1,561.3,402.4,508.4,605.2,332.4,313.1,566.0,411.6,451.1,196.9,243.4,578.3,506.0,159.7,232.1,141.3,358.7,0.0,212.3,496.3,594.3,236.7,205.8,427.5,186.9,484.6,571.8,581.8,231.8,904.2,488.6,266.0,253.7,457.7,253.8,458.2,542.1,343.5,269.6,386.7,239.6,275.8,906.7,245.2,463.8,445.2,453.1,952.1,368.5,917.1,328.5,490.2,496.3,257.1,221.7,526.4,501.1,1005.0,796.4,582.5,478.1,154.7,277.4,264.1,191.2,627.5,281.1,469.8,205.8,505.8,105.4,961.7,250.2,523.1,496.1,710.2,645.7,161.8,795.3,285.2,519.4,421.3,286.4,466.9,414.7,585.5,903.8,483.4,489.3,783.4,466.9,730.9,255.2,655.2,226.9,356.8,306.7,628.3,612.6,329.4,502.1,796.5,109.5,602.1,229.4,947.1,470.7,245.2,161.0,538.9,591.6,488.5,397.8,420.4,965.2,360.1,486.7,291.4,583.0,436.3,591.6,812.9,296.0,87.7,318.7,213.4,411.3,733.0,579.0,403.2,378.5,368.0,245.8,658.2,764.5,527.2,324.6,255.1,357.6,567.4,764.5,508.4,837.4,173.7,583.8,956.1,362.9,637.5,393.1,195.6,607.9,964.9,738.8,250.2,236.7,455.2,577.1,252.3,690.9,362.1,570.1,362.1,148.2,203.0,714.0,472.7,314.5,497.5,771.3,835.6,971.6,609.6,475.1,270.6,446.1,376.5,823.9,283.6,1028.9,682.6,182.5,183.8,379.8,588.3,534.4,432.1,947.7,246.4,741.7,392.4,218.6,150.1,943.0
28,783.5,501.9,1073.3,140.1,182.8,149.6,614.7,892.7,655.8,166.6,605.1,540.7,654.5,661.0,190.9,287.4,695.2,455.4,407.0,301.0,389.5,622.1,549.8,305.8,336.2,260.2,314.6,212.3,0.0,470.6,740.4,326.5,309.9,401.8,237.1,528.4,701.0,556.1,90.3,944.6,462.9,412.1,399.8,413.6,41.5,498.2,400.6,317.8,322.5,342.6,385.7,134.3,947.1,201.1,602.1,401.1,427.4,995.9,329.2,957.5,187.0,618.8,470.6,317.4,271.9,570.2,475.4,1045.4,836.8,447.7,624.2,205.8,423.5,156.6,251.4,671.3,341.3,513.6,309.9,484.6,251.5,820.2,37.9,566.9,470.4,568.7,620.0,50.5,835.7,259.5,665.1,377.2,144.9,441.2,370.6,444.7,762.3,457.7,445.2,641.9,441.2,589.4,113.7,699.0,252.4,312.7,165.2,544.7,701.2,187.9,545.9,655.0,213.6,460.6,87.9,990.9,616.8,201.1,307.1,582.7,635.4,462.8,372.1,558.7,1005.6,414.8,632.8,431.3,676.8,410.6,685.4,671.4,154.5,233.8,274.6,317.5,455.1,773.4,667.6,541.5,334.4,226.5,391.9,702.0,804.9,616.2,183.1,211.0,313.5,611.2,804.9,482.7,877.8,319.8,627.6,996.5,318.8,681.3,349.0,341.7,663.7,1005.3,597.3,37.9,95.2,593.5,706.3,252.6,734.7,508.2,716.2,508.2,122.5,349.1,754.4,447.0,372.0,541.3,629.8,694.1,1015.4,653.4,449.4,270.9,489.9,332.4,682.4,142.1,1069.3,726.4,328.6,55.1,354.1,632.1,392.9,578.2,969.6,34.1,782.1,348.3,278.8,62.2,936.7
29,1145.9,285.1,842.9,412.3,364.5,421.8,435.5,604.3,356.3,386.1,439.3,824.7,929.2,552.4,356.4,292.7,586.6,293.8,388.9,585.0,669.9,442.9,384.0,586.2,620.2,516.3,701.4,496.3,470.6,0.0,632.4,582.6,593.9,68.8,366.1,362.6,592.4,267.7,446.5,656.2,246.1,692.5,674.5,562.3,512.1,281.4,133.3,167.1,410.3,729.4,666.1,375.9,658.7,545.7,886.1,430.6,88.8,789.2,152.0,669.1,360.3,912.5,0.0,485.9,400.9,528.6,258.6,757.0,548.4,86.2,731.5,373.6,703.9,353.6,441.1,562.7,466.6,347.8,593.9,267.8,531.9,520.7,508.5,533.4,132.0,269.2,331.6,450.3,547.3,264.8,940.2,710.7,417.1,224.4,519.3,89.2,462.8,12.9,593.9,342.4,224.4,289.9,469.9,533.2,614.8,474.1,490.2,245.2,592.6,407.4,380.1,355.5,497.6,161.1,444.1,784.2,724.1,545.7,587.5,516.1,407.8,246.0,155.3,842.7,717.2,464.4,907.5,715.3,568.2,193.8,576.8,371.9,426.7,514.2,661.4,601.5,404.4,485.0,559.0,825.5,437.6,376.4,672.3,485.1,516.5,949.5,455.3,535.8,700.3,445.4,516.5,12.1,589.4,600.2,519.0,706.5,705.6,570.6,446.9,622.1,555.1,716.9,297.8,508.5,451.4,877.5,597.7,615.0,546.5,782.9,738.3,782.9,379.6,629.5,466.0,23.6,459.8,375.5,330.3,394.6,808.7,398.6,159.4,633.3,348.3,719.2,382.9,498.3,780.9,513.2,609.0,415.5,226.9,466.3,141.0,852.9,670.1,504.7,493.7,497.0,418.7,462.0,637.2
30,880.1,416.1,599.2,686.7,728.6,696.2,323.0,647.0,988.7,713.2,386.2,590.8,440.6,114.8,736.7,594.4,95.6,363.4,979.2,668.2,453.5,315.6,362.2,475.4,653.8,565.2,883.3,594.3,740.4,632.4,0.0,446.8,677.1,563.6,522.3,340.8,101.4,552.2,720.9,698.9,452.0,476.1,340.6,985.8,781.9,385.8,765.7,531.4,435.3,911.3,449.7,650.3,701.4,773.3,514.6,973.3,589.2,521.8,531.7,711.8,732.8,678.6,632.4,448.9,487.5,170.8,442.6,624.7,591.1,718.6,203.0,542.5,487.5,628.0,509.1,86.6,427.2,284.6,677.1,433.4,524.3,869.7,778.3,211.9,632.2,901.6,480.7,689.9,479.4,566.5,451.6,945.9,691.5,473.7,942.8,721.6,927.6,619.5,1017.4,974.8,473.7,922.3,744.3,179.3,728.4,884.9,764.6,877.6,122.2,734.5,358.3,987.9,637.6,793.5,718.5,516.8,195.6,773.3,579.9,158.3,375.3,452.1,504.3,558.0,759.9,360.7,418.9,501.5,92.6,464.4,101.2,1004.3,701.1,574.6,846.8,635.1,303.1,527.7,88.6,591.6,906.6,770.6,455.9,363.7,510.6,715.6,729.7,783.2,882.2,392.3,510.6,644.5,632.1,489.4,130.3,750.8,887.5,131.4,921.2,511.3,117.5,759.6,930.2,778.3,725.8,523.2,106.7,753.8,318.7,294.3,209.8,294.3,626.3,518.7,508.7,608.8,385.8,256.9,962.7,995.8,541.3,393.3,611.2,772.1,310.4,901.1,1007.5,772.7,600.8,342.9,498.2,685.9,481.0,254.9,773.4,364.3,742.4,774.5,532.0,920.5,481.7,678.2,737.7
31,739.0,389.1,835.0,395.8,438.5,405.3,415.8,697.2,900.7,422.3,406.2,257.9,360.9,389.6,446.6,386.1,418.5,312.2,621.6,310.6,95.9,423.2,350.9,117.8,296.2,152.7,525.7,236.7,326.5,582.6,446.8,0.0,319.5,513.8,219.2,329.5,424.3,602.4,346.0,749.1,423.3,118.5,106.2,628.2,368.0,358.8,645.5,416.5,176.6,553.7,92.1,374.0,751.6,415.7,319.3,615.7,539.4,757.6,454.8,762.0,442.7,345.7,582.6,98.6,184.4,298.8,415.6,849.9,641.3,668.8,330.6,209.0,129.9,351.7,144.2,399.9,123.2,275.3,319.5,406.4,166.7,919.9,364.4,295.5,582.4,813.6,530.9,306.2,640.2,358.2,371.9,588.3,400.6,445.0,585.2,671.8,977.8,569.7,659.8,886.8,445.0,834.3,369.4,457.8,370.8,527.3,420.9,789.6,429.8,443.6,347.0,899.9,280.0,705.5,343.6,752.6,323.2,415.7,222.3,311.3,436.5,423.4,470.8,275.9,810.1,152.0,339.2,143.9,405.4,435.7,414.0,916.3,410.2,217.0,489.2,277.5,213.6,577.9,396.2,258.7,549.0,482.2,98.3,503.1,609.4,382.7,438.8,425.6,524.6,412.3,609.4,594.7,682.3,131.8,356.2,801.0,529.9,409.9,563.6,153.7,392.3,809.8,842.2,364.4,350.9,310.7,429.6,396.2,496.4,214.6,422.6,214.6,204.0,161.1,558.9,559.0,139.1,303.0,874.7,939.0,777.1,454.5,561.4,414.5,269.7,543.5,927.3,397.8,836.6,504.4,140.6,271.4,376.8,393.8,637.8,284.6,792.6,360.6,586.6,562.9,171.6,317.9,787.9
