,0,1,2,3,4,5,6,7,8,9,10,11,12,13,14,15,16,17,18,19,20,21,22,23,24,25,26,27,28,29,30,31,32,33,34,35,36,37,38,39,40,41,42,43,44,45,46,47,48,49,50,51,52,53,54,55,56,57,58,59,60,61,62,63,64,65,66,67,68,69,70,71,72,73,74,75,76,77,78,79,80,81,82,83,84,85,86,87,88,89,90,91,92,93,94,95,96,97,98,99,100,101,102,103,104,105,106,107,108,109,110,111,112,113,114,115,116,117,118,119,120,121,122,123,124,125,126,127,128,129,130,131,132,133,134,135,136,137,138,139,140,141,142,143,144,145,146,147,148,149,150,151,152,153,154,155,156,157,158,159,160,161,162,163,164,165,166,167,168,169,170,171,172,173,174,175,176,177,178,179,180,181,182,183,184,185,186,187,188,189,190,191,192,193,194,195,196,197,198,199,200,201,202
0,0.0,1148.1,1406.1,1188.1,1678.0,1476.5,1503.6,605.3,923.1,1386.6,788.9,1549.0,2003.8,833.2,1521.9,1955.2,1725.3,1301.8,1898.3,1160.1,1015.8,1524.3,1562.9,625.9,1274.5,928.7,912.4,1674.8,1406.1,1181.0,1378.6,803.9,1475.1,1071.1,1264.4,1576.5,890.1,1127.9,1476.5,870.8,1187.4,1595.6,1200.6,1564.0,1219.0,1009.8,1867.7,1829.1,1484.9,1383.9,1141.7,1504.9,919.0,2133.3,1543.5,1538.4,2101.8,1860.5,1407.9,942.3,1820.6,1234.4,1181.3,838.2,2036.6,1229.2,802.7,1575.0,1976.7,610.6,1231.1,1487.1,1376.4,722.0,1544.9,1556.5,920.5,1113.2,1123.0,947.5,1433.3,1569.7,693.8,1086.0,1378.6,1790.3,1587.1,2148.6,1437.4,1708.9,1811.3,1337.1,1575.1,1029.2,1918.0,1328.0,1588.9,1106.3,1445.0,807.4,915.6,1529.5,1481.6,1405.5,740.1,1687.1,1881.4,844.5,885.2,1696.0,1595.5,1989.2,1773.4,1938.2,1802.5,1826.1,1139.1,1166.7,499.1,1268.9,1579.9,1389.0,1806.6,1119.3,1204.0,2054.7,1155.5,939.2,1359.8,1085.6,1319.9,2030.9,1820.1,1197.7,1534.5,1247.6,1837.9,607.4,1380.0,1348.1,1870.5,1221.3,934.6,913.6,1800.9,1947.5,1071.6,1147.5,1405.4,1794.0,944.9,910.4,2061.8,1184.5,941.6,1533.9,581.1,1865.7,1352.9,930.0,1181.5,820.8,1437.4,918.9,1648.5,1463.6,848.1,1072.1,1073.3,1314.7,1020.1,991.8,1545.1,1170.3,1164.6,637.5,1268.9,1568.1,1733.0,1231.1,744.0,1119.9,1560.7,1052.3,1687.5,1241.9,1574.8,1429.5,1406.1,1851.7,1169.0,1411.6,1144.0,1136.8,1086.1,1314.5,1868.1,1747.0,1109.9,2111.2,1109.2,999.1,2085.4
1,1148.1,0.0,536.3,997.7,990.2,792.4,971.2,870.8,366.6,1052.4,538.1,624.3,1346.3,413.2,754.4,1297.8,833.0,431.8,1006.0,1028.8,230.1,991.9,693.1,850.2,349.8,557.8,411.8,1017.4,536.3,642.2,1083.9,821.8,791.1,285.4,934.1,684.2,586.0,996.6,949.5,605.4,989.7,911.5,275.9,759.5,975.9,455.9,1210.2,1190.5,1010.2,779.6,355.9,820.8,492.8,1475.9,618.8,613.7,1444.3,1203.1,770.5,516.1,1163.2,309.6,256.6,355.1,1379.2,359.4,820.6,705.2,1084.4,865.6,987.9,803.0,1081.7,951.4,675.1,686.7,566.1,327.4,198.3,528.7,779.3,699.9,499.5,300.3,1083.9,1273.0,903.0,1491.2,774.2,816.6,919.0,633.4,705.3,243.4,1025.7,1033.4,1056.6,181.5,575.2,668.7,643.0,845.4,944.4,1033.5,833.1,794.8,1224.0,424.5,404.5,946.4,725.7,1331.8,881.1,1280.7,1285.2,1168.7,214.4,296.9,1009.8,344.2,679.9,519.2,1149.2,194.6,279.3,1397.2,616.7,618.0,490.0,62.5,873.0,1373.5,1162.7,338.0,704.0,377.8,1180.5,965.8,613.6,562.4,1213.1,435.5,556.4,487.4,1143.4,1055.2,76.5,490.3,776.0,1136.6,603.8,637.9,1169.5,259.7,600.5,664.1,895.0,973.4,428.1,798.6,321.8,687.4,774.1,492.7,778.7,962.4,438.7,495.8,497.0,390.0,196.8,494.7,675.3,578.6,572.9,935.6,344.2,698.3,863.2,987.9,732.1,250.1,690.9,921.0,817.7,1079.0,705.0,667.5,481.4,1194.2,1027.9,937.0,219.3,212.1,300.4,710.2,975.8,1272.3,185.2,1428.3,184.5,149.0,1363.5
2,1406.1,536.3,0.0,532.4,560.1,327.1,506.0,899.9,518.8,587.1,833.0,536.4,885.9,671.2,219.2,837.4,711.4,292.9,884.4,753.6,525.0,526.6,183.9,879.3,416.8,689.3,706.7,557.0,0.0,879.7,618.7,789.1,325.8,580.3,468.9,562.6,732.3,721.4,484.2,735.4,524.4,446.2,315.8,250.2,510.6,587.4,749.8,730.2,545.0,676.8,650.8,355.5,644.9,1015.5,541.9,547.0,983.9,742.7,305.3,668.2,702.8,392.1,392.9,649.9,918.8,284.4,787.9,196.0,962.8,894.6,522.7,337.7,616.5,987.1,165.9,327.4,697.6,622.3,451.2,681.7,657.7,340.6,794.3,595.2,618.7,812.6,437.8,1030.8,652.6,695.1,797.4,168.1,196.0,538.3,904.2,568.1,591.3,410.1,216.0,697.8,657.3,380.1,479.2,568.2,800.4,673.3,763.6,655.9,556.6,578.1,366.4,871.4,759.6,820.3,824.8,708.3,467.3,239.5,1038.8,411.2,480.8,143.8,688.8,447.5,415.6,936.8,911.5,912.8,114.6,473.8,407.7,913.1,702.3,331.0,582.5,234.4,720.1,933.1,889.4,857.2,752.7,730.4,570.6,639.5,683.1,933.6,459.8,450.3,310.8,676.2,618.1,652.1,1048.0,512.7,614.7,154.8,924.1,851.8,353.9,760.6,347.2,982.2,652.5,644.8,419.4,497.1,696.7,627.3,628.5,190.9,422.8,626.2,166.0,370.6,376.3,902.9,411.2,339.0,504.0,522.7,761.2,346.5,181.6,758.5,458.4,613.7,195.8,202.2,284.5,733.8,562.7,471.7,472.2,465.0,595.2,746.2,854.2,807.1,438.1,993.4,437.4,462.0,967.5
3,1188.1,997.7,532.4,0.0,519.9,372.4,345.5,708.9,864.5,228.6,1234.4,961.1,845.7,980.8,439.1,797.1,1136.1,586.0,1309.2,251.2,928.1,366.2,543.1,729.5,949.3,702.6,1109.9,516.8,532.4,1304.4,256.2,436.7,371.0,983.4,106.4,987.3,738.6,219.0,318.4,719.2,29.3,447.9,782.0,481.2,61.0,744.0,709.6,671.0,326.8,1101.5,1053.9,400.8,911.9,975.3,966.6,971.7,943.7,702.5,303.8,866.2,662.6,912.3,859.2,1053.1,878.6,638.3,435.5,530.9,1227.7,714.1,73.1,383.0,254.0,936.5,561.0,752.1,710.9,1025.5,917.5,795.9,1082.4,765.4,1195.7,998.3,256.2,632.2,439.5,990.6,1077.3,1119.8,1222.1,364.3,530.9,941.4,1286.4,205.6,430.9,876.4,640.7,681.7,641.1,425.4,323.5,247.4,448.0,1098.0,723.4,964.9,902.3,537.9,791.1,831.1,1184.3,780.1,644.5,668.0,933.6,700.8,721.7,943.7,905.5,625.8,648.5,913.8,881.9,896.6,1314.7,1316.0,647.0,935.2,161.9,872.9,662.1,670.0,1007.2,624.4,679.8,580.7,1314.1,1260.4,712.5,1133.5,554.5,906.5,642.8,1235.6,921.2,542.4,298.3,635.9,601.9,636.0,1142.6,978.9,598.6,572.1,684.7,1276.6,886.3,258.1,686.2,1383.6,1077.3,911.8,724.9,305.5,1041.4,783.9,785.1,723.4,884.2,639.5,560.9,448.1,453.7,550.5,943.7,763.7,593.7,73.1,745.0,758.5,492.4,256.1,689.9,160.1,531.1,406.8,817.0,693.6,60.2,253.6,938.5,931.3,998.4,1170.9,1278.9,589.0,904.4,953.1,903.7,907.7,927.3
4,1678.0,990.2,560.1,519.9,0.0,258.9,223.2,1104.2,972.3,492.5,1286.8,706.7,446.6,1125.3,390.1,398.0,881.7,613.6,1054.8,741.1,978.8,238.2,494.1,1083.6,870.1,923.0,1160.5,117.7,560.1,1050.0,606.1,926.6,234.3,1034.1,456.3,732.9,959.0,708.9,201.5,939.6,511.9,205.4,769.1,432.3,498.1,948.7,310.5,290.8,279.7,847.1,1104.6,204.6,1098.5,576.2,712.2,717.3,544.6,303.4,301.6,1073.8,263.5,845.4,846.2,1103.7,479.5,665.9,925.4,482.0,828.7,1098.9,510.1,269.5,603.9,1191.4,512.1,355.6,931.2,1076.1,904.5,1016.3,828.0,368.8,1248.2,1049.0,606.1,373.3,196.9,591.5,822.9,865.4,967.7,450.3,481.9,992.1,887.3,555.5,218.1,863.4,475.0,902.1,861.5,253.6,196.4,473.6,937.8,843.6,324.3,1109.5,1010.2,108.4,536.7,432.0,929.9,381.0,385.5,268.9,920.6,711.7,1211.6,864.5,651.1,490.7,249.5,900.8,868.9,497.5,1125.2,1291.8,519.9,927.7,488.3,473.8,263.0,697.7,752.8,652.1,280.7,1070.6,1059.7,1170.0,313.4,1184.2,774.9,1093.0,243.7,836.5,913.6,655.9,307.1,236.8,822.3,856.4,743.5,966.0,819.0,523.2,1128.4,1011.8,807.2,748.0,713.8,1410.2,822.9,1098.4,295.4,214.4,1150.5,988.6,989.8,644.2,876.6,859.9,512.0,576.2,581.9,1040.4,864.5,509.3,164.2,510.1,965.4,786.2,443.5,746.0,260.4,601.2,482.2,357.9,737.8,294.5,550.1,266.3,925.5,918.3,1049.1,916.5,937.2,438.5,891.4,554.1,890.7,915.8,528.2
5,1476.5,792.4,327.1,372.4,258.9,0.0,204.8,871.2,739.4,350.4,1089.1,679.2,584.7,892.4,157.1,536.2,854.2,380.7,1027.2,593.6,781.0,225.4,261.2,850.6,743.6,690.0,962.7,255.8,327.1,1022.5,458.6,743.5,24.6,836.3,308.8,705.4,726.0,561.4,183.0,706.7,364.4,145.0,576.7,199.3,350.6,715.7,448.6,429.0,261.3,819.6,906.8,54.3,865.5,714.3,684.7,689.8,682.7,441.5,68.6,840.9,401.6,707.0,653.9,906.0,617.6,433.0,742.3,249.0,966.8,865.9,362.6,10.6,456.4,958.4,279.1,470.2,698.3,878.4,712.2,783.4,800.5,483.4,1050.4,851.2,458.6,511.4,136.6,729.6,795.4,837.9,940.2,217.3,249.0,794.3,1025.4,408.0,290.1,671.1,358.8,669.1,628.5,78.9,178.0,331.6,754.8,816.1,462.4,876.5,777.2,276.9,509.2,570.2,902.4,519.1,523.6,407.1,728.3,495.5,1010.1,738.0,623.6,343.9,387.6,708.5,676.6,635.6,1097.7,1168.9,373.1,729.9,340.8,611.9,401.1,464.7,725.3,419.2,418.9,887.5,1032.2,1113.3,451.5,986.4,541.9,860.1,381.9,974.6,715.9,422.9,74.1,375.0,589.3,623.4,881.6,773.6,586.0,290.2,895.4,994.7,680.7,600.5,480.9,1238.3,795.3,865.4,463.9,195.9,953.0,755.6,756.8,517.7,678.9,626.9,279.0,343.2,348.9,857.3,738.0,481.8,332.7,362.6,732.5,553.2,210.5,598.5,428.9,453.6,249.2,124.9,611.3,432.6,402.6,235.0,733.2,726.0,851.3,889.0,997.0,570.4,699.1,692.2,698.4,718.1,666.3
6,1503.6,971.2,506.0,345.5,223.2,204.8,0.0,1024.4,918.2,314.9,1267.9,839.5,549.0,1071.2,336.0,500.4,1014.4,559.5,1187.5,566.7,959.8,20.7,440.0,1029.4,922.4,868.8,1141.6,220.1,506.0,1182.8,431.7,752.2,180.2,1015.1,281.9,865.6,904.8,534.5,27.1,885.5,337.5,151.2,755.5,378.1,323.7,894.5,412.9,393.2,105.4,979.8,1085.6,150.4,1044.3,678.5,844.9,850.1,647.0,405.7,247.4,1019.7,365.8,885.8,832.7,1084.8,581.8,611.8,751.0,427.8,931.0,1029.6,335.8,215.3,429.5,1137.2,457.9,488.3,877.1,1057.2,891.0,962.2,960.7,501.5,1229.2,1030.0,431.7,436.8,142.7,693.9,955.6,998.1,1075.0,396.1,427.8,973.1,989.7,381.2,85.4,849.9,537.6,847.9,807.3,199.4,26.8,296.0,763.5,976.3,426.6,1055.3,956.0,241.2,669.5,534.4,1062.6,483.4,449.0,371.3,907.1,674.3,1037.2,916.8,783.9,522.7,351.8,887.3,855.4,599.9,1257.9,1347.7,551.9,908.7,313.9,576.1,365.3,643.5,885.5,598.0,383.1,896.2,1192.4,1292.1,415.7,1165.2,720.7,1038.9,346.1,938.8,894.7,601.7,252.9,339.2,768.1,802.2,845.8,952.4,764.8,469.0,1000.2,1114.2,859.5,573.6,659.7,1417.1,955.6,1044.2,428.1,40.0,1131.8,934.4,935.6,696.5,857.7,805.7,457.8,522.1,527.7,866.0,916.8,642.1,296.9,335.8,911.3,732.0,389.3,571.6,393.1,426.8,428.0,303.7,790.1,396.9,375.7,91.9,912.0,904.8,1030.1,1049.2,1039.6,393.5,877.9,656.4,877.2,896.9,630.6
7,605.3,870.8,899.9,708.9,1104.2,871.2,1024.4,0.0,504.2,907.4,760.7,1271.7,1430.0,527.0,916.6,1381.4,1480.4,738.7,1653.5,680.9,742.2,1045.1,1018.2,20.6,997.2,323.4,757.3,1101.0,899.9,1152.8,899.4,324.7,869.8,797.5,785.2,1331.6,284.8,648.7,997.3,265.5,708.2,990.3,884.1,958.7,739.8,436.4,1293.9,1274.2,1005.7,1291.8,868.0,899.6,458.2,1559.5,1266.3,1261.1,1528.0,1286.7,802.6,412.4,1246.8,957.1,904.1,683.1,1462.8,728.4,323.5,1006.1,1731.8,5.3,751.9,881.8,897.2,227.6,1036.1,1173.3,315.1,839.5,845.8,342.2,1341.2,1186.5,665.6,812.4,899.4,1311.1,981.8,1574.9,1345.3,1464.1,1566.4,731.8,1006.0,755.5,1673.2,848.8,1109.7,829.0,1061.8,202.1,310.3,924.2,1002.4,926.3,260.9,1442.3,1307.6,511.1,466.3,1122.2,1212.3,1415.4,1528.6,1364.4,1323.3,1252.3,861.9,774.5,138.9,991.6,1326.7,995.6,1232.8,842.0,926.8,1480.9,1127.3,911.1,966.4,808.3,851.1,1457.1,1246.3,681.7,1351.5,790.1,1264.1,128.2,1125.7,1074.5,1296.7,947.6,329.3,452.7,1227.1,1702.7,794.3,542.2,800.1,1220.2,339.6,305.1,1726.8,907.2,336.3,1047.2,24.2,1620.9,1075.6,450.8,665.5,792.6,1345.2,458.0,1265.3,984.4,587.7,498.7,499.9,945.5,706.2,386.5,1036.0,565.0,559.3,158.3,991.6,1184.9,1177.9,751.9,138.7,667.5,967.5,573.1,1274.1,762.7,1006.3,824.2,1039.1,1277.9,689.8,932.4,866.8,859.5,812.5,1222.3,1623.2,1267.8,832.6,1537.4,831.9,721.8,1511.6
8,923.1,366.6,518.8,864.5,972.3,739.4,918.2,504.2,0.0,999.3,406.6,767.6,1298.1,153.0,706.8,1249.6,976.2,378.7,1149.3,836.5,238.0,938.9,675.5,483.6,493.1,262.3,383.3,969.2,518.8,650.1,1030.9,629.5,738.0,293.3,881.1,827.4,219.3,804.3,896.5,238.7,863.8,858.5,380.0,741.9,895.4,216.9,1162.0,1142.4,957.2,787.6,363.8,767.7,126.2,1427.7,762.1,757.0,1396.1,1154.9,717.5,149.5,1115.0,452.9,399.9,309.1,1331.0,321.3,628.3,687.6,1227.6,498.9,907.5,749.9,1028.7,591.4,657.6,669.1,254.0,335.4,341.6,162.0,837.0,682.3,368.0,308.2,1030.9,1224.8,850.0,1443.0,841.1,959.9,1062.3,580.3,687.7,251.3,1169.0,980.3,1003.5,324.8,557.6,302.1,384.4,792.4,891.4,980.4,640.8,938.1,1175.8,137.1,37.9,928.8,708.1,1283.6,1024.4,1232.6,1237.0,1120.5,357.7,279.3,643.1,487.5,822.5,501.6,1101.0,337.9,422.6,1349.0,624.6,625.9,472.4,304.1,819.9,1325.3,1114.5,274.7,847.3,360.3,1132.3,632.3,621.6,570.3,1164.9,443.4,364.1,120.7,1095.3,1198.5,290.1,414.2,723.0,1088.4,411.5,379.3,1312.8,403.0,408.2,646.5,528.4,1116.7,571.4,606.3,258.5,555.9,841.0,126.1,761.1,909.4,213.7,279.2,280.4,441.3,202.0,302.4,657.7,502.5,496.8,662.5,487.5,680.7,845.6,907.5,365.4,232.5,673.3,728.7,800.1,918.3,687.4,614.5,534.9,1146.0,845.4,883.9,362.6,355.4,308.3,718.2,1119.0,1219.3,328.4,1405.6,327.7,217.6,1379.7
9,1386.6,1052.4,587.1,228.6,492.5,350.4,314.9,907.4,999.3,0.0,1349.0,939.2,818.3,1131.5,417.1,769.7,1114.1,640.6,1287.2,449.7,1041.0,294.2,521.1,928.0,1003.6,853.3,1222.7,489.4,587.1,1282.5,199.0,635.2,349.1,1096.3,122.2,965.4,889.3,417.6,296.5,870.0,220.5,426.0,836.7,459.3,206.7,893.8,682.2,485.8,261.8,1079.5,1166.8,378.8,1062.6,947.9,944.7,949.8,790.4,675.1,281.8,1016.9,606.0,966.9,913.9,1166.0,851.2,692.9,634.0,509.0,1200.3,912.7,218.8,361.0,196.8,1121.7,539.1,730.2,861.6,1138.3,972.2,946.6,1060.5,743.4,1310.4,1111.2,199.0,447.0,417.5,963.2,1055.4,1097.8,1200.2,422.9,508.9,1054.3,1259.0,148.4,296.2,931.1,618.7,832.4,791.8,403.4,301.6,18.9,646.5,1076.0,696.0,1115.6,1037.2,510.5,769.2,803.7,1162.3,752.7,459.2,640.6,988.3,755.5,920.3,998.0,883.6,603.9,621.1,968.4,936.6,869.2,1357.6,1428.9,633.1,989.9,220.5,845.5,634.7,724.6,985.2,679.1,562.0,779.3,1292.2,1373.2,685.1,1246.4,705.2,1057.2,609.7,1208.2,975.8,601.0,276.3,608.5,752.6,786.7,1115.2,1033.6,749.3,550.1,883.2,1254.6,940.6,456.7,740.8,1498.3,1055.3,1062.5,697.5,283.6,1192.1,933.7,934.9,777.7,938.8,790.2,538.9,506.7,512.4,749.1,998.0,741.8,566.3,218.8,895.7,813.2,470.4,454.6,662.5,194.0,509.2,384.9,871.3,666.2,258.8,231.6,993.2,985.9,1111.3,1148.9,1257.0,403.7,959.0,925.7,958.3,978.0,899.9
10,788.9,538.1,833.0,1234.4,1286.8,1089.1,1267.9,760.7,406.6,1349.0,0.0,939.1,1643.0,316.7,1051.0,1594.4,1147.7,728.4,1320.8,1206.4,375.8,1288.6,989.8,740.1,664.6,538.8,257.3,1314.1,833.0,643.1,1380.6,999.4,1087.7,431.1,1230.8,998.9,495.8,1174.2,1246.2,515.1,1233.7,1208.2,590.7,1056.1,1272.5,493.4,1506.9,1487.2,1306.9,846.1,501.6,1117.4,402.6,1772.5,933.6,928.4,1741.0,1499.7,1067.2,425.9,1459.8,624.4,571.4,183.1,1675.8,656.1,998.3,1001.9,1399.1,755.4,1284.6,1099.6,1378.4,655.2,971.8,983.4,530.5,473.2,513.1,438.5,895.5,996.6,95.1,446.0,1380.6,1569.6,1199.7,1787.9,899.6,1131.4,1233.8,930.0,1001.9,389.1,1340.5,1330.0,1353.2,496.3,871.9,578.5,660.9,1142.1,1241.1,1330.1,1010.7,1109.6,1520.6,328.1,368.8,1243.0,1022.3,1628.4,1195.9,1577.4,1581.9,1465.3,529.2,593.5,796.2,659.0,994.7,815.9,1445.8,509.4,594.1,1693.9,617.6,401.4,786.7,475.6,1169.6,1670.1,1459.3,634.6,996.6,674.5,1477.1,888.8,759.4,708.1,1509.7,581.2,679.9,397.2,1440.1,1370.0,461.6,787.0,1072.7,1433.2,690.2,655.8,1484.3,574.5,686.9,960.7,784.9,1288.2,742.9,976.3,618.4,283.0,899.5,402.5,1075.3,1259.1,193.0,555.6,556.8,704.8,410.2,601.8,971.9,875.2,869.6,919.0,659.0,995.0,1159.9,1284.6,641.9,546.7,987.5,1098.6,1114.3,1288.2,1001.7,964.2,796.2,1490.9,1215.3,1233.6,534.1,526.9,446.1,776.6,1290.5,1569.0,499.9,1743.1,499.2,389.1,1678.2
11,1549.0,624.3,536.4,961.1,706.7,679.2,839.5,1271.7,767.6,939.2,939.1,0.0,898.0,814.1,570.5,1014.3,208.7,624.4,381.7,1182.3,631.0,854.4,509.2,1251.1,316.0,958.7,812.7,734.0,536.4,377.0,1047.4,1222.7,677.9,668.3,897.6,59.9,986.9,1150.1,817.7,1006.3,953.1,798.3,444.9,575.6,939.3,856.8,926.8,907.1,896.0,174.1,597.8,707.6,893.7,883.9,5.5,10.6,1032.6,919.7,657.4,917.0,879.8,372.5,425.6,756.0,1095.8,615.8,1221.5,521.3,460.1,1266.5,951.4,689.8,1045.1,1352.3,491.2,401.0,967.0,626.3,483.9,929.6,155.0,378.8,900.4,653.4,1047.4,989.6,789.9,889.0,149.9,192.3,294.7,704.6,521.4,644.3,401.4,996.8,834.4,442.7,380.5,1069.6,1043.9,732.2,812.7,920.3,1234.0,170.5,940.6,825.4,805.4,663.0,170.0,1048.3,256.9,990.2,1001.8,885.2,500.0,570.9,1410.7,310.4,55.6,396.3,865.7,480.1,448.3,1021.3,452.1,618.7,425.5,561.8,929.5,1056.2,879.3,662.5,79.7,565.9,897.0,1366.7,386.7,497.0,929.6,595.9,957.3,888.3,860.0,430.9,547.8,820.9,662.9,853.1,1004.7,1038.8,545.3,545.3,1001.4,480.2,1296.0,349.1,371.5,1189.2,678.6,737.2,149.8,893.6,495.3,830.6,839.6,896.7,897.9,396.2,597.7,895.6,491.4,818.6,824.2,1336.6,310.4,197.4,579.8,951.4,1133.0,636.3,507.0,1187.2,534.3,1042.4,521.1,614.4,445.1,910.8,991.4,823.8,504.8,497.6,701.3,243.5,351.5,1054.8,470.7,804.1,470.0,549.9,739.2
12,2003.8,1346.3,885.9,845.7,446.6,584.7,549.0,1430.0,1298.1,818.3,1643.0,898.0,0.0,1451.2,715.9,287.1,689.4,939.4,749.5,1066.9,1334.9,564.0,819.9,1409.4,1214.0,1248.8,1516.7,328.9,885.9,1233.7,931.9,1252.4,560.1,1390.2,782.1,838.2,1284.8,1034.7,527.3,1265.4,837.7,531.2,1125.2,758.1,823.9,1274.5,136.1,481.7,605.5,1030.7,1454.4,530.4,1424.3,210.5,903.5,908.6,227.1,143.2,627.4,1399.7,410.4,1201.5,1202.4,1459.9,288.7,991.7,1251.2,807.8,459.3,1424.7,835.9,595.3,929.7,1517.2,837.9,711.8,1257.1,1432.3,1260.7,1342.1,1011.6,725.0,1604.3,1405.1,931.9,564.1,522.7,225.9,1006.5,729.6,603.3,776.1,807.7,1348.3,517.9,881.4,543.9,1219.6,831.1,1227.9,1187.3,579.4,522.2,799.4,1263.7,748.8,312.3,1435.3,1336.0,464.6,892.9,321.1,641.2,93.1,576.3,177.7,1276.8,1054.3,1537.4,1208.4,919.9,846.9,345.8,1257.0,1225.1,202.3,1308.8,1475.4,876.1,1283.8,814.1,237.2,350.5,1023.5,936.4,977.9,471.6,1396.4,1243.3,1353.6,297.9,1452.6,1100.7,1418.9,331.3,467.1,1269.8,981.7,632.9,342.8,1148.1,1182.2,374.1,1322.1,1144.8,849.0,1454.2,642.5,1163.4,1073.8,1039.7,1593.8,1006.5,1424.2,651.6,540.2,1506.7,1314.4,1315.6,1000.4,1232.8,1185.7,837.8,902.0,907.7,1366.2,1208.4,865.5,520.4,835.9,1291.2,1112.0,769.3,1071.8,616.6,927.0,808.0,683.7,1094.0,382.1,875.9,592.1,1281.7,1274.5,1405.2,1100.1,567.9,629.4,1247.5,184.7,1246.8,1272.0,158.9
13,833.2,413.2,671.2,980.8,1125.3,892.4,1071.2,527.0,153.0,1131.5,316.7,814.1,1451.2,0.0,859.8,1402.6,1022.8,531.7,1195.8,952.8,280.9,1091.9,828.0,506.4,539.6,285.1,293.4,1122.2,671.2,693.0,1159.1,745.8,891.0,336.2,1009.3,874.0,242.2,920.6,1049.5,261.5,980.1,1011.5,465.7,894.4,1011.8,239.7,1315.0,1295.4,1110.2,830.5,406.7,920.8,149.0,1580.7,808.6,803.5,1549.2,1307.9,870.5,172.3,1268.0,499.5,446.4,219.2,1484.0,474.3,744.6,840.1,1274.2,521.7,1023.8,903.0,1156.9,614.2,810.0,821.6,276.9,378.3,388.1,184.8,879.9,834.8,278.1,351.1,1159.1,1377.8,1003.0,1596.0,884.0,1006.4,1108.8,733.4,840.1,294.2,1215.5,1108.5,1156.5,371.3,710.1,324.9,407.3,945.4,1044.4,1133.5,757.1,984.6,1328.8,74.5,115.2,1081.2,860.6,1436.6,1070.9,1385.6,1390.0,1273.5,404.2,431.8,665.9,534.0,869.7,654.1,1254.0,384.4,469.1,1502.0,667.5,584.4,624.9,350.7,948.2,1478.3,1267.5,427.7,893.8,512.7,1285.3,655.2,664.5,613.2,1317.9,486.3,426.3,143.5,1248.3,1245.0,336.7,540.4,876.0,1241.4,436.6,402.2,1359.3,449.5,433.3,798.9,551.2,1163.2,617.9,722.7,411.5,466.0,883.9,148.9,913.5,1062.4,123.8,302.0,303.2,579.8,285.2,348.2,810.1,628.7,623.0,685.3,534.0,833.2,998.1,1023.8,388.3,384.9,825.7,845.0,952.5,1034.6,839.9,767.5,671.2,1299.1,961.7,1036.9,409.1,401.9,351.2,761.1,1165.6,1372.3,375.0,1558.6,374.3,264.1,1532.8
14,1521.9,754.4,219.2,439.1,390.1,157.1,336.0,916.6,706.8,417.1,1051.0,570.5,715.9,859.8,0.0,667.4,745.4,348.1,918.5,660.2,743.0,356.7,108.5,896.0,634.9,735.4,924.7,387.0,219.2,913.8,525.3,805.8,155.8,798.3,375.5,596.6,771.4,628.0,314.2,752.1,431.0,276.2,533.8,42.2,417.2,688.5,579.8,560.2,375.0,710.8,868.8,185.5,833.0,845.5,575.9,581.1,813.9,572.7,135.3,813.7,532.8,610.1,611.0,868.0,748.8,400.4,804.6,96.4,996.8,911.3,429.3,167.7,523.1,1003.8,126.5,361.5,743.7,840.3,669.3,782.8,691.7,374.7,1012.4,813.2,525.3,642.6,267.8,860.8,686.7,729.1,831.5,184.8,96.4,756.3,938.2,474.7,421.3,628.2,250.0,714.5,673.9,210.1,309.2,398.2,817.1,707.3,593.6,843.9,744.7,408.1,400.5,701.4,793.6,650.3,654.8,538.3,685.4,457.5,1055.5,629.3,514.9,235.1,518.8,665.5,633.7,766.8,988.9,1130.9,264.4,691.9,407.4,743.1,532.3,432.1,616.5,386.6,550.1,949.8,923.4,1033.7,582.7,948.4,587.3,827.5,513.1,967.7,677.9,466.9,140.8,506.2,634.7,668.8,1012.8,730.7,631.4,137.6,940.8,885.9,571.9,667.2,448.3,1200.3,686.6,832.9,453.5,327.1,914.8,728.4,729.6,408.9,640.9,672.3,126.4,387.3,393.0,919.6,629.3,373.1,463.9,429.3,777.8,520.7,101.7,665.1,492.5,520.3,96.6,92.4,502.5,563.8,469.3,301.7,690.3,683.0,813.3,780.2,888.2,637.1,656.1,823.4,655.4,680.0,797.5
15,1955.2,1297.8,837.4,797.1,398.0,536.2,500.4,1381.4,1249.6,769.7,1594.4,1014.3,287.1,1402.6,667.4,0.0,897.5,890.9,957.6,1018.3,1286.4,515.4,771.4,1360.8,1177.7,1200.2,1468.1,280.4,837.4,1357.6,883.4,1203.8,511.6,1341.7,733.6,1040.5,1236.2,986.1,478.7,1216.9,789.1,482.6,1076.6,709.5,775.3,1225.9,267.3,441.9,557.0,1154.7,1412.2,481.8,1375.7,311.0,1019.8,1024.9,480.7,260.2,578.8,1351.1,370.6,1153.0,1153.8,1411.3,130.0,943.2,1202.6,759.2,667.4,1376.1,787.4,546.8,881.1,1468.6,789.3,663.2,1208.5,1383.7,1212.1,1293.6,1135.6,676.4,1555.8,1356.6,883.4,524.3,474.1,326.4,1130.5,937.7,811.4,727.6,759.2,1299.7,726.0,832.8,495.4,1171.0,782.6,1179.3,1138.7,530.8,473.6,750.9,1215.1,956.9,73.8,1386.7,1287.4,416.0,844.3,34.0,849.3,201.3,536.5,225.7,1228.2,1005.7,1488.8,1172.1,958.7,798.3,148.6,1208.4,1176.5,151.9,1432.8,1599.4,827.5,1235.3,765.5,124.3,310.7,974.9,1060.4,929.4,431.8,1347.8,1367.3,1477.6,105.5,1491.8,1052.1,1370.3,291.5,675.2,1221.2,933.1,584.3,203.4,1099.5,1133.6,582.2,1273.6,1096.2,800.4,1405.6,850.5,1114.8,1025.2,991.1,1717.8,1130.5,1375.6,603.0,491.6,1458.1,1265.8,1267.0,951.8,1184.2,1137.1,789.2,853.5,859.1,1317.7,1172.1,816.9,471.8,787.4,1242.7,1063.4,720.7,1023.2,568.0,878.4,759.4,635.1,1045.4,342.3,827.4,543.6,1233.1,1225.9,1356.6,1224.1,776.0,589.6,1199.0,312.8,1198.3,1223.4,367.0
16,1725.3,833.0,711.4,1136.1,881.7,854.2,1014.4,1480.4,976.2,1114.1,1147.7,208.7,689.4,1022.8,745.4,897.5,0.0,833.0,326.4,1357.3,839.7,1029.4,684.2,1459.8,524.6,1167.4,1021.4,908.9,711.4,544.3,1222.3,1431.4,852.8,835.6,1072.5,148.8,1195.6,1325.1,992.7,1214.9,1128.1,973.3,653.5,750.5,1114.3,1065.5,748.2,1082.1,1071.0,341.3,765.1,882.6,1102.4,675.3,214.1,219.3,823.9,755.4,832.3,1125.7,1022.5,581.2,634.2,964.7,899.0,824.5,1430.2,696.3,404.8,1475.1,1126.3,864.8,1220.1,1561.0,666.2,576.0,1175.7,793.5,692.5,1138.2,322.3,553.8,1092.3,820.7,1222.3,1164.5,964.8,680.3,317.2,175.7,86.0,879.5,696.3,853.0,346.1,1171.7,1009.4,651.4,555.5,1278.3,1252.6,907.2,987.6,1095.3,1442.6,115.2,922.6,1034.1,1014.1,837.9,345.0,931.5,48.2,781.6,1176.7,789.8,708.6,779.6,1619.3,519.0,230.6,571.2,957.9,688.8,656.9,812.6,619.4,786.0,600.4,770.5,1104.5,847.5,962.6,871.1,247.0,774.5,1072.0,1575.4,554.0,664.2,910.0,763.2,1166.0,1096.9,943.4,222.3,756.4,1029.5,837.8,954.9,1213.4,1247.5,449.5,753.9,1210.0,655.1,1504.6,293.8,580.1,1364.2,887.3,904.4,317.1,1102.3,670.2,1005.6,1048.3,1105.4,1106.6,604.9,806.4,1104.3,666.3,1027.2,1032.9,1545.2,519.0,372.4,754.8,1126.3,1341.7,845.0,681.9,1362.2,709.2,1217.3,696.1,789.4,653.8,994.2,1166.3,998.8,713.5,706.3,881.4,410.7,296.2,1229.8,679.4,595.4,678.7,758.6,530.5
17,1301.8,431.8,292.9,586.0,613.6,380.7,559.5,738.7,378.7,640.6,728.4,624.4,939.4,531.7,348.1,890.9,833.0,0.0,1006.1,807.1,420.4,580.2,433.1,718.1,386.4,452.6,602.1,610.5,292.9,832.4,672.2,652.5,379.3,475.7,522.4,684.2,495.6,775.0,537.8,510.6,577.9,499.8,216.1,390.3,564.1,350.7,803.3,783.7,598.5,798.4,546.2,409.0,504.9,1069.0,618.9,613.7,1037.4,796.2,358.8,475.9,756.3,346.3,293.3,545.3,972.3,72.3,651.3,421.0,1084.4,733.5,576.2,391.2,670.0,825.9,431.7,461.7,460.9,517.7,351.6,445.0,779.3,474.9,689.8,490.6,672.2,866.1,491.3,1084.3,774.3,816.7,919.1,221.6,420.9,433.7,1025.8,621.6,644.8,310.4,350.2,536.6,496.1,433.7,532.7,621.7,663.8,794.9,817.1,515.8,416.6,631.6,500.7,924.9,881.2,873.9,878.3,761.8,367.7,134.9,877.7,380.8,615.1,275.8,742.3,347.8,316.0,990.3,806.9,808.2,246.6,369.3,461.2,966.6,755.8,104.0,704.1,58.5,773.6,796.5,803.9,752.6,806.2,625.8,409.4,499.4,736.6,1055.3,355.2,196.5,364.3,729.7,456.9,490.9,1169.6,413.0,453.5,420.6,762.9,973.5,397.3,629.3,120.2,877.7,774.2,504.8,553.7,550.7,592.4,390.6,391.8,234.4,318.2,389.5,431.8,194.2,199.9,766.4,380.8,473.3,638.2,576.2,600.0,192.6,382.4,751.7,592.7,667.2,421.2,255.8,328.0,787.4,616.2,525.2,372.5,365.3,490.7,867.8,975.8,860.6,338.4,1046.9,337.7,357.4,1021.1
18,1898.3,1006.0,884.4,1309.2,1054.8,1027.2,1187.5,1653.5,1149.3,1287.2,1320.8,381.7,749.5,1195.8,918.5,957.6,326.4,1006.1,0.0,1530.3,1012.7,1202.5,857.2,1632.9,697.7,1340.4,1194.5,1001.2,884.4,717.3,1395.4,1604.4,1025.9,1008.6,1245.6,321.9,1368.6,1498.1,1165.8,1388.0,1301.1,1146.3,826.6,923.6,1287.3,1238.5,808.4,1154.0,1244.0,514.4,938.1,1055.6,1275.5,735.5,387.2,392.3,884.1,815.5,1005.4,1298.7,1082.7,754.3,807.3,1137.7,959.2,997.5,1603.2,869.3,290.2,1648.2,1299.4,1037.8,1393.2,1734.0,839.3,749.0,1348.7,966.6,865.6,1311.3,495.3,726.9,1265.4,993.7,1395.4,1236.4,1137.9,740.5,490.2,191.9,412.5,1052.6,869.4,1026.1,231.6,1344.8,1182.4,824.5,728.5,1451.4,1425.6,1080.2,1160.7,1268.3,1615.7,211.2,982.8,1207.1,1187.1,1011.0,518.0,991.6,374.6,841.7,1248.6,850.0,881.7,952.6,1792.4,692.1,403.6,744.3,1018.0,861.9,830.0,872.8,792.5,959.1,773.5,943.5,1277.5,907.7,1022.8,1044.2,420.1,947.6,1143.9,1748.5,727.0,837.3,970.2,936.2,1339.0,1270.0,1003.6,548.7,929.5,1202.6,1010.9,1015.1,1386.4,1420.5,375.4,927.0,1383.1,828.2,1677.7,179.3,753.2,1537.3,1060.4,1077.5,490.2,1275.3,843.3,1178.7,1221.3,1278.4,1279.6,778.0,979.5,1277.4,839.4,1200.3,1206.0,1718.3,692.1,545.4,927.8,1299.4,1514.7,1018.0,855.0,1535.2,882.3,1390.4,869.1,962.5,826.8,1054.3,1339.4,1171.8,886.6,879.3,1054.5,583.8,181.7,1301.7,852.4,655.6,851.7,931.7,590.7
19,1160.1,1028.8,753.6,251.2,741.1,593.6,566.7,680.9,836.5,449.7,1206.4,1182.3,1066.9,952.8,660.2,1018.3,1357.3,807.1,1530.3,0.0,900.1,587.4,764.2,701.5,1155.2,674.6,1081.9,738.0,753.6,1312.2,441.7,408.7,592.2,955.4,327.6,1208.5,710.6,79.1,539.6,691.3,250.5,669.1,1003.2,702.4,282.2,716.0,930.8,892.2,548.0,1322.7,1026.0,622.0,883.9,1196.5,1187.8,1192.9,1164.9,923.6,525.0,838.2,883.7,1115.0,1062.0,1025.1,1099.7,859.4,407.5,752.1,1448.9,686.2,294.2,604.2,439.5,908.5,782.2,973.3,682.9,997.5,1003.7,767.9,1303.6,986.5,1167.8,970.3,441.7,853.4,660.7,1211.8,1298.5,1340.9,1443.3,585.5,752.0,913.5,1507.6,391.1,652.1,986.9,861.8,653.7,613.1,646.6,544.7,468.6,420.0,1319.1,944.5,936.9,874.3,759.1,1012.3,1052.3,1405.5,1001.3,865.6,889.2,1019.8,922.0,693.7,1149.6,1126.7,847.0,869.7,1000.0,1084.7,1117.8,1286.7,1288.0,868.2,966.3,383.0,1094.0,883.3,825.1,1228.3,845.6,901.0,552.7,1283.7,1232.4,933.6,1105.6,526.5,878.5,864.0,1456.7,952.2,667.6,519.5,857.1,573.9,608.0,1363.7,1065.1,570.6,793.3,656.7,1497.7,1107.5,230.1,808.9,1355.6,1298.4,883.8,946.0,526.7,1013.4,755.9,757.1,944.5,864.1,611.5,782.1,669.2,660.9,522.5,1149.6,984.9,814.9,294.2,717.0,811.1,713.6,228.1,911.1,305.0,752.3,628.0,1038.1,914.8,232.1,474.8,1024.7,1017.5,970.4,1380.3,1500.1,810.1,990.5,1174.3,989.9,879.7,1148.5
20,1015.8,230.1,525.0,928.1,978.8,781.0,959.8,744.8,238.0,1041.0,375.8,631.0,1334.9,280.9,743.0,1286.4,839.7,420.4,1012.7,900.1,0.0,980.5,681.7,724.2,356.5,429.2,249.5,1006.0,525.0,412.1,1072.5,693.2,779.7,55.3,922.7,690.9,460.0,868.0,938.1,479.3,927.4,900.1,282.6,748.1,964.5,327.3,1198.8,1179.2,998.8,549.5,125.8,809.4,366.8,1464.5,625.5,620.4,1432.9,1191.7,759.2,390.1,1151.8,316.4,263.4,192.8,1367.8,348.1,692.0,693.8,1091.1,739.5,976.6,791.6,1070.3,819.1,663.8,675.3,437.5,97.3,205.1,402.6,598.9,688.5,337.2,70.2,1072.5,1261.6,891.7,1479.8,603.0,823.4,925.7,622.0,693.9,13.3,1032.5,1022.0,1045.2,188.3,563.8,542.7,514.4,834.0,933.1,1022.1,704.5,801.6,1212.6,292.3,275.9,935.0,714.3,1320.4,887.9,1269.4,1273.8,1157.3,221.2,285.5,883.7,350.9,686.6,507.8,1137.8,201.3,286.0,1385.8,386.6,387.9,478.6,167.6,861.6,1362.1,1151.3,326.6,700.1,366.5,1169.1,837.2,383.5,332.2,1201.7,205.4,427.8,361.3,1132.1,1061.9,153.6,478.9,764.6,1125.2,475.2,509.3,1176.3,266.5,471.9,652.7,769.0,980.1,434.9,670.0,310.4,506.3,603.0,366.7,767.3,951.0,288.2,367.2,368.4,396.7,102.1,366.1,663.9,567.2,561.5,807.0,350.9,686.9,851.8,976.6,606.1,238.7,679.5,792.4,806.3,982.0,693.6,656.1,488.1,1182.8,909.1,925.6,226.0,218.8,70.3,480.1,982.5,1261.0,191.9,1435.1,191.2,81.1,1370.2
21,1524.3,991.9,526.6,366.2,238.2,225.4,20.7,1045.1,938.9,294.2,1288.6,854.4,564.0,1091.9,356.7,515.4,1029.4,580.2,1202.5,587.4,980.5,0.0,460.7,1050.1,943.1,889.5,1162.2,235.0,526.6,1197.7,452.4,772.9,200.8,1035.8,302.6,880.6,925.5,555.2,47.8,906.2,358.2,171.9,776.2,398.8,344.4,915.2,427.9,408.2,126.0,994.8,1106.3,171.1,1065.0,693.5,859.9,865.1,662.0,420.7,268.1,1040.4,380.8,906.5,853.4,1105.5,596.8,632.5,771.7,448.5,946.0,1050.3,356.5,236.0,450.2,1157.9,478.6,503.3,897.8,1077.9,911.7,982.9,975.7,516.5,1249.9,1050.7,452.4,416.1,163.4,708.8,970.6,1013.1,1090.0,416.8,448.5,993.8,1004.6,401.9,64.7,870.6,558.3,868.6,828.0,220.1,47.5,275.3,784.2,991.3,441.6,1076.0,976.7,256.2,684.4,549.4,1077.6,498.4,428.3,386.3,927.8,695.0,1057.9,937.5,798.8,543.4,366.8,908.0,876.1,614.8,1272.9,1368.4,572.6,929.4,334.6,591.1,380.3,664.2,900.5,618.7,398.1,916.9,1207.4,1312.8,430.7,1185.9,741.4,1059.6,361.1,953.8,915.4,622.4,273.6,354.2,788.8,822.9,860.8,973.1,785.5,489.7,1020.9,1129.2,880.2,594.3,680.4,1437.8,970.6,1064.9,443.1,60.7,1152.5,955.1,956.3,717.2,878.4,826.4,478.5,542.7,548.4,886.7,937.5,657.0,311.9,356.5,932.0,752.7,410.0,592.3,408.1,447.5,448.7,324.4,810.8,411.9,396.4,112.6,932.7,925.5,1050.8,1064.2,1054.6,372.8,898.6,671.4,897.9,917.6,645.6
22,1562.9,693.1,183.9,543.1,494.1,261.2,440.0,1018.2,675.5,521.1,989.8,509.2,819.9,828.0,108.5,771.4,684.2,433.1,857.2,764.2,681.7,460.7,0.0,997.6,573.6,837.0,863.4,491.0,183.9,852.5,629.3,907.4,259.8,737.0,479.5,535.4,873.0,732.0,418.2,853.7,535.0,380.2,472.5,66.4,521.2,744.2,683.8,664.2,479.0,649.5,807.5,289.5,801.7,949.5,514.7,519.8,917.9,676.7,239.3,825.0,636.8,548.8,549.7,806.7,852.8,441.1,906.2,12.1,935.6,1012.9,533.3,271.7,627.1,1105.4,18.0,300.2,845.3,779.1,608.0,838.4,630.5,313.4,951.1,751.9,629.3,746.6,371.8,964.8,625.4,667.8,770.2,286.4,12.2,695.0,876.9,578.7,525.3,566.9,188.7,816.1,775.5,314.1,413.2,502.2,918.6,646.0,697.6,812.6,713.4,512.1,339.2,805.4,732.3,754.3,758.8,642.3,624.1,396.2,1157.1,568.0,453.6,173.9,622.8,604.3,572.4,870.8,927.6,1069.6,203.1,630.6,511.4,847.1,636.3,487.8,555.2,391.2,654.1,1051.4,862.2,972.5,686.7,887.1,688.9,796.2,617.1,906.4,616.6,568.6,244.8,610.2,736.3,770.4,1020.7,669.4,733.0,29.0,1042.4,824.6,510.6,771.2,504.0,1139.0,625.3,801.6,392.2,431.1,853.5,784.1,785.3,347.7,579.6,773.9,17.8,488.9,494.6,1021.2,568.0,311.8,476.7,533.3,879.4,503.2,50.7,769.1,431.2,624.3,11.9,196.4,441.3,667.8,573.3,405.7,629.0,621.8,752.0,719.0,827.0,741.1,594.8,927.4,594.1,618.8,901.5
23,625.9,850.2,879.3,729.5,1083.6,850.6,1029.4,20.6,483.6,928.0,740.1,1251.1,1409.4,506.4,896.0,1360.8,1459.8,718.1,1632.9,701.5,721.6,1050.1,997.6,0.0,976.6,302.8,736.7,1080.5,879.3,1132.2,920.0,345.3,849.2,776.9,805.8,1311.0,264.2,669.3,1005.3,244.9,728.8,969.7,863.5,938.1,760.4,415.8,1273.3,1253.6,1013.7,1271.2,847.4,879.0,437.6,1538.9,1245.7,1240.5,1507.4,1266.1,782.0,391.8,1226.2,936.5,883.5,662.5,1442.2,707.8,344.1,985.5,1711.2,15.3,772.5,861.2,917.8,207.0,1015.6,1152.7,294.6,819.0,825.2,321.6,1320.6,1165.9,645.0,791.8,920.0,1319.1,961.2,1554.3,1324.7,1443.5,1545.8,711.2,985.4,734.9,1652.6,869.4,1114.8,808.4,1041.2,181.5,289.7,903.6,1002.6,946.9,281.5,1421.7,1287.0,490.5,445.7,1101.6,1191.7,1394.8,1508.0,1343.8,1331.4,1231.7,841.3,753.9,159.5,971.0,1306.1,975.0,1212.2,821.4,906.2,1460.3,1106.7,890.5,945.8,787.7,830.5,1436.5,1225.7,661.1,1330.9,769.5,1243.5,148.8,1105.2,1053.9,1276.1,927.0,308.7,432.1,1206.5,1682.1,773.7,521.6,779.5,1199.6,319.0,284.5,1706.2,886.6,315.7,1026.6,44.8,1600.3,1055.0,471.3,644.9,772.0,1324.6,437.4,1244.7,992.4,567.1,478.1,479.3,924.9,685.6,365.9,1015.4,544.4,538.7,178.9,971.0,1164.3,1157.4,772.5,118.1,646.9,946.9,593.7,1253.6,783.3,985.7,803.6,1018.5,1257.3,710.4,940.5,846.2,838.9,791.9,1201.7,1602.6,1275.8,812.0,1516.8,811.3,701.2,1491.0
24,1274.5,349.8,416.8,949.3,870.1,743.6,922.4,997.2,493.1,1003.6,664.6,316.0,1214.0,539.6,634.9,1177.7,524.6,386.4,697.7,1155.2,356.5,943.1,573.6,976.6,0.0,684.2,538.2,897.4,416.8,693.0,1035.5,948.2,742.3,411.8,885.7,375.8,712.4,1123.0,900.7,731.8,941.2,862.7,170.4,640.0,927.5,582.3,1090.2,1070.5,961.4,490.0,482.3,772.0,619.2,1199.9,310.5,305.4,1324.3,1083.1,721.8,642.5,1043.1,98.0,151.1,481.5,1259.2,377.9,947.0,585.7,776.0,992.0,939.5,754.2,1033.3,1077.8,555.6,566.7,692.5,453.9,209.4,655.1,470.9,579.9,625.9,426.7,1035.5,1153.0,854.3,1204.9,465.9,508.3,610.7,585.0,585.8,369.8,717.4,984.9,997.8,168.2,455.2,795.1,769.4,796.6,895.7,984.7,959.5,486.5,1104.0,550.9,530.9,826.4,486.0,1211.7,572.8,1160.7,1165.2,1048.6,225.5,333.0,1136.2,5.6,371.6,399.7,1029.1,205.6,173.8,1277.2,743.1,744.4,370.5,287.3,824.6,1253.5,1042.7,424.6,395.7,327.9,1060.4,1092.2,702.6,688.8,1093.0,561.9,682.8,613.8,1023.4,746.9,273.3,583.0,727.2,1016.5,730.2,764.3,861.2,270.8,726.9,544.6,1021.5,665.1,201.2,925.0,440.7,813.8,465.8,619.1,658.6,913.6,565.1,622.2,623.4,225.9,323.2,621.1,555.8,580.7,586.3,1062.1,5.6,513.4,743.2,939.5,858.5,376.5,571.4,1047.4,697.7,1030.5,585.5,619.1,274.8,1074.2,979.5,888.2,230.3,223.1,426.8,559.4,667.4,1218.2,196.2,1120.0,195.5,275.5,1055.1
25,928.7,557.8,689.3,702.6,923.0,690.0,868.8,323.4,262.3,853.3,538.8,958.7,1248.8,285.1,735.4,1200.2,1167.4,452.5,1340.4,674.6,429.2,889.5,837.0,302.8,684.2,0.0,515.5,919.8,689.3,841.2,880.9,467.6,688.6,484.5,731.1,1018.6,43.0,642.4,844.7,58.0,701.9,809.1,570.6,777.5,733.5,194.6,1112.7,1093.0,853.1,978.7,555.0,718.4,216.3,1378.3,953.2,948.1,1346.8,1105.5,621.4,170.6,1065.6,644.1,591.0,441.2,1281.6,404.9,466.4,824.9,1418.8,318.2,745.6,700.6,878.7,410.6,828.1,858.1,8.3,526.5,532.7,100.3,1028.1,871.3,500.1,499.4,880.9,1158.5,800.6,1393.7,1032.2,1151.0,1253.4,550.6,824.8,442.5,1360.1,830.3,954.2,516.0,746.6,121.3,203.7,743.0,842.0,872.2,478.9,1129.2,1126.4,269.2,224.5,941.0,897.1,1234.2,1215.6,1183.2,1170.8,1071.1,548.8,451.1,462.4,678.6,1011.5,672.2,1051.6,529.0,613.7,1299.7,815.7,806.4,643.0,495.3,669.9,1275.9,1065.1,358.3,1038.4,466.6,1082.9,451.6,812.7,761.4,1115.5,634.6,202.2,210.8,1045.9,1389.6,481.3,361.0,618.9,1039.0,233.1,198.6,1504.0,594.2,229.7,817.0,347.7,1307.8,764.0,444.4,342.1,688.0,1032.2,216.2,950.1,831.8,345.8,256.8,258.0,630.8,393.1,63.1,828.2,383.8,378.1,481.8,678.6,869.7,996.7,745.6,184.7,344.1,786.3,566.8,989.1,756.4,825.1,643.0,724.4,1096.7,683.5,779.9,553.7,546.5,499.5,909.3,1310.2,1115.2,519.6,1356.2,518.9,408.8,1330.4
26,912.4,411.8,706.7,1109.9,1160.5,962.7,1141.6,757.3,383.3,1222.7,257.3,812.7,1516.7,293.4,924.7,1468.1,1021.4,602.1,1194.5,1081.9,249.5,1162.2,863.4,736.7,538.2,515.5,0.0,1187.7,706.7,661.6,1254.3,874.9,961.4,304.8,1104.5,872.6,472.5,1049.7,1119.8,491.8,1109.2,1081.8,464.4,929.8,1146.2,470.1,1380.6,1360.9,1180.6,799.1,375.3,991.1,379.3,1646.2,807.3,802.1,1614.7,1373.4,940.9,402.6,1333.5,498.1,445.1,74.2,1549.5,529.8,873.7,875.6,1272.8,752.0,1158.3,973.3,1252.1,778.8,845.5,857.1,507.2,346.9,386.8,415.2,848.5,870.3,218.6,319.7,1254.3,1443.3,1073.4,1661.5,852.6,1005.1,1107.4,803.7,875.6,262.8,1214.2,1203.7,1226.9,370.0,745.6,555.2,637.6,1015.7,1114.8,1203.8,886.2,983.3,1394.3,304.8,345.5,1116.7,896.0,1502.1,1069.6,1451.1,1455.5,1339.0,402.9,467.2,896.2,532.6,868.3,689.6,1319.5,383.0,467.8,1567.5,636.1,524.9,660.4,349.3,1043.3,1543.8,1333.0,508.3,892.5,548.2,1350.8,885.5,633.1,581.8,1383.4,454.9,609.5,373.9,1313.8,1243.7,335.3,660.6,946.4,1306.9,656.9,632.5,1358.0,448.2,653.6,834.4,781.5,1161.9,616.6,851.7,492.1,406.5,852.5,379.2,949.0,1132.7,169.7,532.3,533.5,578.5,283.9,547.8,845.6,748.9,743.3,915.7,532.6,868.6,1033.6,1158.3,618.6,420.4,861.2,974.1,988.0,1163.7,875.4,837.8,669.9,1364.6,1090.8,1107.3,407.8,400.5,319.8,729.7,1164.2,1442.7,373.6,1616.8,372.9,262.8,1551.9
27,1674.8,1017.4,557.0,516.8,117.7,255.8,220.1,1101.0,969.2,489.4,1314.1,734.0,328.9,1122.2,387.0,280.4,908.9,610.5,1001.2,738.0,1006.0,235.0,491.0,1080.5,897.4,919.8,1187.7,0.0,557.0,1077.3,603.0,923.5,231.2,1061.3,453.2,760.1,955.9,705.8,198.3,936.5,508.8,202.3,796.3,429.2,495.0,945.6,192.8,194.6,276.6,874.3,1131.8,201.5,1095.4,458.5,739.5,744.6,426.9,185.7,298.5,1070.7,167.2,872.6,873.5,1131.0,361.8,662.8,922.3,478.9,711.0,1095.8,507.0,266.4,600.8,1188.2,509.0,382.9,928.1,1103.4,931.8,1013.2,855.3,396.1,1275.4,1076.2,603.0,277.0,193.8,473.8,850.2,892.6,855.0,447.2,478.8,1019.3,769.6,552.4,215.0,890.7,502.2,899.0,858.4,250.4,193.3,470.5,934.7,870.8,206.6,1106.3,1007.1,135.7,564.0,314.4,892.8,263.3,289.3,151.3,947.9,725.4,1208.5,891.8,678.4,518.0,131.8,928.0,896.2,379.8,1152.4,1319.0,547.2,954.9,485.1,356.1,145.3,694.5,780.0,649.0,184.5,1067.5,1087.0,1197.2,195.7,1211.4,771.8,1089.9,126.0,718.8,940.9,652.8,304.0,119.2,819.2,853.3,625.8,993.2,815.9,520.0,1125.3,894.1,834.4,744.9,710.7,1437.4,850.1,1095.3,322.7,211.2,1177.8,985.5,986.7,671.5,903.9,856.8,508.8,573.1,578.8,1037.3,891.8,536.6,191.5,507.0,962.3,783.1,440.3,742.9,287.7,598.0,479.1,354.8,765.1,176.8,547.0,263.2,952.8,945.5,1076.3,943.7,819.6,342.3,918.6,436.4,917.9,943.1,410.5
28,1406.1,536.3,0.0,532.4,560.1,327.1,506.0,899.9,518.8,587.1,833.0,536.4,885.9,671.2,219.2,837.4,711.4,292.9,884.4,753.6,525.0,526.6,183.9,879.3,416.8,689.3,706.7,557.0,0.0,879.7,618.7,789.1,325.8,580.3,468.9,562.6,732.3,721.4,484.2,735.4,524.4,446.2,315.8,250.2,510.6,587.4,749.8,730.2,545.0,676.8,650.8,355.5,644.9,1015.5,541.9,547.0,983.9,742.7,305.3,668.2,702.8,392.1,392.9,649.9,918.8,284.4,787.9,196.0,962.8,894.6,522.7,337.7,616.5,987.1,165.9,327.4,697.6,622.3,451.2,681.7,657.7,340.6,794.3,595.2,618.7,812.6,437.8,1030.8,652.6,695.1,797.4,168.1,196.0,538.3,904.2,568.1,591.3,410.1,216.0,697.8,657.3,380.1,479.2,568.2,800.4,673.3,763.6,655.9,556.6,578.1,366.4,871.4,759.6,820.3,824.8,708.3,467.3,239.5,1038.8,411.2,480.8,143.8,688.8,447.5,415.6,936.8,911.5,912.8,114.6,473.8,407.7,913.1,702.3,331.0,582.5,234.4,720.1,933.1,889.4,857.2,752.7,730.4,570.6,639.5,683.1,933.6,459.8,450.3,310.8,676.2,618.1,652.1,1048.0,512.7,614.7,154.8,924.1,851.8,353.9,760.6,347.2,982.2,652.5,644.8,419.4,497.1,696.7,627.3,628.5,190.9,422.8,626.2,166.0,370.6,376.3,902.9,411.2,339.0,504.0,522.7,761.2,346.5,181.6,758.5,458.4,613.7,195.8,202.2,284.5,733.8,562.7,471.7,472.2,465.0,595.2,746.2,854.2,807.1,438.1,993.4,437.4,462.0,967.5
29,1181.0,642.2,879.7,1304.4,1050.0,1022.5,1182.8,1152.8,650.1,1282.5,643.1,377.0,1233.7,693.0,913.8,1357.6,544.3,832.4,717.3,1312.2,412.1,1197.7,852.5,1132.2,693.0,841.2,661.6,1077.3,879.7,0.0,1390.7,1105.3,1021.2,356.8,1240.9,395.5,872.0,1280.0,1161.0,891.4,1296.4,1141.6,694.7,918.9,1282.6,739.3,1270.1,1250.4,1239.3,203.0,286.3,1050.9,778.9,1219.6,382.5,387.6,1368.2,1263.0,1000.7,802.1,1223.1,728.5,675.4,604.8,1439.1,760.1,1104.1,864.6,795.7,1147.5,1294.7,1033.1,1388.4,1047.3,834.5,744.3,849.5,314.7,617.1,814.7,252.4,722.1,548.0,341.9,1390.7,1332.9,1133.2,1224.6,256.5,528.0,630.3,1034.1,864.7,398.8,737.0,1340.1,1177.7,600.3,723.8,954.8,926.5,1075.5,1156.0,1263.6,1116.5,506.2,1283.9,704.3,687.9,1006.3,513.3,1391.6,592.5,1325.8,1345.1,1228.5,633.2,697.6,1188.3,687.4,398.9,739.6,1209.0,613.4,698.1,1356.9,75.1,241.7,768.8,579.7,1272.8,1391.8,1222.6,738.7,353.5,778.5,1240.3,1249.3,199.0,309.3,1272.9,323.3,839.8,773.4,1203.3,766.5,565.7,891.0,1006.2,1196.4,887.3,921.3,880.9,678.5,883.9,823.5,1177.0,684.7,748.5,1082.1,722.5,360.1,256.4,778.8,838.6,1173.9,700.3,779.3,780.4,773.3,514.2,778.2,834.7,979.3,973.6,1219.1,687.4,540.7,923.1,1294.7,1018.1,650.8,850.3,1204.4,877.6,1385.7,864.4,957.7,822.1,1254.1,1334.7,1167.1,638.1,630.9,402.6,133.5,687.1,1398.1,604.0,1139.7,603.3,493.1,1074.8
