,0,1,2,3,4,5,6,7,8,9,10,11,12,13,14,15,16,17,18,19,20,21,22,23,24,25,26,27,28,29,30,31,32,33,34,35,36,37,38,39,40,41,42,43,44,45,46,47,48,49,50,51,52,53,54,55,56,57,58,59,60,61,62,63,64,65,66,67,68,69,70,71,72,73,74,75,76,77,78,79,80,81,82,83,84,85,86,87,88,89,90,91,92,93,94,95,96,97,98,99,100,101,102,103,104,105,106,107,108,109,110,111,112,113,114,115,116,117,118,119,120,121,122,123,124,125,126,127,128,129,130,131,132,133,134,135,136,137,138,139,140,141,142,143,144,145,146,147,148,149,150,151,152,153,154,155,156,157,158,159,160,161,162,163,164,165,166,167,168,169,170,171,172,173,174,175,176,177,178,179,180,181,182,183,184,185,186,187,188,189,190,191,192,193,194,195,196,197,198,199,200,201,202
0,0.0,1048.8,1015.8,1016.6,864.7,641.6,1124.1,1051.2,563.4,1220.2,905.4,574.8,585.8,1018.3,1040.6,792.6,987.3,629.9,1233.2,1244.7,1317.2,851.8,1423.1,878.1,664.9,785.9,1054.8,601.7,787.6,840.9,1020.5,763.3,1117.2,821.4,1107.7,1355.0,658.9,1487.9,1374.7,1433.7,1210.5,760.7,988.5,1497.8,1181.4,847.2,1144.6,1042.8,506.4,1103.1,856.3,840.9,1346.5,902.3,1357.9,646.5,1219.0,982.4,1140.2,1145.4,645.4,1138.0,1128.4,607.8,680.1,410.1,1456.1,1044.8,1039.5,1072.0,699.3,959.4,1038.9,996.6,901.2,931.8,580.9,674.6,1138.1,1009.1,840.1,633.6,1330.8,856.0,844.0,1296.4,844.0,1156.0,1396.7,759.7,848.8,361.4,983.9,1358.7,965.8,559.0,694.9,950.1,830.3,452.6,834.3,1449.4,1474.8,1357.9,821.4,1536.1,532.1,938.0,756.5,891.7,1469.2,929.9,1076.2,955.9,837.9,874.0,1469.2,1013.2,1498.7,1097.3,1004.5,656.2,826.1,537.8,521.9,663.6,559.0,515.0,1205.8,972.7,750.6,1133.7,1487.4,1205.8,1461.6,1127.5,1067.3,808.0,877.9,651.1,1188.7,1308.8,967.2,1525.8,1174.5,698.4,1034.2,1222.2,507.2,1450.3,806.3,895.8,895.5,1412.7,1454.8,1459.2,1426.9,1446.6,1014.1,1048.7,1134.3,1042.4,751.9,1232.3,1112.5,1094.8,877.3,1488.0,1083.2,808.1,989.2,1025.7,958.9,985.0,903.9,463.1,1473.9,1320.6,1122.1,1041.8,702.2,939.2,924.8,549.6,1032.1,524.8,1417.1,1145.5,864.8,832.4,507.9,635.7,1085.5,1229.4,1008.4,1042.7,908.3,852.5,852.0,1122.3,762.7,721.3,1513.9
1,1048.8,0.0,166.3,53.8,320.4,559.8,130.2,91.9,731.8,349.8,604.0,743.2,490.5,30.5,399.9,491.2,274.4,465.9,362.8,547.8,446.8,368.2,552.7,225.4,439.7,321.9,312.5,539.3,311.8,324.7,210.6,461.9,123.3,433.0,113.8,484.6,562.7,617.5,504.3,563.3,358.5,347.1,687.1,705.5,343.3,458.8,380.1,159.9,542.4,450.6,554.9,324.7,476.1,217.3,661.0,449.3,367.0,158.4,384.5,126.8,502.0,113.7,386.1,545.4,405.7,638.7,713.8,137.3,30.9,189.1,512.6,230.8,506.8,241.1,623.5,195.5,533.0,452.8,113.6,86.3,324.4,551.8,460.4,214.7,226.4,426.0,226.4,304.0,699.8,449.4,225.5,710.8,364.1,661.8,346.0,568.4,468.6,274.0,398.6,674.8,258.4,752.5,604.4,661.0,433.0,665.7,700.5,293.1,505.7,401.2,772.3,240.4,193.3,654.5,277.6,285.9,598.8,270.9,628.3,214.4,408.5,512.8,286.4,511.0,673.6,520.2,568.4,669.9,335.4,376.7,344.2,250.8,790.5,335.4,591.2,85.5,325.0,307.5,415.0,476.3,491.8,438.4,120.4,655.4,413.3,453.0,291.9,525.3,600.3,579.9,374.6,380.1,397.4,715.8,584.4,762.3,556.5,576.2,258.6,133.4,282.3,96.8,450.5,535.4,370.2,311.0,361.6,617.6,200.3,261.1,393.2,182.2,125.4,151.5,292.8,585.7,729.4,527.5,425.2,311.5,691.2,373.4,288.0,499.2,86.5,524.0,720.2,126.7,340.6,400.7,659.6,460.1,202.6,532.5,369.3,159.8,154.7,336.8,262.2,270.3,400.8,386.5,643.5
2,1015.8,166.3,0.0,219.6,467.2,646.8,123.5,74.8,846.3,216.9,718.5,857.7,445.4,152.1,554.6,605.7,108.1,552.9,229.9,597.7,313.9,242.8,419.8,193.4,406.7,436.4,146.2,626.5,279.8,354.1,44.3,576.4,116.6,547.5,107.1,351.7,677.2,484.6,371.4,430.4,304.2,461.6,755.6,572.6,393.2,573.3,430.0,27.0,509.4,500.5,669.4,354.1,343.2,285.9,710.9,536.3,339.3,33.4,434.4,144.8,571.0,163.6,219.8,657.8,372.7,605.7,547.5,29.0,196.7,56.2,539.4,183.6,556.7,406.6,673.4,163.5,487.9,567.3,163.5,96.3,442.6,638.8,327.5,332.8,340.9,293.1,340.9,339.1,749.7,480.9,193.5,677.8,217.0,711.7,220.6,682.9,500.1,439.5,516.8,789.3,213.1,704.7,471.5,710.9,547.5,532.8,815.0,126.8,380.3,519.4,684.9,405.9,60.4,769.0,245.6,315.3,465.9,104.6,495.4,81.5,283.1,581.8,254.4,478.0,640.6,589.2,682.9,636.9,202.5,251.3,458.7,117.9,666.7,202.5,458.3,135.4,158.7,275.5,533.2,590.8,541.7,305.5,268.7,522.5,265.9,420.0,125.6,575.2,567.3,447.0,492.8,498.3,515.6,741.4,451.5,694.9,423.6,443.3,424.1,32.9,332.2,195.9,565.0,585.3,203.9,178.1,479.8,484.7,67.4,229.1,267.8,15.9,290.9,252.0,458.3,552.7,565.3,394.6,475.1,145.2,805.7,538.9,140.0,466.2,206.2,491.0,721.5,144.9,215.2,518.9,626.6,547.1,69.7,582.4,203.0,26.9,107.5,455.0,330.8,320.2,432.3,501.0,510.6
3,1016.6,53.8,219.6,0.0,266.6,506.0,184.0,145.7,678.0,403.1,550.2,689.4,527.5,67.5,346.1,437.4,327.7,412.1,416.1,510.8,500.1,405.2,606.0,262.4,476.7,268.1,365.8,485.5,348.8,343.8,263.9,408.1,177.1,379.2,167.6,537.9,508.9,670.8,557.6,616.6,321.5,293.3,633.3,758.8,306.3,405.0,343.1,213.2,579.4,413.6,501.1,343.8,529.4,168.9,624.0,395.5,330.0,195.4,347.5,162.9,448.2,141.0,439.4,491.6,442.7,675.7,767.1,190.6,22.9,242.4,501.1,267.8,469.8,187.3,586.5,232.5,570.0,399.0,141.1,123.3,270.6,498.0,513.7,160.9,172.6,479.3,172.6,267.0,662.8,437.9,262.5,747.8,401.1,624.8,383.0,514.6,457.1,220.2,344.8,621.0,295.4,715.5,657.7,624.0,379.2,719.0,646.7,338.2,542.7,347.4,735.3,186.6,246.6,600.7,314.6,307.7,652.1,324.2,681.6,267.7,445.5,459.0,323.4,548.0,710.6,466.4,514.6,706.9,388.7,413.7,290.4,304.1,753.5,388.7,644.5,130.5,378.3,344.5,361.2,422.5,454.8,491.7,66.6,708.7,466.6,469.0,345.2,488.3,637.3,633.2,320.8,326.3,343.6,678.8,637.7,725.3,609.8,629.5,204.8,186.7,245.3,43.0,396.7,498.4,423.5,364.3,307.8,670.9,253.6,298.1,430.2,235.5,71.6,97.7,239.0,622.7,782.7,580.8,388.2,364.8,637.4,319.6,325.0,536.2,32.7,561.0,683.2,162.8,377.6,346.9,696.6,406.3,255.9,495.5,422.6,213.1,191.7,283.0,250.7,233.3,389.3,332.7,696.8
4,864.7,320.4,467.2,266.6,0.0,373.5,431.2,412.3,501.7,592.9,373.9,513.1,589.4,334.1,175.9,261.1,575.3,338.6,561.5,401.4,711.7,652.8,817.6,329.6,504.7,154.4,613.4,333.6,371.2,311.5,511.5,231.8,438.1,189.9,433.4,749.5,332.6,882.4,769.2,828.2,460.2,129.2,457.0,970.4,332.5,215.7,295.7,460.8,596.6,304.2,324.8,311.5,741.0,181.3,514.6,322.0,468.7,443.0,291.3,409.9,374.7,388.0,687.0,339.7,470.7,692.9,1012.1,438.2,289.5,490.0,428.6,515.4,360.4,146.7,477.1,413.2,631.9,222.7,388.1,370.9,24.6,365.5,725.3,159.4,185.0,690.9,185.0,405.7,553.4,381.3,358.9,765.0,648.7,515.4,630.6,338.3,400.5,85.4,115.6,444.7,421.6,606.1,869.3,514.6,189.9,915.2,470.4,585.8,698.0,118.2,625.9,110.2,494.2,424.4,355.4,320.1,863.7,571.8,893.2,515.3,693.1,385.5,381.0,565.2,721.3,392.9,338.3,714.4,578.5,661.3,192.1,551.7,644.1,578.5,856.1,377.5,625.9,369.0,132.0,246.2,345.4,703.3,217.2,905.5,693.8,412.4,592.8,378.9,654.5,844.8,91.6,97.1,114.4,569.4,849.3,615.9,821.4,841.1,164.2,434.3,384.0,292.4,220.4,389.0,671.1,611.9,78.6,882.5,501.2,406.0,677.8,483.1,208.6,234.7,39.2,639.9,994.3,792.4,278.8,612.4,461.1,74.5,572.6,553.4,282.1,578.2,573.8,409.8,625.2,117.7,707.3,332.8,503.5,386.1,670.2,460.7,415.6,53.8,263.1,372.0,332.7,143.4,784.7
5,641.6,559.8,646.8,506.0,373.5,0.0,665.5,592.6,346.1,830.3,414.2,357.5,516.5,547.7,549.4,301.4,754.9,93.9,801.2,774.9,927.3,720.4,1033.2,476.2,317.0,294.7,793.0,85.3,391.4,304.9,691.1,272.1,658.6,330.2,649.1,965.1,251.2,1098.0,984.8,1043.8,699.9,269.5,497.3,1186.0,684.7,356.0,669.2,640.4,331.3,677.7,365.1,304.9,956.6,391.7,888.1,110.5,708.4,622.6,664.8,649.3,109.4,627.4,866.6,116.6,332.2,427.6,1194.3,617.8,528.9,669.6,163.3,677.0,676.4,499.9,581.1,562.6,559.0,263.0,627.5,550.5,348.9,8.0,940.9,345.4,333.4,906.5,333.4,645.4,926.9,223.7,477.2,499.7,810.3,888.9,792.2,182.7,158.9,458.9,339.1,289.1,486.4,979.6,1084.9,888.1,330.2,1146.2,314.8,747.4,625.1,400.5,999.4,434.5,673.8,464.7,419.1,343.7,1079.3,751.4,1108.8,694.9,854.7,120.2,415.7,299.9,462.5,127.6,182.7,458.8,815.9,822.9,259.4,731.3,1017.6,815.9,1071.7,616.9,805.5,389.2,386.7,243.4,718.9,918.9,456.6,1135.9,893.8,253.1,772.4,752.4,389.2,1060.4,315.1,404.6,404.3,942.9,1064.9,989.4,1037.0,1056.7,517.4,613.9,623.7,531.8,260.7,762.5,850.7,791.5,386.1,1098.1,680.8,441.0,839.4,662.7,448.3,474.4,412.7,374.6,1209.9,1008.0,652.3,792.0,484.9,448.0,734.2,288.1,521.5,312.9,947.3,649.2,733.4,341.2,448.5,99.7,683.1,759.6,834.8,640.3,560.4,361.3,316.0,611.7,226.7,230.1,1124.0
6,1124.1,130.2,123.5,184.0,431.2,665.5,0.0,93.5,842.6,307.0,714.8,854.0,565.8,160.7,499.9,602.0,231.6,571.6,320.0,543.0,404.0,366.3,509.9,300.7,515.0,432.7,269.7,645.2,387.1,412.0,167.8,572.7,6.9,543.8,16.4,441.8,673.5,574.7,461.5,520.5,353.7,457.9,700.9,662.7,338.5,569.6,375.3,117.1,617.7,445.8,665.7,412.0,433.3,304.6,656.2,555.0,362.2,153.8,379.7,21.3,607.7,43.2,343.3,656.2,481.0,714.0,671.0,94.5,161.1,146.3,599.9,304.0,502.0,351.9,618.7,270.8,608.3,563.6,43.1,115.0,435.2,657.5,417.6,325.5,337.2,383.2,337.2,299.2,695.0,536.7,300.8,786.1,340.5,657.0,344.1,679.2,555.9,384.8,509.4,785.6,333.5,747.7,561.6,656.2,543.8,622.9,811.3,250.3,503.8,512.0,767.5,351.2,150.5,735.5,352.9,373.2,556.0,228.1,585.5,171.6,406.6,618.5,361.7,586.3,748.9,625.9,679.2,745.2,292.6,374.8,455.0,208.0,756.8,292.6,548.4,62.6,282.2,382.8,525.8,587.1,487.0,395.6,214.0,612.6,370.5,528.3,249.1,520.5,675.6,537.1,485.4,490.9,508.2,711.0,541.6,757.5,513.7,533.4,369.4,90.6,277.5,141.2,561.3,530.6,327.4,268.2,472.4,574.8,157.5,336.4,391.3,139.4,236.2,197.3,403.6,661.0,686.6,484.7,420.4,268.7,802.0,484.2,263.5,574.5,151.5,599.3,715.4,21.4,338.7,511.5,734.9,565.8,159.8,527.7,326.5,117.0,227.9,447.6,349.5,265.5,488.1,497.3,600.7
7,1051.2,91.9,74.8,145.7,412.3,592.6,93.5,0.0,792.1,258.3,664.3,803.5,492.9,97.9,491.8,551.5,182.9,498.7,271.3,547.7,355.3,317.6,461.2,227.8,442.1,382.2,221.0,572.3,314.2,339.1,119.1,522.2,86.6,493.3,77.1,393.1,623.0,526.0,412.8,471.8,345.6,407.4,705.6,614.0,343.2,519.1,380.0,68.4,544.8,450.5,615.2,339.1,384.6,231.7,660.9,482.1,366.9,80.9,384.4,114.8,534.8,113.6,294.6,603.6,408.1,641.1,622.3,45.8,122.8,97.6,527.0,231.1,506.7,333.0,623.4,197.9,535.4,513.1,113.5,42.1,388.4,584.6,368.9,278.6,286.7,334.5,286.7,303.9,699.7,463.8,227.9,713.2,291.8,661.7,295.4,628.7,483.0,365.9,462.6,735.1,260.6,746.1,512.9,660.9,493.3,574.2,760.8,201.6,455.1,465.2,726.3,332.3,101.8,714.8,280.0,300.3,507.3,179.4,536.8,122.9,357.9,545.6,288.8,513.4,676.0,553.0,628.7,672.3,243.9,326.1,404.5,159.3,708.1,243.9,499.7,85.4,233.5,309.9,479.0,536.6,491.7,346.9,198.6,563.9,321.8,455.4,200.4,525.2,602.7,488.4,438.6,444.1,461.4,715.7,492.9,736.3,465.0,484.7,350.5,41.9,282.2,123.4,510.8,535.3,278.7,219.5,425.6,526.1,108.8,263.5,342.6,90.7,217.3,181.9,384.7,588.1,637.9,436.0,425.1,220.0,751.5,465.3,214.8,501.6,133.7,526.4,720.1,114.9,290.0,464.7,662.0,492.9,111.1,532.4,277.8,68.3,155.0,400.8,276.6,270.2,415.2,446.8,552.0
8,563.4,731.8,846.3,678.0,501.7,346.1,842.6,792.1,0.0,1004.6,358.4,11.4,757.0,745.5,643.8,338.8,954.4,334.4,973.2,681.3,1123.4,960.9,1229.3,708.7,557.5,422.9,992.5,306.2,626.7,541.6,890.6,368.1,849.5,458.4,844.8,1161.2,263.3,1294.1,1180.9,1239.9,871.9,397.7,441.5,1326.5,618.0,484.2,581.2,839.9,508.7,539.7,309.3,541.6,1152.7,563.7,794.5,351.0,880.4,822.1,576.8,821.3,349.9,799.4,1066.1,229.5,572.7,569.2,1368.2,817.3,700.9,869.1,403.8,894.5,475.5,633.6,337.8,792.3,775.0,279.0,799.5,750.0,477.1,338.1,1137.0,517.4,505.4,1102.6,505.4,817.4,833.3,464.2,712.5,566.9,1027.8,795.3,1009.7,163.4,399.4,587.1,467.3,110.8,724.8,886.0,1281.0,794.5,458.4,1195.1,31.3,964.9,865.6,528.7,905.8,566.9,873.3,408.9,654.4,578.9,1275.4,950.9,1249.3,894.4,1072.2,360.7,651.0,540.1,465.5,368.1,163.4,458.6,990.2,1040.4,387.6,930.8,924.0,990.2,1267.8,788.9,1005.0,624.5,514.9,255.5,625.3,1115.0,628.6,1185.4,1093.3,493.6,971.9,658.8,450.8,1190.0,443.3,532.8,532.5,849.3,1179.3,895.8,1233.1,1252.8,651.1,813.4,795.7,703.8,367.3,668.9,1050.2,991.0,514.3,1264.2,880.3,676.3,1056.9,862.2,620.3,646.4,540.9,516.2,1350.4,1204.1,558.7,991.5,138.8,576.2,951.7,528.6,693.5,527.1,853.7,821.2,973.9,469.4,451.5,340.2,882.6,666.0,1049.3,839.8,794.7,489.5,522.8,691.0,467.2,358.3,1064.6
9,1220.2,349.8,216.9,403.1,592.9,830.3,307.0,258.3,1004.6,0.0,844.7,1016.0,634.4,335.6,590.3,764.0,263.5,736.4,78.0,633.4,183.8,398.2,289.7,410.3,623.6,594.7,165.4,810.0,496.7,571.0,261.2,734.7,300.1,705.8,290.6,221.6,835.5,354.5,241.3,300.3,152.3,619.9,791.3,442.5,428.9,731.6,465.7,189.9,726.3,536.2,827.7,571.0,213.1,469.4,739.1,719.8,187.4,250.3,470.1,328.3,772.5,347.1,258.0,818.2,589.6,822.6,484.2,212.5,380.2,193.3,756.3,352.6,592.4,513.6,709.1,380.4,676.9,725.6,347.0,279.8,596.9,822.3,197.4,487.2,512.5,163.0,512.5,187.2,627.3,697.8,410.4,882.2,372.4,747.4,376.0,841.2,717.0,546.5,671.1,947.6,430.0,574.6,341.4,739.1,705.8,402.7,973.3,282.2,535.7,673.7,554.8,512.9,197.5,825.9,462.5,532.2,335.8,207.0,365.3,176.6,438.5,783.3,471.3,694.9,857.5,790.7,841.2,853.8,14.4,406.7,617.0,165.0,536.6,14.4,328.2,318.9,187.3,492.4,687.5,749.1,577.4,175.4,390.3,392.4,165.9,636.9,258.6,610.9,784.2,316.9,647.1,652.6,669.9,611.3,321.4,564.8,293.5,313.2,531.1,216.4,265.5,379.4,723.3,621.0,255.0,160.6,634.1,354.6,204.5,446.0,423.2,232.8,397.9,358.2,565.3,769.6,466.4,264.5,510.8,300.6,908.1,645.9,295.4,683.1,389.7,707.9,591.4,328.4,370.6,673.2,843.5,730.6,147.2,618.1,354.3,190.0,324.4,609.3,514.3,355.9,649.2,659.3,380.5
10,905.4,604.0,718.5,550.2,373.9,414.2,714.8,664.3,358.4,844.7,0.0,347.0,632.7,617.7,441.6,112.8,826.6,381.9,813.3,479.1,963.5,836.6,1069.4,580.9,548.0,295.1,864.7,374.3,498.9,413.8,762.8,142.1,721.7,330.6,717.0,1001.3,351.7,1134.2,1021.0,1080.0,712.0,269.9,94.2,1124.3,415.8,356.4,379.0,712.1,639.9,337.5,49.1,413.8,992.8,435.9,592.3,365.3,720.5,694.3,374.6,693.5,418.0,671.6,938.3,380.4,514.0,736.2,1166.0,689.5,573.1,741.3,471.9,766.7,273.3,505.8,178.0,664.5,675.2,241.8,671.7,622.2,349.3,406.2,977.1,389.6,377.6,942.7,377.6,657.5,631.1,424.6,584.7,808.3,900.0,593.1,881.9,357.4,443.8,459.3,339.5,463.8,597.0,683.8,1121.1,592.3,330.6,992.9,389.7,837.1,741.3,400.9,703.6,439.1,745.5,61.6,526.6,451.1,1085.6,823.1,1047.1,766.6,944.4,428.8,523.2,608.5,762.0,436.2,357.4,755.1,830.3,912.6,259.8,803.0,721.8,830.3,1078.0,661.1,877.2,496.7,387.1,265.3,423.1,955.1,500.8,983.2,945.6,455.7,844.1,456.6,697.8,987.8,315.5,405.0,404.7,647.1,977.1,693.6,1073.2,1065.0,523.3,685.6,608.6,576.0,153.5,466.7,922.4,863.2,386.5,1062.0,752.5,548.5,929.1,734.4,492.5,518.6,413.1,683.2,1148.2,1044.2,356.5,863.7,219.6,448.4,823.9,596.7,565.7,621.5,651.5,693.4,849.6,341.6,748.0,376.1,754.8,463.8,921.5,712.0,666.9,361.7,395.0,488.8,376.0,230.5,862.4
11,574.8,743.2,857.7,689.4,513.1,357.5,854.0,803.5,11.4,1016.0,347.0,0.0,768.4,756.9,632.4,327.4,965.8,345.8,984.6,669.9,1134.8,972.3,1240.7,720.1,568.9,434.3,1003.9,317.6,638.1,553.0,902.0,356.7,860.9,469.8,856.2,1172.6,274.7,1305.5,1192.3,1251.3,883.3,409.1,430.1,1315.1,606.6,495.6,569.8,851.3,520.1,528.3,297.9,553.0,1164.1,575.1,783.1,362.4,891.8,833.5,565.4,832.7,361.3,810.8,1077.5,240.9,584.1,580.6,1356.8,828.7,712.3,880.5,415.2,905.9,464.1,645.0,326.4,803.7,786.4,290.4,810.9,761.4,488.5,349.5,1148.4,528.8,516.8,1114.0,516.8,828.8,821.9,475.6,723.9,578.3,1039.2,783.9,1021.1,174.8,410.8,598.5,478.7,122.2,736.2,874.6,1292.4,783.1,469.8,1183.7,42.7,976.3,877.0,540.1,894.4,578.3,884.7,397.5,665.8,590.3,1276.4,962.3,1237.9,905.8,1083.6,372.1,662.4,551.5,476.9,379.5,174.8,470.0,1001.6,1051.8,399.0,942.2,912.6,1001.6,1268.8,800.3,1016.4,635.9,526.3,266.9,613.9,1126.4,640.0,1174.0,1104.7,505.0,983.3,647.4,462.2,1178.6,454.7,544.2,543.9,837.9,1167.9,884.4,1244.5,1255.8,662.5,824.8,799.4,715.2,368.1,657.5,1061.6,1002.4,525.7,1252.8,891.7,687.7,1068.3,873.6,631.7,657.8,552.3,527.6,1339.0,1215.5,547.3,1002.9,127.4,587.6,963.1,540.0,704.9,538.5,842.3,832.6,985.3,480.8,462.9,351.6,894.0,654.6,1060.7,851.2,806.1,500.9,534.2,679.6,478.6,369.7,1053.2
12,585.8,490.5,445.4,527.5,589.4,516.5,565.8,492.9,757.0,634.4,632.7,768.4,0.0,460.0,765.3,519.9,401.5,443.2,647.4,990.8,731.4,266.0,837.3,324.0,255.3,456.2,469.0,496.2,251.3,325.7,434.7,490.6,558.9,546.1,549.4,769.2,591.4,902.1,788.9,847.9,721.7,481.4,715.8,912.0,832.3,571.9,869.1,472.4,307.0,893.6,583.6,325.7,760.7,471.4,1104.0,432.6,756.8,412.0,873.5,587.1,428.5,604.2,542.6,527.5,221.3,210.7,870.3,474.4,504.6,501.6,388.0,373.6,894.9,647.8,799.6,373.5,42.5,481.5,604.1,450.8,564.8,508.5,745.0,496.9,471.3,710.6,471.3,756.6,1142.8,340.7,294.7,247.8,398.1,1104.8,380.0,593.6,359.9,670.8,555.0,669.1,263.9,1122.2,889.0,1104.0,546.1,950.3,725.7,352.2,170.7,616.4,1102.4,586.0,505.8,683.2,300.6,337.9,883.4,427.4,912.9,526.9,418.7,439.3,275.0,326.6,402.4,446.7,593.6,398.7,620.0,386.9,420.5,563.3,1084.2,620.0,875.8,576.0,481.5,271.7,602.6,505.0,934.8,723.0,590.9,940.0,588.7,268.6,448.4,968.3,329.1,864.5,531.0,620.5,620.2,1158.8,869.0,1112.4,841.1,860.8,665.3,478.3,771.3,570.5,479.2,978.4,526.7,509.0,602.0,902.2,512.8,249.8,403.4,455.3,595.9,622.0,628.6,263.7,888.1,734.8,868.2,456.0,719.9,663.9,339.0,314.8,560.2,325.4,1139.0,587.2,279.0,557.1,388.4,443.4,515.1,975.5,422.6,472.3,337.9,577.2,392.2,759.3,292.1,446.0,928.1
13,1018.3,30.5,152.1,67.5,334.1,547.7,160.7,97.9,745.5,335.6,617.7,756.9,460.0,0.0,413.6,504.9,260.2,453.8,348.6,578.3,432.6,337.7,538.5,194.9,409.2,335.6,298.3,527.4,281.3,294.2,196.4,475.6,153.8,446.7,144.3,470.4,576.4,603.3,490.1,549.1,389.0,360.8,700.8,691.3,373.8,472.5,410.6,145.7,511.9,481.1,568.6,294.2,461.9,186.8,691.5,437.2,397.5,127.9,415.0,157.3,489.9,144.2,371.9,558.7,375.2,608.2,699.6,123.1,44.6,174.9,482.1,200.3,537.3,254.8,654.0,165.0,502.5,466.5,144.1,55.8,338.1,539.7,446.2,228.4,240.1,411.8,240.1,334.5,730.3,418.9,195.0,680.3,333.6,692.3,315.5,582.1,438.1,287.7,412.3,688.5,227.9,783.0,590.2,691.5,446.7,651.5,714.2,270.7,475.2,414.9,802.8,254.1,179.1,668.2,247.1,255.4,584.6,256.7,614.1,200.2,378.0,500.7,255.9,480.5,643.1,508.1,582.1,639.4,321.2,346.2,357.9,236.6,785.4,321.2,577.0,116.0,310.8,277.0,428.7,490.0,522.3,424.2,134.1,641.2,399.1,422.5,277.7,555.8,569.8,565.7,388.3,393.8,411.1,746.3,570.2,792.8,542.3,562.0,272.3,119.2,312.8,110.5,464.2,565.9,356.0,296.8,375.3,603.4,186.1,230.6,362.7,168.0,139.1,165.2,306.5,555.2,715.2,513.3,455.7,297.3,704.9,387.1,257.5,468.7,100.2,493.5,750.7,157.2,310.1,414.4,629.1,448.0,188.4,563.0,355.1,145.6,124.2,350.5,231.7,300.8,370.3,400.2,629.3
14,1040.6,399.9,554.6,346.1,175.9,549.4,499.9,491.8,643.8,590.3,441.6,632.4,765.3,413.6,0.0,437.0,662.7,514.5,558.9,230.3,709.1,751.3,815.0,479.0,680.6,330.3,690.7,509.5,536.3,476.6,598.9,407.7,506.8,365.8,502.1,746.9,508.5,879.8,766.6,825.6,457.6,305.1,388.2,875.5,161.4,391.6,124.6,548.2,772.5,133.1,479.6,476.6,738.4,330.7,343.5,497.9,466.1,541.5,120.2,478.6,550.6,456.7,774.4,515.6,646.6,868.8,917.2,525.6,369.0,577.4,604.5,613.9,189.3,226.2,306.0,562.6,807.8,398.6,456.8,469.4,200.5,541.4,722.7,308.8,334.4,688.3,334.4,403.1,382.3,557.2,508.3,940.9,747.2,344.3,729.1,514.2,576.4,164.9,291.5,620.6,571.0,435.0,866.7,343.5,365.8,744.1,646.3,681.4,873.9,294.1,454.8,189.7,581.6,422.8,504.8,469.5,836.8,659.2,798.3,602.7,791.6,561.4,530.4,741.1,897.2,568.8,514.2,890.3,575.9,759.8,368.0,639.1,473.0,575.9,829.2,446.2,712.6,534.1,307.9,422.1,174.3,700.7,296.7,734.4,691.2,588.3,680.2,207.8,830.4,739.0,267.5,273.0,290.3,398.3,728.3,444.8,818.8,816.2,243.7,521.7,354.2,371.9,396.3,217.9,758.5,685.9,254.5,813.2,588.6,555.4,776.3,570.5,288.1,314.2,148.3,815.8,899.4,789.8,107.7,699.8,505.0,197.4,671.1,729.3,361.6,754.1,402.7,478.5,723.7,293.6,883.2,508.7,590.9,215.0,757.6,548.1,537.8,229.7,412.5,234.4,508.6,319.3,613.6
15,792.6,491.2,605.7,437.4,261.1,301.4,602.0,551.5,338.8,764.0,112.8,327.4,519.9,504.9,437.0,0.0,713.8,269.1,732.6,580.8,882.8,723.8,988.7,468.1,435.2,182.3,751.9,261.5,386.1,301.0,650.0,29.3,608.9,217.8,604.2,920.6,238.9,1053.5,940.3,999.3,631.3,157.1,195.9,1141.5,517.5,243.6,480.7,599.3,527.1,439.2,63.7,301.0,912.1,323.1,694.0,252.5,639.8,581.5,476.3,580.7,305.2,558.8,825.5,267.6,401.2,623.4,1153.2,576.7,460.3,628.5,359.1,653.9,375.0,393.0,279.7,551.7,562.4,129.0,558.9,509.4,236.5,293.4,896.4,276.8,264.8,862.0,264.8,576.8,732.8,311.8,471.9,695.5,787.2,694.8,769.1,244.6,331.0,346.5,226.7,351.0,484.2,785.5,1040.4,694.0,217.8,1094.6,370.1,724.3,628.5,288.1,805.3,326.3,632.7,163.3,413.8,338.3,1034.8,710.3,1064.3,653.8,831.6,316.0,410.4,495.7,649.2,323.4,244.6,642.3,749.6,799.8,147.0,690.2,823.5,749.6,1027.2,548.3,764.4,383.9,274.3,152.5,524.8,874.4,388.0,1084.9,852.7,342.9,731.3,558.3,585.0,1015.9,202.7,292.2,291.9,748.8,1020.4,795.3,992.5,1012.2,410.5,572.8,555.1,463.2,40.7,568.4,809.6,750.4,273.7,1053.6,639.7,435.7,816.3,621.6,379.7,405.8,300.3,570.4,1165.4,963.5,458.2,750.9,200.0,335.6,711.1,483.9,452.9,508.7,753.2,580.6,736.8,228.8,635.2,263.3,642.0,565.5,808.7,599.2,554.1,248.9,282.2,543.1,263.2,117.7,964.1
16,987.3,274.4,108.1,327.7,575.3,754.9,231.6,182.9,954.4,263.5,826.6,965.8,401.5,260.2,662.7,713.8,0.0,661.0,276.5,705.8,360.5,165.3,466.4,295.5,508.8,544.5,98.1,734.6,381.9,456.2,63.8,684.5,224.7,655.6,215.2,398.3,785.3,531.2,418.0,477.0,350.8,569.7,863.7,522.1,501.3,681.4,538.1,135.1,611.5,608.6,777.5,456.2,389.8,394.0,819.0,644.4,385.9,135.5,542.5,252.9,673.1,271.7,152.7,765.9,474.8,612.2,480.4,137.1,304.8,164.3,641.5,119.7,664.8,514.7,781.5,265.6,444.0,675.4,271.6,204.4,550.7,746.9,374.1,440.9,449.0,339.7,449.0,385.7,804.0,583.0,295.6,649.3,126.3,819.8,143.1,791.0,602.2,547.6,624.9,897.4,315.2,751.3,518.1,819.0,655.6,579.4,923.1,49.3,302.8,627.5,731.5,514.0,168.5,877.1,347.7,417.4,512.5,56.5,542.0,189.6,205.6,683.9,356.5,580.1,742.7,691.3,791.0,739.0,249.1,173.8,566.8,226.0,713.3,249.1,504.9,243.5,110.6,377.6,641.3,698.9,649.8,352.1,376.8,569.1,215.0,522.1,77.5,683.3,669.4,493.6,600.9,606.4,623.7,788.0,498.1,741.5,470.2,489.9,532.2,141.0,440.3,304.0,673.1,693.4,136.8,138.1,587.9,531.3,175.5,331.2,190.3,92.2,399.0,360.1,566.4,654.8,498.2,344.9,583.2,54.5,913.8,647.0,62.5,568.3,314.3,593.1,768.1,253.0,137.7,627.0,728.7,655.2,177.8,690.5,112.3,135.0,209.6,563.1,438.9,428.3,534.4,609.1,557.2
17,629.9,465.9,552.9,412.1,338.6,93.9,571.6,498.7,334.4,736.4,381.9,345.8,443.2,453.8,514.5,269.1,661.0,0.0,707.3,740.0,833.4,647.1,939.3,401.6,243.7,210.8,699.1,73.6,316.8,230.3,597.2,239.8,564.7,295.3,555.2,871.2,239.5,1004.1,890.9,949.9,606.0,234.6,465.0,1092.1,590.8,321.1,627.6,546.5,258.0,642.8,332.8,230.3,862.7,297.8,853.2,16.6,614.5,528.7,629.9,555.4,36.1,533.5,772.7,104.9,258.9,354.3,1100.4,523.9,435.0,575.7,90.0,601.1,644.1,406.0,548.8,488.0,485.7,230.7,533.6,456.6,314.0,85.9,847.0,251.5,239.5,812.6,239.5,551.5,892.0,150.4,402.6,426.4,734.4,854.0,716.3,171.0,85.6,424.0,304.2,277.4,413.1,944.7,991.0,853.2,295.3,1052.3,303.1,671.5,551.8,365.6,964.5,340.6,579.9,432.4,344.5,269.1,985.4,657.5,1014.9,601.0,778.8,46.9,341.1,226.6,389.2,54.3,171.0,385.5,722.0,747.0,169.7,637.4,982.7,722.0,977.8,523.0,711.6,314.6,351.8,231.7,684.0,825.0,362.7,1042.0,799.9,179.8,678.5,717.5,315.9,966.5,280.2,369.7,369.4,908.0,971.0,954.5,943.1,962.8,423.5,520.0,529.8,437.9,228.4,727.6,756.8,697.6,351.2,1004.2,586.9,366.4,763.5,568.8,354.4,380.5,377.8,301.3,1116.0,914.1,617.4,698.1,469.1,413.1,658.3,214.8,427.6,239.6,912.4,555.3,660.1,306.3,375.2,5.8,589.2,724.7,755.9,546.4,487.1,326.4,222.1,517.8,153.4,195.2,1030.1
18,1233.2,362.8,229.9,416.1,561.5,801.2,320.0,271.3,973.2,78.0,813.3,984.6,647.4,348.6,558.9,732.6,276.5,707.3,0.0,602.0,196.8,411.2,302.7,423.3,636.6,563.3,178.4,780.7,509.7,584.0,274.2,703.3,313.1,674.4,303.6,234.6,804.1,367.5,254.3,313.3,120.9,588.5,759.9,455.5,397.5,700.2,434.3,202.9,739.3,504.8,796.3,584.0,226.1,477.4,715.2,690.7,156.0,263.3,438.7,341.3,743.4,360.1,271.0,786.8,602.6,835.6,497.2,225.5,393.2,206.3,769.3,365.6,561.0,482.2,677.7,393.4,689.9,694.2,360.0,292.8,565.5,793.2,210.4,455.8,481.1,176.0,481.1,155.8,640.3,710.8,423.4,895.2,385.4,716.0,389.0,809.8,730.0,515.1,639.7,916.2,443.0,587.6,354.4,715.2,674.4,415.7,941.9,295.2,548.7,642.3,567.8,481.5,210.5,794.5,475.5,545.2,348.8,220.0,378.3,189.6,451.5,754.2,484.3,707.9,870.5,761.6,809.8,866.8,63.6,419.7,585.6,178.0,549.6,63.6,341.2,331.9,200.3,505.4,656.1,717.7,546.0,188.4,358.9,405.4,178.9,649.9,271.6,579.5,797.2,329.9,615.7,621.2,638.5,624.3,334.4,577.8,306.5,326.2,499.7,229.4,234.1,379.8,691.9,589.6,268.0,173.6,602.7,367.6,217.5,459.0,436.2,245.8,366.5,326.8,533.9,782.6,479.4,277.5,479.4,313.6,876.7,614.5,308.4,696.1,390.1,720.9,604.4,341.4,383.6,641.8,856.5,701.5,160.2,586.7,367.3,203.0,337.4,577.9,527.3,324.5,662.2,627.9,393.5
19,1244.7,547.8,597.7,510.8,401.4,774.9,543.0,547.7,681.3,633.4,479.1,669.9,990.8,578.3,230.3,580.8,705.8,740.0,602.0,0.0,645.7,840.5,666.5,704.5,906.1,555.8,733.8,735.0,761.8,702.1,642.0,610.1,549.9,591.3,545.2,583.1,734.0,673.7,593.3,677.1,500.7,530.6,425.7,660.7,204.5,617.1,167.7,591.3,998.0,170.6,517.1,702.1,781.5,556.2,113.2,723.4,509.2,628.0,163.3,521.7,776.1,499.8,817.5,741.1,872.1,1094.3,702.4,568.7,533.7,620.5,830.0,778.2,226.8,451.7,343.5,743.3,1033.3,624.1,499.9,589.2,426.0,766.9,644.1,534.3,559.9,683.9,559.9,446.2,152.0,782.7,733.8,1166.4,814.7,114.0,818.3,739.7,801.9,390.4,517.0,792.1,796.5,204.7,660.6,113.2,591.3,529.3,712.6,724.5,978.0,519.6,224.5,415.2,624.7,460.3,730.3,695.0,622.0,702.3,583.5,645.8,880.8,786.9,755.9,966.6,1122.7,794.3,739.7,1115.8,619.0,849.0,593.5,682.2,242.7,619.0,614.4,489.3,755.7,759.6,533.4,647.6,63.3,696.3,446.9,519.6,734.3,813.8,723.3,22.5,1055.9,524.2,493.0,498.5,515.8,168.0,513.5,214.5,670.3,601.4,469.2,564.8,397.3,467.8,621.5,95.2,801.6,729.0,480.0,598.4,631.7,780.9,865.5,613.6,454.5,414.8,373.8,1041.3,684.6,832.9,122.6,742.9,542.5,395.9,737.7,954.8,478.1,979.6,280.0,521.6,812.9,519.1,1108.7,734.2,634.0,15.3,800.7,591.2,702.1,455.2,638.0,277.5,734.1,544.8,398.8
20,1317.2,446.8,313.9,500.1,711.7,927.3,404.0,355.3,1123.4,183.8,963.5,1134.8,731.4,432.6,709.1,882.8,360.5,833.4,196.8,645.7,0.0,495.2,171.2,507.3,720.6,713.5,262.4,907.0,593.7,668.0,358.2,853.5,397.1,824.6,387.6,88.0,954.3,236.0,107.7,181.8,271.1,738.7,910.1,308.9,547.7,850.4,584.5,286.9,823.3,655.0,946.5,668.0,212.9,566.4,605.5,816.8,306.2,347.3,588.9,425.3,869.5,444.1,355.0,937.0,686.6,919.6,350.6,309.5,477.2,290.3,853.3,449.6,711.2,632.4,827.9,477.4,773.9,844.4,444.0,376.8,715.7,919.3,63.8,606.0,621.4,88.4,621.4,306.0,493.7,794.8,507.4,979.2,469.4,659.9,473.0,960.0,814.0,665.3,789.9,1066.4,527.0,441.0,222.9,605.5,824.6,269.1,1092.1,379.2,632.7,792.5,421.2,631.7,294.5,944.7,559.5,629.2,217.3,304.0,231.7,273.6,535.5,880.3,568.3,791.9,954.5,887.7,960.0,950.8,169.4,503.7,735.8,262.0,403.0,169.4,209.7,415.9,284.3,589.4,806.3,867.9,696.2,100.8,509.1,258.8,262.9,733.9,355.6,668.2,881.2,183.3,765.9,771.4,788.7,477.7,187.8,431.2,175.0,194.7,649.9,313.4,384.3,476.4,842.1,642.6,352.0,257.6,752.9,221.0,301.5,543.0,520.2,329.8,516.7,477.0,684.1,866.6,332.8,264.3,629.6,397.6,1026.9,764.7,392.4,780.1,486.7,804.9,457.8,425.4,467.6,792.0,940.5,827.6,244.2,661.0,451.3,287.0,421.4,728.1,611.3,474.7,746.2,778.1,246.9
21,851.8,368.2,242.8,405.2,652.8,720.4,366.3,317.6,960.9,398.2,836.6,972.3,266.0,337.7,751.3,723.8,165.3,647.1,411.2,840.5,495.2,0.0,601.1,340.0,459.2,622.0,232.8,700.1,426.4,511.3,198.5,694.5,359.4,733.1,349.9,533.0,795.3,665.9,552.7,611.7,485.5,647.2,919.7,675.8,636.0,758.9,672.8,269.8,561.9,743.3,787.5,511.3,524.5,471.5,953.7,636.5,520.6,270.2,677.2,387.6,632.4,406.4,306.4,731.4,425.2,476.7,634.1,271.8,382.3,299.0,591.9,137.4,799.5,592.5,916.2,339.9,308.5,685.4,406.3,328.5,628.2,712.4,508.8,518.4,526.5,474.4,526.5,520.4,938.7,544.6,340.1,513.8,161.9,954.5,143.8,797.5,563.8,625.4,702.4,903.9,359.6,886.0,652.8,953.7,733.1,714.1,929.6,116.0,167.3,705.0,866.2,591.8,303.2,887.1,402.8,472.5,647.2,191.2,676.7,324.3,206.3,643.2,401.0,530.5,668.4,650.6,797.5,664.7,383.8,174.5,624.4,360.7,848.0,383.8,639.6,378.2,245.3,427.5,718.8,708.9,784.5,486.8,471.8,703.8,352.5,472.5,212.2,818.0,595.1,628.3,678.4,683.9,701.2,922.7,632.8,876.2,604.9,624.6,610.0,275.7,575.0,438.7,683.1,828.1,290.5,272.8,665.4,666.0,310.2,375.7,191.0,226.9,476.8,494.8,644.2,529.7,651.9,498.6,717.9,219.8,923.8,724.8,102.8,518.7,437.9,543.5,902.8,387.7,42.8,704.5,654.4,647.3,312.5,825.2,186.4,269.7,254.0,640.6,516.4,563.0,496.0,649.9,691.9
22,1423.1,552.7,419.8,606.0,817.6,1033.2,509.9,461.2,1229.3,289.7,1069.4,1240.7,837.3,538.5,815.0,988.7,466.4,939.3,302.7,666.5,171.2,601.1,0.0,613.2,826.5,819.4,368.3,1012.9,699.6,773.9,464.1,959.4,503.0,930.5,493.5,193.8,1060.2,106.4,181.4,10.6,377.0,844.6,1016.0,399.9,653.6,956.3,690.4,392.8,929.2,760.9,1052.4,773.9,325.2,672.3,626.3,922.7,412.1,453.2,694.8,531.2,975.4,550.0,460.9,1042.9,792.5,1025.5,441.6,415.4,583.1,396.2,959.2,555.5,817.1,738.3,933.8,583.3,879.8,950.3,549.9,482.7,821.6,1025.2,107.4,711.9,727.3,200.7,727.3,411.9,514.5,900.7,613.3,1085.1,575.3,680.7,578.9,1065.9,919.9,771.2,895.8,1172.3,632.9,461.8,93.3,626.3,930.5,173.4,1198.0,485.1,738.6,898.4,442.0,737.6,400.4,1050.6,665.4,735.1,87.7,409.9,322.7,379.5,641.4,986.2,674.2,897.8,1060.4,993.6,1065.9,1056.7,275.3,609.6,841.7,367.9,423.8,275.3,80.1,521.8,390.2,695.3,912.2,973.8,724.4,213.1,615.0,146.9,368.8,839.8,461.5,689.0,987.1,199.4,871.8,877.3,894.6,498.5,210.1,452.0,3.8,65.1,755.8,419.3,490.2,582.3,948.0,663.4,457.9,363.5,858.8,109.1,407.4,648.9,626.1,435.7,622.6,582.9,790.0,972.5,423.8,376.6,735.5,503.5,1132.8,870.6,498.3,886.0,592.6,910.8,478.6,531.3,573.5,897.9,1046.4,933.5,350.1,681.8,557.2,392.9,527.3,834.0,717.2,580.6,852.1,884.0,267.7
23,878.1,225.4,193.4,262.4,329.6,476.2,300.7,227.8,708.7,410.3,580.9,720.1,324.0,194.9,479.0,468.1,295.5,401.6,423.3,704.5,507.3,340.0,613.2,0.0,269.0,298.8,333.6,455.9,113.1,171.3,231.7,438.8,293.8,409.9,284.3,545.1,539.6,678.0,564.8,623.8,497.6,324.0,664.0,766.0,509.2,435.7,546.0,220.4,371.7,607.3,531.8,171.3,536.6,148.3,817.7,385.0,532.7,160.0,550.4,322.0,388.2,339.1,407.2,487.2,235.0,468.0,734.9,222.4,239.5,249.6,361.3,202.6,663.5,324.7,747.8,104.4,366.5,429.7,339.0,185.7,305.0,468.2,520.9,195.2,203.3,486.5,203.3,469.9,856.5,298.1,29.3,540.1,335.9,818.5,317.8,545.3,317.3,357.6,379.2,651.7,92.9,898.1,664.9,817.7,409.9,726.2,677.4,273.0,432.6,381.8,878.3,289.3,253.8,631.4,62.8,132.5,659.3,292.0,688.8,274.9,380.3,399.0,88.4,340.3,502.9,406.4,545.3,499.2,395.9,348.5,321.1,311.3,860.1,395.9,651.7,310.9,346.1,92.7,395.6,453.2,648.5,498.9,267.8,715.9,453.3,282.3,313.0,682.0,429.6,640.4,355.2,360.7,378.0,872.5,644.9,888.3,617.0,636.7,342.2,226.3,448.2,305.4,427.4,692.1,391.3,371.5,342.2,678.1,260.8,77.3,365.0,203.3,272.8,298.9,368.8,415.0,752.7,588.0,581.9,332.6,668.1,404.1,259.8,328.5,295.1,353.3,876.9,322.1,312.4,381.3,488.9,395.8,263.1,689.2,360.4,220.3,86.0,317.4,188.4,436.2,249.5,363.4,704.0
24,664.9,439.7,406.7,476.7,504.7,317.0,515.0,442.1,557.5,623.6,548.0,568.9,255.3,409.2,680.6,435.2,508.8,243.7,636.6,906.1,720.6,459.2,826.5,269.0,0.0,374.5,546.9,296.7,178.5,250.2,445.0,405.9,508.1,461.4,498.6,758.4,462.6,891.3,778.1,837.1,710.9,399.7,631.1,979.3,753.3,487.2,790.1,433.7,158.5,808.9,498.9,250.2,749.9,400.7,1019.3,260.3,746.0,373.3,794.5,536.3,229.0,553.4,620.5,328.0,71.0,254.8,948.2,435.7,453.8,462.9,188.5,415.8,810.2,568.8,714.9,322.7,297.8,396.8,553.3,400.0,480.1,309.0,734.2,415.2,389.6,699.8,389.6,714.0,1058.1,256.0,239.7,326.9,549.1,1020.1,531.0,394.1,197.7,589.1,470.3,500.5,225.2,1110.8,878.2,1019.3,461.4,939.5,526.2,486.2,363.9,531.7,1091.6,504.3,467.1,598.5,228.8,264.9,872.6,505.3,902.1,488.2,593.5,239.8,217.0,127.1,289.7,247.2,394.1,286.0,609.2,561.7,335.8,524.6,1073.4,609.2,865.0,525.2,559.4,198.9,517.9,420.3,850.1,712.2,511.9,929.2,666.6,177.7,526.3,883.6,216.4,853.7,446.3,535.8,535.5,1074.1,858.2,1101.6,830.3,850.0,586.3,439.6,692.3,519.7,394.5,893.7,604.6,584.8,517.3,891.4,474.1,199.0,578.2,416.6,516.9,543.0,543.9,201.8,966.0,801.3,783.5,545.9,635.2,579.2,473.0,115.3,509.4,140.1,1078.5,536.4,472.2,472.4,275.7,249.5,476.4,890.8,573.6,433.6,299.2,492.5,310.6,680.3,207.4,361.3,917.3
25,785.9,321.9,436.4,268.1,154.4,294.7,432.7,382.2,422.9,594.7,295.1,434.3,456.2,335.6,330.3,182.3,544.5,210.8,563.3,555.8,713.5,622.0,819.4,298.8,374.5,0.0,582.6,254.8,216.8,157.1,480.7,153.0,439.6,111.1,434.9,751.3,253.8,884.2,771.0,830.0,462.0,25.2,378.2,972.2,446.8,136.9,450.1,430.0,468.8,458.6,246.0,157.1,742.8,153.8,669.0,194.2,470.5,412.2,445.7,411.4,246.9,389.5,656.2,260.9,340.5,565.1,983.9,407.4,291.0,459.2,300.8,484.6,514.8,210.7,462.0,382.4,498.7,143.9,389.6,340.1,129.8,286.7,727.1,107.5,95.5,692.7,95.5,407.5,707.8,251.1,302.6,637.2,617.9,669.8,599.8,259.5,270.3,228.8,120.0,365.9,314.9,760.5,871.1,669.0,111.1,932.4,391.6,555.0,564.8,181.4,780.3,144.0,463.4,345.6,244.5,169.0,865.5,541.0,895.0,484.5,662.3,257.7,241.1,437.4,600.0,265.1,259.5,596.3,580.3,630.5,89.1,520.9,798.5,580.3,857.9,379.0,595.1,214.6,167.6,167.4,499.8,705.1,218.7,922.1,683.4,282.2,562.0,533.3,526.7,846.6,96.0,185.5,185.2,723.8,851.1,770.3,823.2,842.9,228.2,403.5,385.8,293.9,141.6,543.4,640.3,581.1,167.0,884.3,470.4,266.4,647.0,452.3,210.4,236.5,193.6,512.1,996.1,794.2,433.2,581.6,382.3,228.9,541.8,425.6,283.6,450.4,728.2,411.3,594.4,122.1,586.0,205.0,472.7,540.5,639.4,429.9,384.8,142.2,112.9,373.8,202.5,64.6,910.2
26,1054.8,312.5,146.2,365.8,613.4,793.0,269.7,221.0,992.5,165.4,864.7,1003.9,469.0,298.3,690.7,751.9,98.1,699.1,178.4,733.8,262.4,232.8,368.3,333.6,546.9,582.6,0.0,772.7,420.0,494.3,101.9,722.6,262.8,693.7,253.3,300.2,823.4,433.1,319.9,378.9,252.7,607.8,891.7,510.4,529.3,719.5,566.1,155.9,649.6,636.6,815.6,494.3,291.7,432.1,817.7,682.5,287.8,173.6,570.5,291.0,711.2,309.8,141.0,804.0,512.9,679.7,468.7,175.2,342.9,159.3,679.6,187.2,692.8,552.8,809.5,303.7,511.5,713.5,309.7,242.5,588.8,785.0,276.0,479.0,487.1,241.6,487.1,287.6,705.9,621.1,333.7,716.8,207.0,847.8,210.6,829.1,640.3,585.7,663.0,935.5,353.3,653.2,420.0,817.7,693.7,481.3,961.2,116.8,370.3,665.6,633.4,552.1,163.5,915.2,385.8,455.5,414.4,41.6,443.9,142.6,273.1,722.0,394.6,618.2,780.8,729.4,829.1,777.1,151.0,241.3,604.9,131.0,615.2,151.0,406.8,281.6,21.9,415.7,679.4,737.0,677.8,254.0,414.9,471.0,129.1,560.2,93.2,711.3,707.5,395.5,639.0,644.5,661.8,689.9,400.0,643.4,372.1,391.8,570.3,179.1,365.9,342.1,711.2,721.4,125.1,40.0,626.0,433.2,170.5,369.3,257.8,130.3,437.1,398.2,604.5,692.9,486.5,333.2,611.2,135.2,951.9,685.1,130.0,606.4,352.4,631.2,670.0,291.1,205.2,665.1,766.8,693.3,113.2,718.5,193.0,156.0,247.7,601.2,477.0,456.3,572.5,647.2,459.1
27,601.7,539.3,626.5,485.5,333.6,85.3,645.2,572.3,306.2,810.0,374.3,317.6,496.2,527.4,509.5,261.5,734.6,73.6,780.7,735.0,907.0,700.1,1012.9,455.9,296.7,254.8,772.7,0.0,371.1,284.6,670.8,232.2,638.3,290.3,628.8,944.8,211.3,1077.7,964.5,1023.5,679.4,229.6,457.4,1165.7,664.2,316.1,629.3,620.1,311.0,637.8,325.2,284.6,936.3,371.2,848.2,90.2,687.9,602.3,624.9,628.8,89.1,606.9,846.3,76.7,311.9,407.3,1174.0,597.5,508.4,649.3,143.0,656.7,636.5,465.5,541.2,542.3,538.7,223.1,607.0,530.2,309.0,77.3,920.6,324.9,312.9,886.2,312.9,624.9,887.0,203.4,456.9,479.4,790.0,849.0,771.9,142.8,138.6,419.0,299.2,249.2,466.1,939.7,1064.6,848.2,290.3,1125.9,274.9,727.1,604.8,360.6,959.5,398.8,653.5,424.8,398.8,323.4,1059.0,731.1,1088.5,674.6,834.4,99.9,395.4,279.6,442.2,107.3,142.8,438.5,795.6,802.6,219.5,711.0,977.7,795.6,1051.4,596.4,785.2,368.9,346.8,203.5,679.0,898.6,436.1,1115.6,873.5,232.8,752.1,712.5,368.9,1040.1,275.2,364.7,364.4,903.0,1044.6,949.5,1016.7,1036.4,483.0,593.6,603.2,511.3,220.8,722.6,830.4,771.2,346.2,1077.8,660.5,420.7,819.1,642.4,427.8,453.9,372.8,354.3,1189.6,987.7,612.4,771.7,445.0,408.1,713.9,267.8,501.0,292.6,907.4,628.7,713.1,301.3,428.2,79.4,662.8,719.7,814.5,620.0,540.1,321.4,295.7,591.2,206.4,190.2,1103.7
28,787.6,311.8,279.8,348.8,371.2,391.4,387.1,314.2,626.7,496.7,498.9,638.1,251.3,281.3,536.3,386.1,381.9,316.8,509.7,761.8,593.7,426.4,699.6,113.1,178.5,216.8,420.0,371.1,0.0,86.5,318.1,356.8,380.2,327.9,370.7,631.5,457.6,764.4,651.2,710.2,584.0,242.0,582.0,852.4,583.8,353.7,620.6,306.8,281.2,664.6,449.8,86.5,623.0,224.4,875.0,300.2,607.5,246.4,625.0,408.4,303.4,425.5,493.6,402.4,144.5,377.5,821.3,308.8,325.9,336.0,276.5,289.0,720.8,399.3,665.8,194.8,293.8,347.7,425.4,272.1,346.6,383.4,607.3,245.9,220.3,572.9,220.3,544.5,913.8,213.3,87.8,449.6,422.3,875.8,404.2,463.3,232.5,431.4,336.8,569.7,99.2,966.5,751.3,875.0,327.9,812.6,595.4,359.4,359.9,398.2,964.7,346.6,340.2,549.4,50.3,86.8,745.7,378.4,775.2,361.3,466.7,314.2,46.9,249.8,412.4,321.6,463.3,408.7,482.3,434.9,239.1,397.7,946.5,482.3,738.1,397.3,432.5,20.4,384.4,371.2,705.8,585.3,342.4,802.3,539.7,191.8,399.4,739.3,339.1,726.8,312.8,402.3,402.0,929.8,731.3,974.7,703.4,723.1,416.8,312.7,522.8,391.8,345.4,749.4,477.7,457.9,383.8,764.5,347.2,51.6,451.4,289.7,347.4,373.5,410.4,324.5,839.1,674.4,639.2,419.0,586.1,445.7,346.2,238.0,381.5,262.8,934.2,408.5,398.8,338.9,398.4,311.0,349.5,746.5,446.8,306.7,172.4,359.0,141.1,510.8,164.7,281.4,790.4
29,840.9,324.7,354.1,343.8,311.5,304.9,412.0,339.1,541.6,571.0,413.8,553.0,325.7,294.2,476.6,301.0,456.2,230.3,584.0,702.1,668.0,511.3,773.9,171.3,250.2,157.1,494.3,284.6,86.5,0.0,392.4,271.7,405.1,268.2,395.6,705.8,372.5,838.7,725.5,784.5,551.0,182.3,496.9,926.7,535.8,294.0,572.6,381.1,349.9,604.9,364.7,0.0,697.3,177.6,815.3,213.7,559.5,320.7,577.0,433.3,216.9,438.4,567.9,315.9,216.2,446.2,895.6,364.3,338.8,410.3,190.0,373.9,661.1,351.3,580.7,257.7,368.2,262.6,438.3,297.0,286.9,296.9,681.6,197.8,172.2,647.2,172.2,496.5,854.1,126.8,172.3,518.3,507.2,816.1,489.1,378.2,146.0,371.7,277.1,484.6,184.6,906.8,825.6,815.3,268.2,886.9,510.3,444.3,434.3,338.5,926.6,286.9,414.5,464.3,114.2,38.8,820.0,452.7,849.5,435.6,551.6,227.7,110.8,318.5,481.1,235.1,378.2,477.4,556.6,519.8,179.4,472.0,944.8,556.6,812.4,410.2,506.8,84.3,324.7,286.1,646.1,659.6,294.4,876.6,614.0,157.9,473.7,679.6,407.8,801.1,253.1,342.6,342.3,870.1,805.6,916.6,777.7,797.4,368.8,360.4,474.8,369.6,260.3,689.7,552.0,532.2,324.1,838.8,421.5,136.1,536.3,364.0,299.4,325.5,350.7,393.2,913.4,748.7,579.5,493.3,501.0,386.0,431.1,306.7,359.3,331.5,874.5,433.4,483.7,279.2,467.1,224.5,423.8,686.8,531.7,381.0,257.3,299.3,93.1,462.8,78.2,221.7,864.7
30,1020.5,210.6,44.3,263.9,511.5,691.1,167.8,119.1,890.6,261.2,762.8,902.0,434.7,196.4,598.9,650.0,63.8,597.2,274.2,642.0,358.2,198.5,464.1,231.7,445.0,480.7,101.9,670.8,318.1,392.4,0.0,620.7,160.9,591.8,151.4,396.0,721.5,528.9,415.7,474.7,348.5,505.9,799.9,544.9,437.5,617.6,474.3,71.3,547.7,544.8,713.7,392.4,387.5,330.2,755.2,580.6,383.6,71.7,478.7,189.1,609.3,207.9,175.5,702.1,411.0,644.0,503.2,73.3,241.0,100.5,577.7,152.9,601.0,450.9,717.7,201.8,477.2,611.6,207.8,140.6,486.9,683.1,371.8,377.1,385.2,337.4,385.2,383.4,794.0,519.2,231.8,682.5,172.7,756.0,176.3,727.2,538.4,483.8,561.1,833.6,251.4,749.0,515.8,755.2,591.8,577.1,859.3,82.5,336.0,563.7,729.2,450.2,104.7,813.3,283.9,353.6,510.2,60.3,539.7,125.8,238.8,620.1,292.7,516.3,678.9,627.5,727.2,675.2,246.8,207.0,503.0,162.2,711.0,246.8,502.6,179.7,114.4,313.8,577.5,635.1,586.0,349.8,313.0,566.8,221.6,458.3,81.3,619.5,605.6,491.3,537.1,542.6,559.9,785.7,495.8,739.2,467.9,487.6,468.4,77.2,376.5,240.2,609.3,629.6,159.6,141.9,524.1,529.0,111.7,267.4,223.5,28.4,335.2,296.3,502.6,591.0,521.0,367.7,519.4,100.9,850.0,583.2,95.7,504.5,250.5,529.3,765.8,189.2,170.9,563.2,664.9,591.4,114.0,626.7,158.7,71.2,145.8,499.3,375.1,364.5,470.6,545.3,554.9
31,763.3,461.9,576.4,408.1,231.8,272.1,572.7,522.2,368.1,734.7,142.1,356.7,490.6,475.6,407.7,29.3,684.5,239.8,703.3,610.1,853.5,694.5,959.4,438.8,405.9,153.0,722.6,232.2,356.8,271.7,620.7,0.0,579.6,188.5,574.9,891.3,209.6,1024.2,911.0,970.0,602.0,127.8,225.2,1112.2,546.8,214.3,510.0,570.0,497.8,468.5,93.0,271.7,882.8,293.8,723.3,223.2,610.5,552.2,505.6,551.4,275.9,529.5,796.2,238.3,371.9,594.1,1123.9,547.4,431.0,599.2,329.8,624.6,404.3,363.7,309.0,522.4,533.1,99.7,529.6,480.1,207.2,264.1,867.1,247.5,235.5,832.7,235.5,547.5,762.1,282.5,442.6,666.2,757.9,724.1,739.8,215.3,301.7,317.2,197.4,321.7,454.9,814.8,1011.1,723.3,188.5,1072.4,347.4,695.0,599.2,258.8,834.6,297.0,603.4,192.6,384.5,309.0,1005.5,681.0,1035.0,624.5,802.3,286.7,381.1,466.4,619.9,294.1,215.3,613.0,720.3,770.5,117.7,660.9,852.8,720.3,997.9,519.0,735.1,354.6,245.0,123.2,554.1,845.1,358.7,1062.1,823.4,313.6,702.0,587.6,555.7,986.6,173.4,262.9,262.6,778.1,991.1,824.6,963.2,982.9,381.2,543.5,525.8,433.9,11.4,597.7,780.3,721.1,244.4,1024.3,610.4,406.4,787.0,592.3,350.4,376.5,271.0,541.1,1136.1,934.2,487.5,721.6,229.3,306.3,681.8,454.6,423.6,479.4,782.5,551.3,707.5,199.5,605.9,234.0,612.7,594.8,779.4,569.9,524.8,219.6,252.9,513.8,233.9,88.4,993.4
