,0,1,2,3,4,5,6,7,8,9,10,11,12,13,14,15,16,17,18,19,20,21,22,23,24,25,26,27,28,29,30,31,32,33,34,35,36,37,38,39,40,41,42,43,44,45,46,47,48,49,50,51,52,53,54,55,56,57,58,59,60,61,62,63,64,65,66,67,68,69,70,71,72,73,74,75,76,77,78,79,80,81,82,83,84,85,86,87,88,89,90,91,92,93,94,95,96,97,98,99,100,101,102,103,104,105,106,107,108,109,110,111,112,113,114,115,116,117,118,119,120,121,122,123,124,125,126,127,128,129,130,131,132,133,134,135,136,137,138,139,140,141,142,143,144,145,146,147,148,149,150,151,152,153,154,155,156,157,158,159,160,161,162,163,164,165,166,167,168,169,170,171,172,173,174,175,176,177,178,179,180,181,182,183,184,185,186,187,188,189,190,191,192,193,194,195,196,197,198,199,200,201,202
0,0.0,828.4,1016.6,865.5,1220.2,1065.0,1094.8,437.9,666.4,1008.4,570.1,1117.2,1454.8,601.7,1097.8,1419.7,1246.0,939.0,1370.7,843.4,733.3,1109.7,1129.4,452.8,919.7,671.0,658.9,1218.0,1016.6,854.3,1004.5,580.9,1064.0,773.2,920.5,1139.0,643.0,820.3,1075.2,629.1,864.8,1150.8,866.4,1128.1,887.8,728.8,1357.0,1328.9,1081.3,1000.4,823.9,1085.5,663.6,1548.3,1113.3,1109.6,1525.5,1351.9,1015.8,680.3,1323.0,890.8,852.5,605.5,1478.5,889.1,580.1,1138.1,1427.3,441.7,896.4,1072.6,1002.9,521.9,1116.5,1124.7,665.0,803.4,810.5,684.3,1036.0,1134.3,501.5,783.9,1004.5,1301.1,1144.7,1559.4,1038.9,1234.6,1308.0,964.8,1138.2,742.9,1385.1,968.1,1156.2,798.5,1044.5,583.5,661.4,1103.2,1078.9,1022.0,535.0,1218.6,1366.8,609.9,639.2,1233.2,1152.8,1444.3,1280.7,1407.8,1309.8,1326.9,822.2,844.0,361.4,915.7,1141.6,1004.2,1312.9,807.9,868.8,1491.6,836.0,680.2,983.1,783.5,960.5,1474.4,1322.7,864.2,1108.8,902.3,1335.4,439.5,997.5,972.5,1359.0,881.2,675.0,659.7,1308.8,1406.0,773.3,828.2,1013.8,1303.9,682.5,657.7,1488.6,854.8,680.1,1108.5,420.5,1347.3,975.9,675.8,852.5,594.9,1038.9,663.6,1191.0,1065.9,612.7,773.7,774.5,948.3,736.3,716.4,1116.6,844.5,840.4,461.2,915.7,1133.0,1251.8,896.4,537.8,810.3,1127.7,763.9,1219.0,906.1,1138.0,1031.4,1014.1,1345.3,851.8,1028.7,825.6,820.5,783.9,950.5,1349.1,1269.9,801.0,1532.5,800.6,721.3,1513.9
1,828.4,0.0,386.2,718.4,712.8,570.3,699.2,628.8,265.8,757.5,387.5,449.4,969.2,297.3,543.1,934.1,599.6,310.7,724.3,748.6,165.5,714.1,499.0,613.9,251.9,403.5,296.3,732.4,386.2,464.3,780.4,595.6,569.3,205.4,672.6,492.6,423.7,725.5,683.6,437.6,712.5,656.1,198.6,546.8,702.7,330.3,871.4,857.0,727.2,561.3,256.1,590.8,356.6,1062.7,445.5,441.8,1039.9,866.3,554.5,373.3,837.4,223.0,184.7,255.5,992.9,258.7,594.8,507.7,780.9,625.0,711.3,577.9,778.8,685.0,486.1,494.3,409.5,235.6,142.7,382.4,561.2,503.9,359.5,216.1,780.4,916.4,650.0,1073.8,557.3,588.2,661.6,455.9,507.8,175.1,738.7,744.0,760.6,130.7,414.1,483.2,464.9,608.5,679.9,743.9,603.9,572.2,881.2,305.5,293.0,681.4,522.4,958.7,634.3,922.2,925.1,841.3,154.4,213.6,728.7,247.9,489.6,373.8,827.3,140.1,201.0,1006.0,446.0,446.8,352.7,44.9,628.6,988.8,837.1,243.2,506.8,271.9,849.8,699.4,441.7,404.7,873.4,313.4,402.5,352.7,823.2,759.6,55.1,352.9,558.5,818.3,436.8,461.2,842.2,187.0,434.4,478.1,646.2,700.9,308.1,581.0,231.5,496.9,557.3,356.6,560.6,692.9,315.8,359.0,359.8,280.5,141.5,358.1,486.2,416.4,412.3,677.7,247.9,502.6,621.4,711.3,528.9,179.9,497.3,669.1,588.6,776.8,507.6,480.5,346.3,859.7,740.1,674.6,157.8,152.7,216.1,511.4,702.7,915.8,133.2,1028.4,132.8,107.1,981.6
2,1016.6,386.2,0.0,383.5,403.1,235.4,364.3,647.9,375.6,422.6,600.1,386.3,637.7,485.5,157.7,602.6,512.1,211.0,636.8,544.4,378.1,379.2,132.4,633.0,300.1,496.4,508.9,400.9,0.0,633.4,445.5,570.0,234.4,418.0,337.7,405.1,527.4,521.3,348.7,529.3,377.6,321.2,227.5,180.2,367.8,423.2,539.9,525.5,392.3,487.3,468.7,255.9,466.4,731.2,390.2,393.9,708.4,534.8,219.6,483.1,505.9,282.3,283.0,468.1,661.4,204.9,569.2,141.1,693.4,644.1,376.4,243.0,443.9,710.6,119.5,235.7,502.4,448.2,325.0,491.2,473.7,245.3,572.1,428.7,445.5,584.9,315.1,742.3,469.8,500.7,574.1,121.0,141.2,387.7,651.2,409.1,425.7,295.4,155.5,502.3,473.2,273.6,345.0,409.0,578.3,484.7,549.7,474.3,402.8,416.1,263.8,627.2,546.8,590.7,593.6,509.8,336.7,172.6,747.8,296.1,346.1,103.6,495.8,322.4,299.3,674.5,658.6,659.4,82.5,341.3,293.7,657.3,505.6,238.5,419.3,168.9,518.3,673.8,640.4,617.3,541.9,526.0,410.8,462.5,491.7,672.1,331.1,324.3,223.6,486.8,445.1,469.5,754.7,369.3,442.7,111.5,665.3,613.4,254.8,551.4,250.2,709.5,469.8,466.4,302.0,358.0,504.0,451.9,452.7,137.4,304.7,451.0,119.6,266.8,270.9,652.1,296.1,244.0,362.8,376.4,548.0,249.5,130.7,550.1,330.0,441.9,141.0,145.6,204.8,528.2,405.2,339.7,340.1,335.0,428.7,537.2,615.2,580.9,315.5,715.4,315.1,332.7,696.8
3,865.5,718.4,383.5,0.0,376.5,270.3,251.1,518.2,630.3,164.7,896.7,694.3,611.1,713.8,318.3,576.0,820.1,422.1,944.8,182.7,678.2,266.0,393.3,533.1,683.6,513.6,809.0,374.3,383.5,941.4,184.6,322.2,269.3,718.1,76.8,713.1,539.4,159.6,231.5,525.5,21.1,324.8,563.4,348.6,44.1,543.6,513.3,485.2,237.6,795.3,768.8,290.8,664.3,704.6,698.2,701.9,681.8,508.2,221.1,631.4,479.3,657.2,618.9,768.2,634.8,459.7,321.4,384.6,886.4,522.0,52.7,277.9,183.0,682.1,406.2,543.7,519.6,748.3,660.9,580.7,781.7,553.3,868.7,728.8,184.6,457.4,318.7,715.7,777.8,808.7,882.1,262.5,384.5,687.8,928.6,148.2,312.5,631.3,463.5,498.5,469.4,308.5,235.2,178.3,330.5,792.7,523.1,702.4,657.5,389.5,571.8,600.6,854.8,564.1,466.1,483.2,672.6,504.8,527.5,679.6,654.1,452.8,469.2,658.3,635.2,647.9,958.7,959.5,466.0,673.5,116.8,630.7,479.0,482.5,727.3,449.8,491.7,426.0,948.4,917.4,515.3,826.1,407.0,660.4,465.1,892.2,663.3,390.8,217.1,460.2,441.3,465.7,825.1,705.2,438.9,414.2,500.8,921.4,638.3,189.7,494.2,1006.1,777.8,664.3,524.1,222.2,757.5,572.3,573.1,520.9,636.9,468.2,406.1,322.7,326.8,404.3,679.6,552.0,429.7,52.7,544.2,546.3,356.7,188.4,498.9,115.3,384.7,295.1,588.3,501.6,43.5,185.0,676.0,670.9,728.8,845.2,923.2,426.2,651.4,688.8,651.0,663.6,670.2
4,1220.2,712.8,403.1,376.5,0.0,186.3,160.6,794.8,699.9,354.3,926.7,508.9,321.4,810.0,280.7,286.3,634.7,441.7,759.4,537.4,704.7,171.2,355.7,779.9,626.4,664.3,835.5,84.6,403.1,756.0,438.5,676.9,168.7,744.6,330.7,527.7,690.1,514.3,145.0,676.2,370.6,147.7,553.8,311.0,360.8,683.1,223.6,209.2,201.3,609.9,795.3,147.2,790.7,414.9,512.8,516.5,392.1,218.5,216.9,773.2,189.6,608.6,609.3,794.7,345.1,479.3,676.1,347.0,596.7,791.0,369.4,193.9,436.9,857.5,368.6,255.9,670.3,774.8,651.3,731.4,596.3,265.5,898.7,755.3,438.5,268.6,141.6,426.0,592.4,623.3,696.7,324.1,346.9,714.3,638.9,402.1,156.9,621.7,341.9,649.2,620.1,182.5,141.3,340.7,685.2,607.3,233.4,798.6,727.1,78.0,386.4,310.9,669.4,274.4,277.3,193.5,663.0,512.5,882.2,622.4,468.7,353.3,179.5,648.7,625.6,358.2,810.1,930.1,374.4,667.9,353.7,341.0,189.3,502.1,541.9,469.4,202.0,780.7,763.0,842.5,225.6,852.6,557.7,786.8,175.4,602.5,657.7,472.2,220.9,170.5,592.0,616.4,535.4,695.6,589.6,376.6,812.2,728.5,581.1,544.4,513.8,1015.4,592.4,790.7,212.6,154.3,830.6,711.8,712.6,463.7,631.3,618.9,368.5,414.7,418.8,759.0,622.4,366.6,118.2,369.4,694.9,565.9,319.1,543.1,187.4,434.9,347.1,257.5,531.1,211.9,398.2,191.5,666.4,661.3,755.3,659.8,674.9,315.6,641.8,399.1,641.4,659.3,380.5
5,1065.0,570.3,235.4,270.3,186.3,0.0,147.5,627.1,532.2,252.2,784.2,489.0,420.9,642.3,113.0,385.8,614.8,274.0,739.5,431.2,562.2,162.4,188.0,612.2,535.2,496.6,693.0,184.1,235.4,736.1,332.3,537.1,17.6,602.1,224.5,507.8,522.4,408.1,131.9,508.5,264.4,104.4,415.3,143.3,254.6,515.4,323.1,308.7,188.2,590.0,652.8,39.1,623.0,514.4,492.9,496.6,491.6,318.0,49.2,605.5,289.1,509.1,470.8,652.2,444.6,311.6,536.3,179.3,696.2,623.3,263.2,7.6,330.7,689.8,200.9,338.4,502.6,632.3,512.8,563.7,576.4,348.0,756.2,612.8,332.3,368.1,98.3,525.5,572.5,603.4,676.8,156.4,179.2,571.8,738.4,295.9,208.9,483.2,258.2,481.5,452.4,56.8,128.2,238.6,545.4,587.4,332.9,630.9,559.4,199.3,366.5,410.4,649.5,373.9,376.8,293.0,524.5,356.7,727.0,531.2,448.8,247.5,279.0,510.2,487.1,457.7,790.2,843.5,268.6,525.4,247.5,440.5,288.8,334.4,522.0,301.7,301.5,640.9,743.1,801.4,325.1,710.1,390.0,619.1,274.9,702.0,515.2,304.5,53.2,270.0,424.3,448.7,634.9,557.1,421.9,208.9,644.5,716.1,489.9,438.2,346.1,893.6,572.5,623.0,333.9,141.2,686.0,544.1,544.9,372.5,488.8,451.2,200.8,247.0,251.1,619.2,531.2,346.7,239.5,263.2,527.2,398.2,151.4,436.9,308.7,328.7,179.4,89.8,439.9,311.4,292.0,169.3,527.9,522.8,612.8,639.9,717.9,410.5,503.3,498.6,502.9,516.8,480.0
6,1094.8,699.2,364.3,251.1,160.6,147.5,0.0,747.5,661.1,226.6,913.1,604.5,395.2,771.2,241.9,360.1,730.3,402.9,855.0,412.0,691.1,14.9,316.9,741.1,664.1,625.5,821.9,158.4,364.3,851.6,313.1,551.5,129.9,731.0,205.3,623.3,651.3,388.9,19.6,637.4,245.2,108.9,544.2,272.2,235.4,644.3,297.4,283.0,75.9,705.5,781.7,108.4,751.9,488.7,608.4,612.1,465.9,292.3,178.1,734.4,263.4,638.0,599.7,781.1,418.9,440.5,550.7,308.2,670.5,751.3,244.0,155.1,311.5,818.7,329.8,351.5,631.5,761.2,641.7,692.6,691.9,361.1,885.1,741.7,313.1,314.5,102.8,499.8,688.0,718.9,774.3,285.3,308.1,700.7,712.7,276.7,61.4,612.1,387.1,610.4,581.3,143.7,19.3,213.0,559.8,702.9,307.2,759.8,688.3,173.6,482.0,384.7,765.0,348.2,323.2,267.3,653.4,485.6,756.8,660.1,564.3,376.4,253.3,639.1,616.0,432.0,905.7,972.4,397.5,654.3,228.3,414.8,263.1,463.3,637.5,430.6,275.8,655.3,858.6,930.3,299.4,839.0,518.9,748.0,249.2,676.3,644.1,433.4,182.1,244.3,553.2,577.6,609.2,686.0,550.8,337.8,730.1,802.3,618.8,419.0,475.0,1022.5,688.0,751.9,308.2,28.9,814.9,673.0,673.8,501.4,617.7,580.1,329.7,375.9,380.0,633.6,660.1,462.2,213.8,244.0,656.1,527.1,280.3,417.7,283.0,309.5,308.3,218.7,568.8,285.7,272.8,66.1,656.8,651.7,741.7,755.4,748.7,283.3,632.2,472.9,631.8,645.7,454.3
7,437.9,628.8,647.9,518.2,794.8,627.1,747.5,0.0,363.0,661.1,548.1,917.6,1029.4,379.5,659.9,994.3,1067.8,532.0,1192.5,496.1,536.3,762.4,733.2,14.9,720.1,233.1,545.4,792.6,647.9,832.3,657.2,233.6,626.1,576.2,573.2,960.8,205.1,473.0,727.9,191.2,517.5,712.9,638.6,690.2,540.5,314.4,931.6,917.2,734.0,932.1,626.9,647.6,330.0,1122.9,913.7,910.0,1100.1,926.5,577.9,297.1,897.6,691.2,652.9,492.0,1053.1,524.6,232.8,724.5,1249.1,3.8,549.1,634.7,655.6,163.9,746.1,846.7,227.1,606.4,610.9,246.4,967.7,856.3,479.5,586.9,657.2,953.8,706.8,1134.0,970.6,1056.4,1129.8,526.9,724.4,545.9,1206.9,620.8,808.9,598.9,766.5,145.6,223.5,665.3,731.6,674.7,187.7,1040.4,941.4,368.1,335.8,807.8,874.8,1018.9,1102.5,982.4,962.5,901.5,622.6,557.8,99.9,716.1,957.1,717.1,887.5,608.3,669.2,1066.2,814.0,658.2,696.0,583.9,612.9,1049.0,897.3,491.0,975.0,568.9,910.0,92.2,812.5,775.5,933.6,684.2,237.1,326.1,883.4,1227.8,573.7,390.3,575.9,878.5,244.6,219.8,1243.4,655.2,242.2,754.1,17.4,1169.1,776.3,328.5,479.3,572.9,970.6,330.0,913.0,718.6,423.2,359.3,360.1,682.6,510.5,278.5,746.0,406.6,402.5,113.9,716.1,855.0,848.0,549.1,99.9,480.9,696.6,416.6,917.2,558.8,724.6,593.5,750.0,919.9,504.5,681.4,626.0,620.9,586.9,882.2,1170.9,922.6,601.4,1107.1,601.0,521.7,1088.5
8,666.4,265.8,375.6,630.3,699.9,532.2,661.1,363.0,0.0,719.4,293.0,554.6,934.5,110.1,508.8,899.4,704.8,272.6,829.5,608.2,173.3,676.0,488.4,348.1,357.1,188.9,276.0,697.7,375.6,472.1,742.3,455.2,531.2,213.2,634.5,597.8,157.9,585.1,645.5,171.8,629.6,618.0,275.6,536.2,652.6,156.0,836.7,822.3,689.1,569.1,263.9,552.7,90.8,1028.0,550.7,547.0,1005.2,831.6,516.4,107.5,802.7,328.2,289.9,222.6,958.2,231.4,454.4,497.1,886.1,359.2,661.2,539.8,740.7,425.7,475.5,483.7,182.9,243.4,247.9,116.6,604.7,493.3,265.0,223.9,742.3,881.7,611.9,1039.1,607.6,693.4,766.8,417.8,497.2,182.9,843.9,705.9,722.5,235.9,403.5,217.4,276.7,570.4,641.8,705.8,463.5,677.4,846.5,98.7,27.2,670.8,511.8,924.0,739.5,887.5,890.4,806.6,259.6,203.0,462.9,353.1,594.1,363.2,792.6,245.3,306.2,971.3,453.8,454.6,342.1,220.9,590.5,954.1,802.4,197.8,612.0,261.3,815.1,455.2,449.5,412.5,838.7,321.2,262.1,86.9,788.5,864.8,210.7,298.3,520.4,783.6,296.4,273.0,947.4,292.2,294.0,467.5,380.4,806.1,413.3,440.6,186.1,402.4,607.6,90.8,550.0,654.8,153.8,200.9,201.7,319.6,147.5,217.7,475.6,361.8,357.7,476.9,353.1,492.0,610.8,661.2,263.1,169.3,486.7,528.7,578.0,670.9,497.0,442.4,387.0,825.0,616.6,636.5,263.0,257.9,223.9,519.2,807.9,877.7,238.4,1012.2,238.0,158.7,993.6
9,1008.4,757.5,422.6,164.7,354.3,252.2,226.6,661.1,719.4,0.0,971.4,676.2,588.9,814.5,300.2,553.8,802.0,461.2,926.7,325.6,749.4,211.7,375.2,676.0,722.4,614.3,880.2,352.1,422.6,923.3,143.3,465.1,251.2,789.3,87.9,695.0,640.1,302.5,213.4,626.2,158.8,306.7,602.5,330.5,149.0,643.8,491.1,349.7,188.5,777.2,840.0,272.7,765.0,682.4,680.1,683.8,569.0,486.0,203.0,732.1,436.3,696.3,658.0,839.4,612.6,498.8,464.3,366.5,864.2,664.9,157.6,259.8,141.7,807.5,388.1,525.6,620.3,819.5,700.0,681.4,763.6,535.2,943.4,800.0,143.3,321.9,300.6,693.5,759.7,790.6,864.0,304.6,366.4,759.0,906.4,106.9,213.2,670.4,445.4,599.2,570.1,290.4,217.1,13.6,473.4,774.6,500.9,803.1,746.6,367.3,553.7,578.4,836.7,541.9,330.6,461.0,711.7,543.9,670.4,718.4,636.0,434.7,447.0,697.4,674.3,625.7,977.4,1030.7,455.8,712.6,158.9,608.5,456.8,521.6,709.2,488.9,404.5,568.9,930.3,988.6,493.1,897.3,507.7,761.1,438.9,870.0,702.4,432.9,199.0,438.0,542.0,566.4,802.9,744.3,539.6,396.1,643.7,903.3,677.1,332.6,533.3,1080.8,759.7,765.0,501.9,204.1,858.2,672.5,673.3,559.7,676.0,568.9,388.0,364.8,368.9,547.2,718.4,533.9,407.5,157.6,644.9,585.4,338.6,331.3,476.7,139.7,366.6,277.0,627.1,479.4,186.4,166.9,715.1,710.0,800.0,827.1,905.1,290.7,690.5,666.6,690.1,704.0,648.0
10,570.1,387.5,600.1,896.7,926.7,784.2,913.1,548.1,293.0,971.4,0.0,676.3,1183.1,228.3,757.0,1148.0,826.5,524.6,951.2,874.6,270.8,928.0,712.9,533.2,478.8,388.3,185.4,946.3,600.1,465.4,994.3,721.6,783.2,310.7,886.5,719.5,357.3,851.5,897.5,371.2,896.0,870.0,425.5,760.7,916.6,355.4,1085.3,1070.9,941.1,611.5,361.4,804.7,290.2,1276.6,672.4,668.7,1253.8,1080.2,768.4,306.9,1051.3,449.9,411.6,132.0,1206.8,472.6,720.8,721.6,1007.8,544.3,925.2,791.8,992.7,472.2,700.0,708.2,382.3,340.9,369.6,316.0,647.1,717.8,68.6,321.4,994.3,1130.3,863.9,1287.7,650.0,815.1,888.5,669.8,721.7,280.4,965.6,957.9,974.5,357.6,628.0,416.8,476.1,822.4,893.8,957.8,729.9,799.1,1095.1,236.5,265.8,895.3,736.3,1172.6,861.2,1136.1,1139.0,1055.2,381.3,427.5,573.6,474.8,716.5,587.7,1041.2,367.0,427.9,1219.9,447.1,291.3,566.6,342.6,842.5,1202.7,1051.0,457.1,719.9,485.8,1063.7,640.3,547.0,510.0,1087.3,418.7,489.7,286.3,1037.1,986.5,332.4,566.8,772.4,1032.2,497.2,472.4,1069.1,413.9,494.8,692.0,565.5,927.8,535.0,707.0,445.4,206.0,650.0,290.2,774.5,906.8,139.2,400.3,401.1,507.4,295.4,433.7,700.1,630.3,626.2,662.0,474.8,716.5,835.3,925.2,462.5,393.8,711.2,795.1,802.5,937.3,721.5,694.4,573.2,1073.6,883.0,888.5,384.7,379.6,321.4,561.6,929.6,1129.7,360.1,1255.3,359.7,280.4,1208.5
11,1117.2,449.4,386.3,694.3,508.9,489.0,604.5,917.6,554.6,676.2,676.3,0.0,646.9,586.1,410.8,730.2,150.2,449.4,274.9,855.2,454.3,615.1,366.7,902.7,227.5,692.3,585.1,528.5,386.3,271.5,756.3,884.4,488.0,481.3,648.5,43.2,712.5,832.1,588.9,726.4,688.4,574.8,320.2,414.5,678.6,619.1,667.5,653.1,645.2,125.4,430.6,509.5,645.4,636.5,3.9,7.6,743.7,662.4,473.2,662.1,633.5,268.2,306.3,544.3,789.0,443.3,883.6,375.4,331.5,913.8,687.2,496.6,754.7,973.8,353.8,288.8,698.3,451.1,348.3,671.2,111.8,272.8,648.3,470.6,756.3,712.5,568.7,640.2,107.9,138.8,212.2,507.3,375.5,463.9,289.3,719.9,600.8,318.7,274.0,772.0,753.7,527.2,585.2,662.6,892.7,122.8,677.3,594.3,581.8,477.5,122.5,754.8,184.9,713.0,721.2,637.4,360.0,411.0,1017.5,223.5,40.2,285.4,623.4,345.7,322.6,735.4,325.6,445.6,306.5,404.5,671.5,760.6,633.2,476.9,57.4,407.3,645.9,988.2,278.5,358.0,669.5,429.3,691.3,641.5,619.3,310.2,394.3,591.1,477.2,614.4,725.6,750.0,392.8,392.6,723.2,345.8,935.0,251.5,267.3,862.2,488.6,530.9,107.9,645.4,356.7,598.2,604.6,647.8,648.6,285.3,430.3,646.9,353.9,589.2,593.3,966.5,223.5,142.3,417.5,687.2,817.7,457.9,365.0,860.9,384.7,752.7,375.3,442.4,320.3,655.8,716.0,593.3,363.4,358.3,504.9,175.3,253.3,759.5,338.8,579.0,338.4,395.9,532.2
12,1454.8,969.2,637.7,611.1,321.4,420.9,395.2,1029.4,934.5,588.9,1183.1,646.9,0.0,1044.6,515.3,206.7,496.7,676.3,539.7,772.0,961.1,405.8,590.3,1014.5,874.4,898.9,1091.9,236.8,637.7,888.4,673.1,911.5,403.3,1001.0,565.3,603.7,924.7,748.9,379.6,910.8,605.2,382.3,810.2,545.6,595.4,917.7,97.8,346.6,435.9,742.3,1047.5,381.8,1025.3,151.5,650.8,654.5,163.5,102.9,451.5,1007.8,295.4,865.0,865.7,1051.1,207.9,713.9,910.7,581.6,330.9,1025.6,604.0,428.5,671.5,1092.1,603.2,512.3,904.9,1031.2,907.7,966.0,728.7,521.9,1155.1,1011.7,673.1,406.0,376.2,162.6,724.8,525.5,434.7,558.7,581.5,970.7,373.1,636.7,391.5,878.1,598.3,883.8,854.7,417.1,375.9,575.3,919.8,539.6,224.8,1033.2,961.7,334.4,642.8,231.3,462.0,67.0,414.7,127.9,919.4,759.0,1116.8,870.4,662.7,609.7,248.9,905.1,882.0,145.6,942.5,1062.5,630.8,924.3,588.3,170.8,252.3,736.7,674.3,704.0,339.4,1015.3,895.4,974.9,214.4,1046.2,792.3,1021.4,238.4,336.7,914.1,706.8,455.5,246.8,826.6,851.0,269.6,952.0,824.2,611.2,1046.8,462.7,837.5,779.0,748.4,1147.8,724.8,1025.3,469.0,388.9,1087.0,946.4,947.2,720.1,887.7,853.5,603.1,649.3,653.4,993.6,870.4,623.0,374.6,604.0,929.5,800.5,553.7,777.7,443.8,669.5,581.7,492.1,787.5,274.9,632.8,426.1,922.8,917.7,1011.7,792.2,409.1,453.0,898.2,133.3,897.8,915.7,114.7
13,601.7,297.3,485.5,713.8,810.0,642.3,771.2,379.5,110.1,814.5,228.3,586.1,1044.6,0.0,618.9,1009.5,736.3,382.7,861.0,691.7,202.2,786.1,598.3,364.6,388.6,205.4,211.3,807.8,485.5,501.0,834.4,538.7,641.3,242.1,726.6,629.3,174.4,668.6,755.6,188.3,713.1,728.1,335.3,646.1,736.1,172.5,946.8,932.4,799.2,598.0,292.8,662.8,107.3,1138.1,582.2,578.5,1115.3,941.7,626.5,124.0,912.8,359.7,321.4,157.9,1068.3,341.5,537.9,607.0,917.6,375.7,744.7,649.9,832.8,442.2,585.4,593.6,199.4,272.3,279.4,133.1,633.6,603.2,200.3,252.8,834.4,991.8,722.0,1149.2,636.5,724.9,798.3,527.9,607.1,211.8,875.4,798.0,832.6,267.4,513.4,233.9,293.2,680.5,751.9,815.9,547.0,708.9,956.6,53.6,82.9,780.7,621.7,1034.1,771.0,997.6,1000.5,916.7,291.1,312.9,479.4,384.6,626.3,473.1,902.7,276.8,337.7,1081.4,482.7,423.0,452.0,252.4,682.6,1064.2,912.5,307.9,643.5,371.2,925.2,471.7,478.4,441.4,948.8,350.1,306.8,103.4,898.6,896.3,242.2,389.1,630.5,893.7,314.3,289.5,978.9,323.7,311.9,577.4,396.9,837.6,444.8,524.1,296.2,337.7,636.5,107.3,659.9,764.9,89.1,217.4,218.2,417.2,205.2,250.8,585.5,452.6,448.5,493.4,384.6,601.9,720.7,744.7,279.6,279.2,596.6,612.2,687.9,754.4,606.9,552.5,483.0,935.1,700.1,746.6,294.5,289.4,252.8,548.1,839.4,987.8,269.9,1122.3,269.5,190.2,1103.7
14,1097.8,543.1,157.7,318.3,280.7,113.0,241.9,659.9,508.8,300.2,757.0,410.8,515.3,618.9,0.0,480.2,536.6,250.6,661.3,479.2,535.0,256.8,78.1,645.0,457.0,529.4,665.8,278.5,157.7,657.9,380.3,582.0,112.0,574.9,272.5,429.6,555.2,456.1,226.3,541.3,312.4,198.8,384.4,30.3,302.6,495.7,417.5,403.1,269.9,511.8,625.6,133.5,599.6,608.8,414.7,418.4,586.0,412.4,97.2,585.8,383.5,439.2,439.9,625.0,539.0,288.2,581.2,69.4,717.9,656.1,311.2,120.6,378.7,722.6,91.0,260.2,535.4,605.1,481.9,563.7,498.2,269.8,729.0,585.6,380.3,462.5,192.7,619.9,494.3,525.2,598.6,133.0,69.3,544.6,675.7,343.9,303.3,452.3,180.0,514.3,485.2,151.2,222.6,286.6,590.3,509.2,427.3,607.5,536.0,293.7,288.3,504.8,571.3,468.3,471.2,387.4,493.6,329.5,759.8,453.0,370.6,169.3,373.4,479.3,456.2,552.1,712.0,816.3,190.4,498.2,295.5,534.9,383.2,311.0,443.8,278.3,395.9,685.8,664.9,744.4,419.5,682.9,422.8,595.7,369.3,696.6,488.0,336.3,101.2,364.4,457.1,481.5,729.3,526.2,454.7,99.0,677.3,637.9,411.7,486.2,322.7,866.4,494.3,599.6,326.5,235.6,660.9,524.4,525.2,294.3,461.6,484.0,90.9,278.8,282.9,664.1,453.0,268.5,333.9,311.2,560.0,374.8,73.2,484.9,354.5,376.7,69.5,66.4,361.7,405.8,340.0,217.3,497.0,491.9,585.6,561.7,639.7,458.5,472.4,593.0,472.0,489.6,574.4
15,1419.7,934.1,602.6,576.0,286.3,385.8,360.1,994.3,899.4,553.8,1148.0,730.2,206.7,1009.5,480.2,0.0,646.3,641.2,689.3,736.9,926.0,370.7,555.2,979.4,847.7,863.8,1056.8,201.7,602.6,977.3,638.0,876.4,368.2,965.9,530.2,749.0,889.6,713.8,344.5,875.7,570.1,347.2,775.1,510.5,560.3,882.6,192.4,317.9,400.8,831.2,1016.6,346.7,990.2,224.0,734.1,737.8,346.1,187.3,416.4,972.7,266.7,829.9,830.6,1016.0,93.6,678.8,875.6,546.5,480.5,990.5,568.9,393.4,636.4,1057.0,568.1,477.2,869.8,996.1,872.6,930.9,817.6,486.8,1120.0,976.6,638.0,377.3,341.1,235.1,813.7,675.1,584.3,523.6,546.4,935.6,522.7,601.6,356.4,843.0,563.2,848.7,819.6,382.0,340.8,540.2,884.7,689.2,52.9,998.1,926.6,299.3,607.7,24.6,611.6,144.9,386.0,162.3,884.3,723.9,1081.7,843.7,690.0,574.6,106.8,870.0,846.9,109.3,1031.4,1151.4,595.7,889.2,553.2,89.5,223.6,701.6,763.2,668.9,310.7,980.2,984.3,1063.8,75.8,1073.9,757.2,986.3,209.7,486.3,879.0,671.7,420.4,146.3,791.5,815.9,419.2,916.9,789.1,576.1,1011.7,612.3,802.4,743.9,713.3,1236.7,813.7,990.2,433.9,353.8,1051.9,911.3,912.1,685.0,852.6,818.4,568.0,614.2,618.3,958.5,843.7,587.9,339.5,568.9,894.4,765.4,518.6,742.6,408.7,634.4,546.6,457.0,752.4,246.2,597.7,391.0,887.7,882.6,976.6,881.1,558.7,424.3,863.1,225.2,862.7,880.6,264.3
16,1246.0,599.6,512.1,820.1,634.7,614.8,730.3,1067.8,704.8,802.0,826.5,150.2,496.7,736.3,536.6,646.3,0.0,599.6,234.9,981.0,604.5,740.9,492.5,1052.9,377.7,842.5,735.3,654.3,512.1,391.7,882.1,1034.6,613.8,601.5,774.3,107.0,862.7,957.9,714.7,876.6,814.2,700.6,470.4,540.3,804.4,769.3,538.9,778.9,771.0,245.6,550.8,635.3,795.6,486.3,154.1,157.8,593.5,544.0,599.0,812.3,736.5,418.4,456.5,694.5,647.5,593.5,1033.8,501.2,291.5,1064.0,813.0,622.4,880.5,1124.0,479.6,414.6,848.5,571.3,498.5,821.4,232.0,398.6,788.5,590.8,882.1,838.3,694.5,490.0,228.1,126.3,62.0,633.1,501.3,614.1,249.3,845.7,726.6,468.9,399.8,922.2,903.9,653.0,711.0,788.4,1042.9,82.8,664.4,744.5,732.0,603.3,248.3,670.9,34.7,562.8,847.0,569.0,510.2,561.2,1167.7,373.7,166.0,411.2,690.0,495.9,472.8,585.2,445.8,565.8,432.3,554.7,797.3,610.4,693.4,627.1,177.6,557.5,771.7,1138.4,398.7,478.2,655.5,549.5,841.5,791.7,679.5,160.0,544.5,741.3,603.0,687.9,875.8,900.2,323.7,542.8,873.4,471.6,1085.2,211.5,417.5,988.0,638.8,651.1,228.1,795.6,482.5,724.0,754.8,798.0,798.8,435.5,580.5,797.1,479.7,739.4,743.5,1116.7,373.7,268.1,543.3,813.0,967.9,608.1,490.8,986.7,510.5,878.5,501.1,568.2,470.5,716.0,841.8,719.1,513.6,508.5,634.6,295.5,213.3,885.3,489.0,428.8,488.6,546.1,382.0
17,939.0,310.7,211.0,422.1,441.7,274.0,402.9,532.0,272.6,461.2,524.6,449.4,676.3,382.7,250.6,641.2,599.6,0.0,724.3,583.0,302.6,417.8,311.9,517.1,278.4,325.8,433.4,439.5,211.0,601.4,484.1,471.8,273.0,342.5,376.3,492.6,356.8,559.9,387.3,367.7,416.2,359.8,155.7,280.9,406.4,252.6,578.5,564.1,430.9,574.8,393.2,294.5,363.4,769.8,445.5,441.8,747.0,573.4,258.2,342.7,544.5,249.5,211.2,392.6,700.0,52.0,471.0,303.2,780.9,528.2,415.0,281.6,482.5,594.7,310.9,332.4,331.8,372.7,253.2,320.6,561.2,342.0,496.6,353.2,484.1,623.5,353.7,780.9,557.3,588.2,661.6,159.6,303.1,312.2,738.7,447.7,464.3,223.6,252.2,386.4,357.3,312.2,383.6,447.6,480.1,572.2,588.3,371.3,299.8,454.7,360.5,665.8,634.3,629.3,632.2,548.4,264.9,97.1,631.9,274.4,442.8,198.6,534.4,250.6,227.5,713.1,583.1,583.9,177.5,265.8,332.3,695.9,544.2,74.8,506.8,42.1,556.9,575.6,578.8,541.8,580.5,450.5,294.9,359.5,530.3,759.6,255.6,141.7,262.2,525.4,329.2,353.6,842.2,297.5,326.8,302.9,549.4,700.9,286.0,457.2,86.5,634.0,557.3,363.4,398.7,396.6,426.4,281.3,282.1,168.6,229.2,280.4,311.0,139.8,143.9,553.9,274.4,340.7,459.5,415.0,432.1,138.6,275.3,545.3,426.7,480.5,303.3,184.2,236.0,566.8,443.8,378.3,268.3,263.2,353.2,624.7,702.7,619.5,243.7,754.0,243.3,257.2,735.4
18,1370.7,724.3,636.8,944.8,759.4,739.5,855.0,1192.5,829.5,926.7,951.2,274.9,539.7,861.0,661.3,689.3,234.9,724.3,0.0,1105.7,729.2,865.6,617.2,1177.6,502.4,967.2,860.0,720.9,636.8,516.4,1006.8,1159.3,738.5,726.2,899.0,231.7,987.4,1082.6,839.4,1001.3,938.9,825.3,595.1,665.0,929.1,894.0,581.9,830.7,895.7,370.3,675.5,760.0,920.3,529.3,278.8,282.5,636.5,587.0,723.7,937.0,779.5,543.1,581.2,819.2,690.5,718.2,1158.5,625.9,208.8,1188.7,937.7,747.1,1005.2,1248.7,604.3,539.3,973.2,696.0,623.2,946.1,356.7,523.3,913.2,715.5,1006.8,890.1,819.2,533.0,352.8,138.0,296.9,757.8,626.0,738.8,166.6,970.4,851.3,593.6,524.5,1046.9,1028.6,777.7,835.7,913.1,1167.6,152.1,707.4,869.2,856.7,728.0,373.0,713.9,269.6,605.8,898.8,612.0,634.9,685.9,1292.4,498.4,290.7,535.9,733.0,620.6,597.5,628.2,570.5,690.5,557.0,679.4,922.0,653.4,736.4,751.8,302.3,682.2,823.5,1263.1,523.4,602.9,698.5,674.2,966.2,916.4,722.5,394.9,669.2,866.0,727.7,730.9,1000.5,1024.9,270.1,667.5,998.1,596.3,1209.9,128.8,542.2,1112.7,763.5,775.8,352.8,920.3,607.2,848.7,879.5,922.7,923.5,560.2,705.2,921.8,604.4,864.1,868.2,1241.4,498.4,392.8,668.0,937.7,1092.6,732.8,615.5,1111.4,635.2,1003.2,625.8,692.9,595.2,759.0,966.5,843.8,638.3,633.2,759.3,420.2,130.6,937.1,613.7,471.8,613.3,670.8,425.0
19,843.4,748.6,544.4,182.7,537.4,431.2,412.0,496.1,608.2,325.6,874.6,855.2,772.0,691.7,479.2,736.9,981.0,583.0,1105.7,0.0,656.1,426.9,554.2,511.0,839.9,491.5,786.9,535.2,544.4,954.9,321.7,300.1,430.2,696.0,237.7,874.0,517.3,57.1,392.4,503.4,182.0,485.7,724.3,509.5,205.0,521.5,674.2,646.1,398.5,956.2,746.7,451.7,642.2,865.5,859.1,862.8,842.7,669.1,382.0,609.3,640.2,811.0,772.7,746.1,795.7,620.6,299.3,545.5,1047.3,499.9,213.6,438.8,320.1,660.0,567.1,704.6,497.5,726.2,730.7,558.6,942.6,714.2,846.6,706.7,321.7,618.3,479.6,876.6,938.7,969.6,1043.0,423.4,545.4,665.7,1089.5,285.3,473.4,718.7,624.4,476.4,447.3,469.4,396.1,339.2,308.4,953.6,684.0,680.3,635.4,550.4,732.7,761.5,1015.7,725.0,627.0,644.1,742.4,665.7,505.4,835.9,815.0,613.7,630.1,728.1,789.0,808.8,936.6,937.4,626.9,703.7,277.7,791.6,639.9,599.9,888.2,610.7,652.6,403.9,932.3,895.3,676.2,804.0,384.9,638.3,626.0,1053.1,693.5,486.4,378.0,621.1,419.2,443.6,986.0,775.0,416.8,575.1,478.7,1082.3,799.2,167.6,588.2,984.0,938.7,642.2,685.0,383.1,735.4,550.2,551.0,681.8,630.3,446.1,567.0,483.6,481.8,382.2,835.9,712.9,590.6,213.6,522.1,589.9,517.6,166.3,659.8,223.3,545.6,456.0,749.2,662.5,169.0,345.9,745.8,740.7,706.7,1002.0,1084.1,587.1,721.2,849.7,720.8,641.5,831.1
20,733.3,165.5,378.1,678.2,704.7,562.2,691.1,536.3,173.3,749.4,270.8,454.3,961.1,202.2,535.0,926.0,604.5,302.6,729.2,656.1,0.0,706.0,490.9,521.4,256.8,311.0,179.6,724.3,378.1,298.8,772.3,503.1,561.2,39.9,664.5,497.5,331.2,633.0,675.5,345.1,677.5,648.0,203.5,538.7,694.6,237.8,863.3,848.9,719.1,395.8,90.6,582.7,264.1,1054.6,450.4,446.7,1031.8,858.2,546.4,280.8,829.3,227.9,189.6,138.8,984.8,250.6,502.3,499.6,785.8,532.5,703.2,569.8,770.7,589.9,478.0,486.2,317.0,70.1,147.6,289.9,431.4,495.8,242.8,50.6,772.3,908.3,641.9,1065.7,434.3,593.1,666.5,447.8,499.7,9.6,743.6,735.9,752.5,135.6,406.0,390.7,372.4,600.4,671.8,735.8,511.4,577.1,873.1,210.4,200.5,673.3,514.3,950.6,639.2,914.1,917.0,833.2,159.3,205.5,636.2,252.8,494.5,365.7,819.2,145.0,205.9,997.9,280.5,281.3,344.6,120.6,620.5,980.7,829.0,235.1,504.2,263.8,841.7,606.9,276.2,239.2,865.3,147.9,310.0,260.2,815.1,764.5,110.4,344.8,550.4,810.2,344.3,368.7,847.1,191.9,341.9,470.0,553.7,705.8,313.0,488.5,223.4,366.6,434.3,264.1,552.5,684.8,207.6,266.5,267.3,285.4,73.4,265.6,478.1,408.3,404.2,585.2,252.8,494.5,613.3,703.2,436.4,171.8,489.2,576.6,580.5,718.8,499.5,472.4,351.2,851.6,664.5,666.5,162.7,157.6,50.6,345.9,707.6,907.7,138.1,1033.3,137.7,58.4,986.5
21,1109.7,714.1,379.2,266.0,171.2,162.4,14.9,762.4,676.0,211.7,928.0,615.1,405.8,786.1,256.8,370.7,740.9,417.8,865.6,426.9,706.0,0.0,331.8,756.0,679.0,640.4,836.8,169.0,379.2,862.2,328.0,566.4,144.8,745.9,220.2,633.9,666.2,403.8,34.5,652.3,260.1,123.8,559.1,287.1,250.3,659.2,308.0,293.6,90.8,716.1,796.6,123.3,766.8,499.3,619.0,622.7,476.5,302.9,193.0,749.3,274.0,652.9,614.6,796.0,429.5,455.4,565.6,323.1,681.1,766.2,258.9,170.0,326.4,833.6,344.7,362.1,646.4,776.1,656.6,707.5,702.5,371.7,900.0,756.6,328.0,299.6,117.7,510.4,698.6,729.5,784.9,300.2,323.0,715.6,723.3,291.6,46.5,627.0,402.0,625.3,596.2,158.6,34.2,198.1,574.7,713.5,317.8,774.7,703.2,184.2,492.6,395.3,775.6,358.8,308.3,277.9,668.3,500.5,771.7,675.0,574.9,391.3,263.9,654.0,630.9,442.6,916.3,987.3,412.4,669.2,243.2,425.4,273.7,478.2,648.1,445.5,286.4,670.2,869.2,945.2,310.0,853.9,533.8,762.9,259.8,686.9,659.0,448.3,197.0,254.9,568.1,592.5,619.8,700.9,565.7,352.7,745.0,812.9,633.7,433.9,489.9,1037.4,698.6,766.8,318.8,43.8,829.8,687.9,688.7,516.3,632.6,595.0,344.6,390.8,394.9,648.5,675.0,472.8,224.4,258.9,671.0,542.0,295.2,432.6,293.6,324.4,323.2,233.6,583.7,296.3,287.7,81.0,671.7,666.6,756.6,766.0,759.3,268.4,647.1,483.5,646.7,660.6,464.9
22,1129.4,499.0,132.4,393.3,355.7,188.0,316.9,733.2,488.4,375.2,712.9,366.7,590.3,598.3,78.1,555.2,492.5,311.9,617.2,554.2,490.9,331.8,0.0,718.3,412.9,602.7,621.7,353.5,132.4,613.8,455.3,655.3,187.0,530.8,347.5,385.5,628.5,531.1,301.3,614.6,387.4,273.8,340.3,47.8,377.6,536.0,492.5,478.1,344.9,467.7,581.5,208.5,579.2,683.8,370.6,374.3,661.0,487.4,172.2,595.9,458.5,395.1,395.8,580.9,614.0,317.7,654.5,8.7,673.8,729.4,386.2,195.6,453.7,795.9,12.9,216.1,608.7,561.0,437.8,604.0,454.1,225.7,684.9,541.5,455.3,537.5,267.7,694.9,450.2,481.1,554.5,206.3,8.8,500.5,631.6,418.9,378.3,408.2,135.9,587.6,558.5,226.2,297.6,361.6,663.6,465.1,502.3,587.1,515.6,368.7,244.2,579.8,527.2,543.3,546.2,462.4,449.5,285.4,833.1,408.9,326.5,125.2,448.4,435.2,412.1,627.1,667.9,772.2,146.3,454.1,370.5,609.9,458.2,351.3,399.7,281.7,470.9,759.1,620.8,700.3,494.5,638.8,496.1,575.3,444.3,652.5,443.9,409.6,176.2,439.4,530.4,554.8,735.1,482.1,528.0,20.9,750.6,593.8,367.6,561.2,363.0,822.3,450.2,579.2,282.4,310.6,616.8,564.7,565.5,250.2,417.5,557.3,12.8,352.1,356.2,737.4,408.9,224.4,343.2,386.2,633.3,362.3,36.6,559.9,310.4,451.7,8.6,141.4,317.6,480.8,415.0,292.3,452.9,447.8,541.5,517.6,595.6,533.5,428.3,668.0,427.9,445.5,649.4
23,452.8,613.9,633.0,533.1,779.9,612.2,741.1,14.9,348.1,676.0,533.2,902.7,1014.5,364.6,645.0,979.4,1052.9,517.1,1177.6,511.0,521.4,756.0,718.3,0.0,705.2,218.2,530.5,777.7,633.0,817.4,672.1,248.5,611.2,561.3,588.1,945.9,190.2,487.9,723.6,176.3,532.4,698.0,623.7,675.3,555.4,299.5,916.7,902.3,729.7,917.2,612.0,632.7,315.1,1108.0,898.8,895.1,1085.2,911.6,563.0,282.2,882.7,676.3,638.0,477.1,1038.2,509.7,247.7,709.6,1234.2,11.1,564.0,619.8,670.5,149.0,731.2,831.8,212.2,591.5,596.0,231.5,952.8,841.4,464.6,572.0,672.1,949.5,691.9,1119.1,955.7,1041.5,1114.9,512.0,709.5,531.0,1192.0,635.7,802.5,584.0,751.6,130.7,208.6,650.4,721.8,689.6,202.6,1025.5,926.5,353.2,320.9,792.9,859.9,1004.0,1087.6,967.5,958.2,886.6,607.7,542.9,114.8,701.2,942.2,702.2,872.6,593.4,654.3,1051.3,799.1,643.3,681.1,569.0,598.0,1034.1,882.4,476.1,960.1,554.0,895.1,107.1,797.6,760.6,918.7,669.3,222.2,311.2,868.5,1212.9,558.8,375.4,561.0,863.6,229.7,204.9,1228.5,640.3,227.3,739.2,32.3,1154.2,761.4,343.4,464.4,558.0,955.7,315.1,898.1,714.3,408.3,344.4,345.2,667.7,495.6,263.6,731.1,391.7,387.6,128.8,701.2,840.1,833.1,564.0,85.0,466.0,681.7,431.5,902.3,573.7,709.7,578.6,735.1,905.0,519.4,677.1,611.1,606.0,572.0,867.3,1156.0,918.3,586.5,1092.2,586.1,506.8,1073.6
24,919.7,251.9,300.1,683.6,626.4,535.2,664.1,720.1,357.1,722.4,478.8,227.5,874.4,388.6,457.0,847.7,377.7,278.4,502.4,839.9,256.8,679.0,412.9,705.2,0.0,494.8,387.6,646.0,300.1,499.0,745.6,686.9,534.2,296.7,637.8,270.7,515.0,816.8,648.5,528.9,677.7,621.0,122.7,460.7,667.9,421.6,785.0,770.6,692.1,352.9,347.4,555.7,447.9,864.0,223.6,219.9,953.5,779.9,519.4,464.6,751.0,70.7,108.8,346.8,906.5,272.3,686.1,421.6,559.0,716.3,676.5,542.8,744.0,776.3,400.0,407.9,500.8,326.9,150.8,473.7,339.3,417.5,450.8,307.4,745.6,830.0,614.9,867.7,335.4,366.3,439.7,421.1,421.7,266.4,516.8,709.2,718.3,121.2,327.7,574.5,556.2,573.4,644.8,708.8,695.2,350.3,794.8,396.8,384.3,595.0,350.0,872.3,412.4,835.8,838.7,754.9,162.5,240.0,820.0,4.0,267.7,287.7,740.9,148.2,125.1,919.6,537.3,538.1,266.6,207.0,593.8,902.4,750.7,305.9,284.9,236.3,763.4,790.7,506.0,496.0,787.0,404.7,493.8,444.0,736.8,537.7,196.8,420.1,523.4,731.9,528.1,552.5,620.3,195.1,525.7,392.0,737.5,479.0,144.7,672.3,317.6,588.2,335.4,447.9,474.2,657.8,407.1,450.3,451.1,162.7,232.8,449.4,400.1,418.2,422.3,769.0,4.0,369.8,535.0,676.5,620.2,271.2,411.2,760.4,502.2,742.0,421.5,445.7,197.7,773.3,705.3,639.5,165.9,160.8,307.4,402.8,480.8,877.0,141.3,806.5,140.9,198.4,759.7
25,671.0,403.5,496.4,513.6,664.3,496.6,625.5,233.1,188.9,614.3,388.3,692.3,898.9,205.4,529.4,863.8,842.5,325.8,967.2,491.5,311.0,640.4,602.7,218.2,494.8,0.0,371.3,662.1,496.4,609.8,634.2,338.5,495.6,350.9,526.4,735.5,31.0,468.4,608.0,41.9,512.9,582.4,410.9,559.7,535.9,140.3,801.1,786.7,614.1,706.8,401.6,517.1,155.9,992.4,688.4,684.7,969.6,796.0,447.4,123.0,767.1,465.9,427.6,317.9,922.6,291.5,337.7,594.0,1023.8,229.3,544.5,504.2,632.6,295.8,596.3,617.8,6.0,381.1,385.6,72.3,742.4,627.4,360.3,361.6,634.2,833.9,576.3,1003.5,745.3,831.1,904.5,396.4,593.9,320.6,981.6,597.8,686.9,373.6,537.6,87.5,146.8,534.8,606.2,627.9,346.8,815.1,810.9,194.0,161.7,677.3,645.9,888.4,877.2,851.9,842.6,771.0,397.3,324.7,333.0,490.8,728.2,484.0,757.0,383.0,443.9,935.7,591.5,583.0,462.9,358.6,482.4,918.5,766.8,257.9,749.7,335.8,779.5,325.3,587.2,550.2,803.1,458.9,145.4,152.0,752.9,1002.5,348.4,259.8,445.4,748.0,167.9,143.1,1085.1,429.9,165.5,588.3,250.5,943.8,550.0,323.9,246.2,497.7,745.3,155.9,684.1,598.7,249.1,185.2,186.0,454.0,285.2,45.4,596.4,276.1,272.0,347.0,490.8,626.1,717.5,544.5,133.2,247.8,566.1,412.0,712.1,554.2,594.1,463.0,521.4,789.4,499.9,561.5,400.7,395.6,361.6,656.9,945.6,802.7,376.1,976.6,375.7,296.4,958.0
26,658.9,296.3,508.9,809.0,835.5,693.0,821.9,545.4,276.0,880.2,185.4,585.1,1091.9,211.3,665.8,1056.8,735.3,433.4,860.0,786.9,179.6,836.8,621.7,530.5,387.6,371.3,0.0,855.1,508.9,478.4,903.1,633.9,692.0,219.5,795.3,628.3,340.3,763.8,806.3,354.2,808.3,778.8,334.3,669.5,825.4,338.4,994.1,979.7,849.9,575.4,270.2,713.5,273.2,1185.4,581.2,577.5,1162.6,989.0,677.2,289.9,960.1,358.7,320.4,53.4,1115.6,381.4,633.1,630.4,916.6,541.6,834.0,700.6,901.5,561.0,608.8,617.0,365.3,249.7,278.4,299.0,611.0,626.6,157.4,230.2,903.1,1039.1,772.7,1196.5,613.9,723.9,797.3,578.6,630.5,189.2,874.4,866.7,883.3,266.4,536.8,399.8,459.1,731.2,802.6,866.6,642.2,707.9,1003.9,219.5,248.8,804.1,645.1,1081.4,770.0,1044.9,1047.8,964.0,290.1,336.3,645.3,383.6,625.3,496.5,950.0,275.8,336.7,1128.7,460.1,380.1,475.4,251.4,751.3,1111.5,959.8,365.9,642.5,394.6,972.5,637.6,455.8,418.8,996.1,327.5,440.8,269.3,945.9,895.3,241.2,475.6,681.2,941.0,475.1,455.4,977.9,322.7,472.7,600.8,562.8,836.6,443.8,619.3,354.2,294.8,613.9,273.2,683.3,815.6,122.2,383.3,384.1,416.2,204.2,396.4,608.9,539.1,535.0,659.3,383.6,625.3,744.1,834.0,445.5,302.6,620.0,707.4,711.3,849.6,630.3,603.2,482.0,982.4,795.3,797.3,293.5,288.4,230.2,525.5,838.4,1038.5,268.9,1164.1,268.5,189.2,1117.3
27,1218.0,732.4,400.9,374.3,84.6,184.1,158.4,792.6,697.7,352.1,946.3,528.5,236.8,807.8,278.5,201.7,654.3,439.5,720.9,535.2,724.3,169.0,353.5,777.7,646.0,662.1,855.1,0.0,400.9,775.6,436.3,674.7,166.5,764.2,328.5,547.3,687.9,512.1,142.8,674.0,368.4,145.5,573.4,308.8,358.6,680.9,139.0,140.0,199.1,629.5,814.9,145.0,788.5,330.3,532.4,536.1,307.5,133.9,214.7,771.0,120.4,628.2,628.9,814.3,260.5,477.1,673.9,344.8,512.1,788.8,367.2,191.7,434.7,855.3,366.4,275.5,668.1,794.4,670.9,729.2,615.9,285.1,918.3,774.9,436.3,199.4,139.4,341.4,612.0,642.9,615.9,321.9,344.7,733.9,554.3,399.9,154.7,641.3,361.5,647.0,617.9,180.3,139.1,338.5,683.0,626.9,148.8,796.4,724.9,97.6,406.0,226.3,643.2,189.8,208.1,108.9,682.6,522.2,880.0,642.0,488.3,372.9,94.9,668.3,645.2,273.6,829.7,949.7,394.0,687.5,351.5,256.4,104.7,499.9,561.5,467.2,132.8,778.5,782.6,862.1,141.0,872.2,555.5,784.6,90.8,517.9,677.3,470.0,218.7,85.9,589.8,614.2,450.8,715.2,587.4,374.4,810.0,643.9,600.7,542.2,511.6,1035.0,612.0,788.5,232.2,152.1,850.2,709.6,710.4,483.3,650.9,616.7,366.3,412.5,416.6,756.8,642.0,386.2,137.8,367.2,692.7,563.7,316.9,540.9,207.0,432.7,344.9,255.3,550.7,127.3,396.0,189.3,686.0,680.9,774.9,679.4,590.3,246.4,661.4,314.5,661.0,678.9,295.9
28,1016.6,386.2,0.0,383.5,403.1,235.4,364.3,647.9,375.6,422.6,600.1,386.3,637.7,485.5,157.7,602.6,512.1,211.0,636.8,544.4,378.1,379.2,132.4,633.0,300.1,496.4,508.9,400.9,0.0,633.4,445.5,570.0,234.4,418.0,337.7,405.1,527.4,521.3,348.7,529.3,377.6,321.2,227.5,180.2,367.8,423.2,539.9,525.5,392.3,487.3,468.7,255.9,466.4,731.2,390.2,393.9,708.4,534.8,219.6,483.1,505.9,282.3,283.0,468.1,661.4,204.9,569.2,141.1,693.4,644.1,376.4,243.0,443.9,710.6,119.5,235.7,502.4,448.2,325.0,491.2,473.7,245.3,572.1,428.7,445.5,584.9,315.1,742.3,469.8,500.7,574.1,121.0,141.2,387.7,651.2,409.1,425.7,295.4,155.5,502.3,473.2,273.6,345.0,409.0,578.3,484.7,549.7,474.3,402.8,416.1,263.8,627.2,546.8,590.7,593.6,509.8,336.7,172.6,747.8,296.1,346.1,103.6,495.8,322.4,299.3,674.5,658.6,659.4,82.5,341.3,293.7,657.3,505.6,238.5,419.3,168.9,518.3,673.8,640.4,617.3,541.9,526.0,410.8,462.5,491.7,672.1,331.1,324.3,223.6,486.8,445.1,469.5,754.7,369.3,442.7,111.5,665.3,613.4,254.8,551.4,250.2,709.5,469.8,466.4,302.0,358.0,504.0,451.9,452.7,137.4,304.7,451.0,119.6,266.8,270.9,652.1,296.1,244.0,362.8,376.4,548.0,249.5,130.7,550.1,330.0,441.9,141.0,145.6,204.8,528.2,405.2,339.7,340.1,335.0,428.7,537.2,615.2,580.9,315.5,715.4,315.1,332.7,696.8
29,854.3,464.3,633.4,941.4,756.0,736.1,851.6,832.3,472.1,923.3,465.4,271.5,888.4,501.0,657.9,977.3,391.7,601.4,516.4,954.9,298.8,862.2,613.8,817.4,499.0,609.8,478.4,775.6,633.4,0.0,1003.4,801.9,735.1,258.9,895.6,284.7,630.0,931.8,836.0,643.9,935.5,821.9,502.3,661.6,925.7,536.6,914.6,900.2,892.3,146.1,208.2,756.6,562.9,878.0,275.4,279.1,985.2,909.5,720.3,579.6,880.6,526.7,488.4,437.6,1036.1,549.4,801.1,622.5,573.0,828.5,934.3,743.7,1001.8,756.4,600.9,535.9,615.8,228.7,446.4,588.7,181.7,519.9,396.8,248.2,1003.4,959.6,815.8,881.7,184.6,380.3,453.7,746.6,622.6,289.2,530.8,967.0,847.9,434.4,521.1,689.5,671.2,774.3,832.3,909.7,810.2,364.3,924.4,509.2,499.3,724.6,369.6,1001.9,426.4,954.5,968.3,884.5,458.1,504.3,857.8,495.0,287.3,532.5,870.5,443.8,504.7,976.9,54.1,174.1,553.6,419.4,918.6,1002.1,880.3,533.9,254.5,562.6,893.0,905.7,143.2,222.7,916.6,234.9,608.8,559.0,866.4,551.7,409.2,643.6,724.3,861.5,643.1,667.5,634.3,490.7,640.7,592.9,849.7,493.0,538.8,787.3,522.2,259.4,184.6,562.9,603.8,845.3,506.4,565.3,566.1,556.8,372.2,564.4,601.0,707.1,703.0,884.0,495.0,389.4,664.6,934.3,735.2,470.6,612.1,875.4,631.8,999.8,622.4,689.5,591.8,902.9,963.1,840.4,461.5,456.4,292.0,96.2,494.8,1006.6,436.9,820.5,436.5,357.2,773.7
30,1004.5,780.4,445.5,184.6,438.5,332.3,313.1,657.2,742.3,143.3,994.3,756.3,673.1,834.4,380.3,638.0,882.1,484.1,1006.8,321.7,772.3,328.0,455.3,672.1,745.6,634.2,903.1,436.3,445.5,1003.4,0.0,461.2,331.3,812.2,107.8,775.1,660.0,298.6,293.5,646.1,178.7,386.8,625.4,410.6,168.9,663.7,575.3,482.2,299.6,857.3,862.9,352.8,784.9,766.6,760.2,763.9,701.5,570.2,283.1,752.0,541.3,719.2,680.9,862.3,696.8,521.7,460.4,446.6,948.4,661.0,177.5,339.9,1.6,821.1,468.2,605.7,640.2,842.4,722.9,701.3,843.7,615.3,966.3,822.9,0.0,454.4,380.7,777.7,839.8,870.7,944.1,324.5,446.5,781.9,990.6,36.4,355.0,693.3,525.5,619.1,590.0,370.5,297.2,156.9,469.5,854.7,585.1,823.0,769.5,451.5,633.8,662.6,916.8,626.1,463.1,545.2,734.6,566.8,666.5,741.6,716.1,514.8,531.2,720.3,697.2,709.9,1052.8,1053.6,528.0,735.5,178.8,692.7,541.0,544.5,789.3,511.8,537.0,565.0,1010.4,1011.5,577.3,920.2,527.6,781.0,527.1,954.2,725.3,452.8,279.1,522.2,561.9,586.3,887.1,767.2,559.5,476.2,639.8,983.4,700.3,328.7,556.2,1103.7,839.8,784.9,586.1,284.2,878.1,692.4,693.2,582.9,698.9,588.8,468.1,384.7,388.8,543.3,741.6,614.0,491.7,177.5,664.8,608.3,418.7,327.4,560.9,98.4,446.7,357.1,650.3,563.6,206.3,247.0,738.0,732.9,822.9,907.2,985.2,423.2,713.4,750.8,713.0,726.9,732.2
31,580.9,595.6,570.0,322.2,676.9,537.1,551.5,233.6,455.2,465.1,721.6,884.4,911.5,538.7,582.0,876.4,1034.6,471.8,1159.3,300.1,503.1,566.4,655.3,248.5,686.9,338.5,633.9,674.7,570.0,801.9,461.2,0.0,536.1,543.0,377.2,927.6,364.3,277.0,531.9,350.4,321.5,622.9,600.0,612.3,344.5,368.5,813.7,785.6,538.0,898.9,593.7,557.6,489.2,1005.0,880.5,876.8,982.2,808.6,487.9,456.3,779.7,658.0,619.7,593.1,935.2,480.5,0.8,646.6,1186.8,237.4,353.1,544.7,459.6,397.5,668.2,804.2,344.5,573.2,577.7,405.6,934.5,813.8,693.6,553.7,461.2,757.8,616.8,1016.1,937.4,1023.2,1096.6,449.0,646.5,512.7,1173.7,424.8,612.9,565.7,724.0,323.4,294.3,575.3,535.6,478.7,45.9,1007.2,823.5,527.3,482.4,689.9,832.3,901.0,1069.3,864.5,766.5,783.6,589.4,513.8,242.9,682.9,914.6,670.4,769.6,575.1,636.0,948.3,783.6,784.4,649.3,550.7,417.2,931.1,779.4,446.9,941.8,513.9,792.1,141.4,779.3,742.3,815.7,651.0,231.9,485.3,765.5,1192.6,540.5,333.4,485.9,760.6,266.2,290.6,1125.5,622.0,263.8,676.2,216.2,1135.9,739.1,132.5,435.2,806.5,937.4,489.2,824.5,522.6,582.4,397.2,398.0,640.4,477.3,293.1,668.1,332.9,328.8,119.7,682.9,812.5,730.1,353.1,333.5,436.9,618.7,220.6,799.3,362.8,646.7,515.6,707.8,802.0,308.5,485.4,592.8,587.7,553.7,849.0,1137.7,726.6,568.2,989.2,567.8,488.5,970.6
