,0,1,2,3,4,5,6,7,8,9,10,11,12,13,14,15,16,17,18,19,20,21,22,23,24,25,26,27,28,29,30,31,32,33,34,35,36,37,38,39,40,41,42,43,44,45,46,47,48,49,50,51,52,53,54,55,56,57,58,59,60,61,62,63,64,65,66,67,68,69,70,71,72,73,74,75,76,77,78,79,80,81,82,83,84,85,86,87,88,89,90,91,92,93,94,95,96,97,98,99,100,101,102,103,104,105,106,107,108,109,110,111,112,113,114,115,116,117,118,119,120,121,122,123,124,125,126,127,128,129,130,131,132,133,134,135,136,137,138,139,140,141,142,143,144,145,146,147,148,149,150,151,152,153,154,155,156,157,158,159,160,161,162,163,164,165,166,167,168,169,170,171,172,173,174,175,176,177,178,179,180,181,182,183,184,185,186,187,188,189,190,191,192,193,194,195,196,197,198,199,200,201,202
0,0.0,1133.7,1026.3,967.2,893.0,952.4,1125.4,872.1,1433.7,801.7,931.8,833.8,1507.6,816.2,1188.7,601.7,813.7,1145.5,924.0,823.9,1328.7,857.6,967.9,900.6,921.7,692.3,805.1,803.4,1385.4,656.2,1341.3,461.2,645.1,1350.7,1054.8,618.0,450.1,653.1,1474.9,602.9,726.1,1387.1,1065.4,1071.5,1116.6,496.7,1430.2,1112.5,1150.8,1354.9,1436.8,674.2,818.2,1447.7,881.1,1038.9,950.1,823.7,1460.4,1469.2,827.1,1456.1,549.6,855.9,868.8,1052.9,817.6,1515.0,1536.1,915.6,595.1,860.3,1387.1,869.3,1062.1,625.7,986.1,1396.4,514.6,689.7,1385.6,1258.9,686.2,1488.6,1424.9,580.9,877.1,966.9,1234.9,985.0,843.9,921.4,906.1,950.1,1042.8,738.1,1083.2,1145.5,1416.4,1142.9,878.1,1505.0,1477.1,839.0,798.5,682.1,1267.8,1220.2,1480.7,1127.5,1209.4,1145.7,806.1,903.9,659.3,1345.5,987.8,835.3,439.5,546.3,1337.8,680.8,872.0,973.8,1423.1,1345.9,801.0,540.4,1484.2,910.4,473.6,1155.2,747.3,450.1,812.5,908.0,770.2,1535.3,1113.7,1285.0,810.9,688.1,1231.4,1076.2,448.3,812.6,606.2,939.0,810.4,1527.0,1359.0,906.1,538.6,968.1,1322.7,678.3,1460.4,1075.2,825.0,993.1,682.1,1176.3,1506.4,814.1,1454.2,418.7,937.3,1106.0,1018.1,881.2,787.6,1490.8,852.8,1200.7,1439.9,1505.0,663.6,885.2,1210.5,654.3,937.5,1488.4,520.1,1471.3,1396.4,1034.2,1004.5,575.9,932.9,1108.5,1347.1,1344.7,947.0,694.2,767.8,1068.8,1487.4,1270.8,1124.7,787.6,1179.4,721.3,1513.9
1,1133.7,0.0,159.5,353.2,327.6,356.1,209.3,559.1,378.5,374.2,281.4,856.7,452.4,453.2,626.2,711.0,346.5,229.4,442.7,721.5,273.5,366.5,237.0,587.6,445.0,900.1,576.1,701.0,716.8,684.3,299.8,687.9,514.2,309.2,131.0,974.4,699.0,583.2,627.3,530.8,416.7,526.7,207.0,114.3,269.5,653.4,375.0,253.5,83.1,299.7,665.4,474.9,383.2,392.5,614.5,641.2,470.2,721.3,405.2,414.0,598.1,562.4,776.8,512.4,555.8,121.6,628.2,459.8,480.9,350.2,538.6,369.2,526.7,481.1,123.7,728.5,488.0,341.2,619.1,636.7,330.4,696.4,496.7,613.6,677.3,605.8,564.1,166.8,672.4,799.3,454.8,530.7,397.4,524.0,90.9,628.0,105.5,229.4,361.2,379.9,311.3,449.8,625.1,501.9,551.9,784.9,233.6,165.0,425.5,219.9,646.9,376.9,577.1,338.5,474.4,741.2,149.4,606.3,709.6,829.1,764.4,586.5,345.5,296.3,367.9,783.4,572.0,907.8,602.5,237.0,753.0,211.8,565.6,699.0,583.5,595.0,536.6,551.4,396.1,722.5,581.9,682.0,273.2,98.5,744.1,583.6,973.6,342.7,426.3,471.8,303.8,397.4,595.1,364.6,267.5,781.1,405.2,110.6,635.6,327.3,784.9,613.8,580.3,624.7,399.0,730.4,834.9,388.4,327.6,778.8,397.7,435.6,379.2,322.3,384.7,449.8,691.7,353.5,252.3,514.0,293.2,530.1,887.5,416.1,341.2,224.2,401.0,557.8,747.2,277.6,784.6,484.3,302.7,454.9,539.0,91.1,614.8,708.3,398.1,397.7,301.0,585.5,458.7
2,1026.3,159.5,0.0,386.4,321.4,387.3,242.5,592.3,407.4,368.0,275.2,889.9,481.3,486.4,659.4,744.2,340.3,262.6,475.9,754.7,302.4,210.1,80.6,620.8,478.2,933.3,609.3,734.2,745.7,693.5,328.7,565.1,508.0,338.1,28.5,1007.6,576.2,577.0,656.2,524.6,410.5,417.6,47.5,45.2,302.7,647.2,403.9,143.0,142.2,328.6,694.3,466.8,377.0,421.4,647.7,674.4,503.4,754.5,434.1,442.9,631.3,486.6,810.0,356.0,589.0,154.8,661.4,488.7,509.8,344.0,532.4,212.8,417.6,514.3,35.8,761.7,521.2,370.1,612.9,669.9,359.3,729.6,490.5,642.5,706.2,483.0,597.3,160.6,705.6,832.5,488.0,563.9,241.0,557.2,144.7,621.8,185.1,262.6,390.1,408.8,305.1,478.7,654.0,495.7,585.1,818.1,262.5,193.9,454.4,253.1,680.1,405.8,610.3,332.3,468.2,770.1,143.2,639.5,586.8,862.3,793.3,619.7,189.1,173.1,396.8,816.6,605.2,941.0,631.4,230.8,746.8,128.9,559.4,576.2,616.7,628.2,569.8,580.3,429.3,755.7,615.1,675.8,302.1,178.1,737.9,616.8,1006.8,375.9,420.1,500.7,332.7,241.0,588.9,208.2,296.4,814.3,434.1,48.9,668.8,360.5,818.1,647.0,609.2,657.9,427.9,607.6,868.1,421.6,360.8,812.0,391.5,464.5,222.8,351.2,413.6,478.7,700.9,197.1,281.2,507.8,136.8,518.9,920.7,445.0,370.1,64.7,244.6,551.6,780.4,310.8,817.8,375.2,146.3,448.7,572.2,170.7,643.7,741.5,427.0,391.5,329.9,618.7,487.6
3,967.2,353.2,386.4,0.0,240.9,175.0,212.7,253.2,625.6,403.0,299.1,607.0,699.5,151.0,390.9,436.1,331.3,192.6,89.5,419.3,520.6,477.6,387.8,242.7,91.8,597.9,270.2,398.8,587.6,409.6,546.9,715.5,501.5,556.3,414.9,672.2,726.6,464.9,677.1,518.1,412.1,747.2,425.5,401.5,149.4,637.7,622.1,472.6,370.3,546.8,639.0,502.5,313.3,639.6,308.6,405.9,117.0,419.1,652.3,661.1,292.2,809.5,474.6,623.5,249.9,231.6,326.0,706.9,728.0,218.3,525.9,480.3,747.2,175.2,410.9,426.3,134.8,588.3,603.4,334.5,577.5,461.1,484.0,690.8,627.1,633.4,258.2,246.5,437.1,564.0,149.0,177.5,508.5,170.8,262.3,417.7,302.7,192.6,608.3,190.0,267.8,696.9,679.3,324.3,246.0,482.7,314.9,390.3,672.6,160.3,411.6,192.8,271.2,230.0,461.7,547.7,267.4,300.4,737.2,526.9,540.0,311.8,456.6,329.2,615.0,548.1,266.1,605.6,686.4,254.7,737.3,499.0,355.3,726.6,277.6,250.1,234.4,737.5,160.8,487.2,276.0,441.5,278.5,295.7,728.4,277.7,671.4,161.6,351.4,718.9,550.9,508.5,579.4,475.7,514.6,478.9,652.3,397.8,333.4,25.9,482.7,378.5,708.6,322.5,646.1,751.5,532.7,153.1,65.2,476.6,342.4,682.7,490.3,247.8,631.8,696.9,417.0,464.6,257.6,501.3,356.3,777.2,585.3,663.2,588.3,394.3,512.1,542.1,511.9,141.3,549.3,704.8,346.8,482.5,236.8,288.3,689.6,473.0,171.8,342.4,226.5,283.3,705.8
4,893.0,327.6,321.4,240.9,0.0,65.9,318.3,310.1,640.1,162.1,113.3,660.2,714.0,204.2,621.6,433.6,90.4,338.4,223.6,472.5,535.1,372.7,322.8,338.6,221.3,651.1,327.1,452.0,818.3,376.7,561.4,474.6,273.5,570.8,349.9,725.4,485.7,342.5,888.9,290.1,175.5,682.2,360.5,366.6,376.8,412.7,636.6,407.6,344.7,561.3,869.7,261.6,74.8,654.1,365.5,636.6,276.9,472.3,666.8,675.6,349.1,751.2,527.8,518.6,306.8,246.8,379.2,721.4,742.5,22.6,297.9,375.4,682.2,232.1,357.2,479.5,294.7,602.8,378.4,387.7,592.0,691.8,256.0,875.2,857.8,392.5,315.1,160.8,667.8,676.3,205.8,332.9,403.6,330.7,236.7,305.0,277.1,338.4,622.8,429.9,26.9,711.4,886.7,178.9,302.9,535.9,495.2,426.6,687.1,327.2,642.3,432.7,328.1,10.9,233.7,778.4,181.7,357.3,496.3,580.1,770.7,328.4,351.7,224.3,629.5,778.8,323.0,658.8,864.1,91.9,512.3,450.3,242.6,485.7,334.5,346.0,287.6,813.0,400.7,717.9,332.9,359.0,518.4,270.1,503.4,334.6,724.6,79.3,117.9,733.4,565.4,403.6,354.4,370.8,529.1,532.1,666.8,370.3,386.6,266.8,535.9,609.2,841.9,375.7,660.6,517.1,585.9,393.0,305.1,529.8,105.4,697.2,385.4,487.7,646.3,711.4,384.1,359.7,497.5,273.3,251.4,783.5,638.5,677.7,602.8,329.3,407.2,317.1,689.2,382.2,780.0,639.8,241.9,241.6,290.0,262.7,876.4,703.7,411.7,105.4,466.4,336.5,720.3
5,952.4,356.1,387.3,175.0,65.9,0.0,291.6,244.2,668.6,228.0,179.2,594.3,742.5,138.3,555.7,396.1,156.3,311.7,157.7,406.6,563.6,438.6,388.7,272.7,155.4,585.2,261.2,386.1,752.4,354.8,589.9,540.5,337.0,599.3,415.8,659.5,551.6,330.3,841.9,353.6,239.0,748.1,426.4,404.4,324.4,476.2,665.1,473.5,373.2,589.8,803.8,327.5,138.3,682.6,299.6,570.7,211.0,406.4,695.3,704.1,283.2,817.1,461.9,584.5,240.9,234.5,313.3,749.9,771.0,43.3,361.4,441.3,748.1,166.2,413.8,413.6,228.8,631.3,441.9,321.8,620.5,625.9,319.5,855.6,791.9,458.4,249.2,226.7,601.9,610.4,139.9,267.0,469.5,264.8,265.2,283.1,305.6,311.7,651.3,364.0,92.8,739.9,844.1,157.0,237.0,470.0,488.9,455.1,715.6,288.5,576.4,366.8,262.2,55.0,297.2,712.5,247.6,291.4,562.2,514.2,704.8,271.6,417.6,290.2,658.0,712.9,257.1,592.9,851.2,157.8,575.8,501.9,220.7,551.6,268.6,280.1,221.7,841.5,334.8,652.0,267.0,337.1,452.5,298.6,566.9,268.7,658.7,13.4,181.4,761.9,593.9,469.5,417.9,436.7,557.6,466.2,695.3,400.7,320.7,200.9,470.0,543.3,870.4,309.8,689.1,583.0,520.0,327.1,239.2,463.9,168.9,725.7,451.3,421.8,674.8,739.9,362.2,425.6,431.6,336.8,317.3,820.2,572.6,706.2,631.3,395.2,473.1,380.6,623.3,316.3,714.1,705.7,307.8,307.5,224.1,291.2,854.4,637.8,345.8,168.9,400.5,270.6,748.8
6,1125.4,209.3,242.5,212.7,318.3,291.6,0.0,465.9,521.8,378.0,272.1,716.2,595.7,363.7,485.7,646.5,337.2,20.1,302.2,632.0,416.8,373.4,243.9,455.4,304.5,810.6,482.9,611.5,682.4,619.8,443.1,691.7,505.9,452.5,271.0,884.9,702.8,574.9,770.6,522.5,407.9,603.3,281.6,257.6,63.3,645.1,518.3,328.7,226.4,443.0,733.8,478.7,373.9,535.8,521.3,500.7,329.7,631.8,548.5,557.3,504.9,672.3,687.3,519.3,462.6,87.7,538.7,603.1,624.2,329.5,530.3,376.1,603.3,387.9,267.0,639.0,347.5,484.5,610.8,547.2,473.7,555.9,488.4,756.9,721.9,609.6,470.9,170.6,531.9,658.8,361.7,390.2,404.3,383.5,118.4,567.2,158.8,20.1,504.5,284.8,302.0,593.1,768.4,443.2,458.7,695.4,376.9,308.3,568.8,61.3,506.4,287.6,483.9,329.2,466.1,642.5,153.2,513.1,713.4,739.6,634.8,522.0,352.4,300.1,511.2,642.9,478.8,818.3,745.8,227.7,744.7,355.1,504.8,702.8,490.3,462.8,447.1,694.7,255.6,582.0,488.7,621.2,373.3,151.8,735.8,490.4,884.1,278.2,417.0,615.1,447.1,404.3,586.8,371.5,410.8,691.6,548.5,253.9,546.1,186.8,695.4,473.3,723.6,535.2,542.3,734.2,745.4,247.9,187.1,689.3,388.4,578.9,386.1,342.6,528.0,593.1,627.2,360.4,352.4,505.7,300.1,673.4,798.0,559.4,484.5,250.4,407.9,549.5,606.7,71.4,644.1,560.9,309.6,458.7,449.5,144.4,758.1,567.8,266.6,388.4,321.3,496.0,602.0
7,872.1,559.1,592.3,253.2,310.1,244.2,465.9,0.0,864.2,444.7,420.6,487.5,938.1,220.2,418.8,341.0,400.5,445.8,163.7,299.8,759.2,666.0,593.7,109.3,161.4,478.4,97.8,279.3,615.5,392.9,785.5,721.4,501.7,794.9,620.8,552.7,732.5,465.1,705.0,518.3,436.6,953.1,631.4,607.4,402.6,630.1,860.7,678.5,576.2,785.4,666.9,508.4,382.5,878.2,55.4,433.8,162.2,299.6,890.9,899.7,119.8,1022.1,355.1,804.8,3.3,437.5,193.5,945.5,966.6,287.5,519.9,668.7,953.1,78.0,616.8,306.8,194.8,826.9,595.8,215.0,816.1,489.0,484.2,718.7,655.0,639.3,5.0,434.9,465.0,503.6,189.6,130.1,696.9,158.8,468.2,417.9,508.6,445.8,846.9,428.6,337.0,935.5,707.2,348.8,73.6,363.2,553.5,628.9,911.2,413.5,439.5,431.4,98.8,299.2,461.9,575.6,455.8,101.2,743.1,407.4,567.9,295.1,645.0,517.6,853.6,576.0,93.7,486.1,714.3,399.2,680.4,704.9,355.5,732.5,105.2,116.7,146.1,765.4,399.4,515.1,103.6,424.8,517.1,501.6,655.1,105.3,551.9,230.8,375.9,927.4,789.5,696.9,571.8,664.1,753.2,359.4,890.9,603.7,200.9,279.1,363.2,406.4,736.5,190.0,884.7,743.9,413.2,391.7,281.6,357.1,378.6,921.3,678.7,486.4,870.4,935.5,400.3,653.0,496.2,501.5,544.7,1015.8,465.8,901.8,826.9,600.2,700.5,534.5,516.5,394.5,577.2,910.7,535.2,488.4,143.7,494.2,717.5,500.9,410.4,378.6,465.1,150.8,858.1
8,1433.7,378.5,407.4,625.6,640.1,668.6,521.8,864.2,0.0,686.7,593.9,1043.2,342.2,765.7,735.0,1023.5,659.0,541.9,700.5,1030.6,193.3,617.5,488.0,853.7,702.8,1153.3,881.2,1010.1,536.4,996.8,344.3,972.5,826.7,353.7,378.9,1227.6,983.6,895.7,446.9,843.3,729.2,554.8,454.9,362.2,582.0,965.9,3.5,468.5,361.2,204.3,485.0,787.4,695.7,76.8,919.6,827.7,728.0,1030.4,89.5,98.3,903.2,452.2,1085.9,763.4,860.9,434.1,937.3,146.7,184.0,662.7,851.1,620.2,554.8,786.2,371.6,1037.6,745.8,170.3,931.6,945.8,181.1,647.4,809.2,433.2,496.9,890.4,869.2,479.3,686.9,985.8,760.0,788.5,648.4,781.8,403.4,940.5,418.0,541.9,49.3,515.2,623.8,136.7,444.7,814.4,857.0,1094.0,368.9,300.3,112.4,532.4,712.4,512.2,882.2,651.0,786.9,560.8,461.9,911.4,994.2,1138.2,584.0,899.0,596.5,580.5,10.6,678.5,877.1,1216.9,422.1,549.5,1065.5,398.7,878.1,983.6,888.6,861.1,845.7,371.0,544.4,666.8,887.0,994.5,408.5,411.0,1056.6,888.7,1239.4,655.2,738.8,216.7,89.8,648.4,907.6,615.6,237.6,1090.2,89.5,358.5,944.7,599.7,1094.0,747.4,399.9,933.8,246.7,1015.0,1100.8,574.9,584.6,1087.9,710.2,119.9,630.2,457.6,6.2,136.7,1004.2,604.5,387.6,826.5,544.2,419.9,1196.6,100.4,170.3,472.1,652.0,870.3,933.7,590.1,679.7,556.1,553.7,767.4,848.1,403.6,434.4,635.5,533.4,710.2,436.3,894.6,278.3
9,801.7,374.2,368.0,403.0,162.1,228.0,378.0,444.7,686.7,0.0,184.8,671.2,760.6,270.2,771.9,433.5,75.6,398.1,385.7,483.5,581.7,408.6,365.7,473.2,383.4,662.1,377.7,463.0,968.6,376.6,608.0,355.9,182.2,617.4,396.5,736.4,367.0,251.2,935.5,198.8,84.7,728.8,407.1,413.2,436.7,321.4,683.2,454.2,391.3,607.9,973.6,142.9,104.3,700.7,453.7,786.9,432.9,483.3,713.4,722.2,399.7,797.8,538.8,439.3,441.4,293.4,390.2,768.0,789.1,184.7,206.6,411.3,728.8,381.3,403.8,490.5,456.8,649.4,287.1,398.7,638.6,842.1,164.7,921.8,985.5,273.8,449.7,207.4,818.1,687.3,311.5,483.2,439.5,492.8,283.3,307.2,323.7,398.1,669.4,592.0,136.1,758.0,933.3,182.3,371.1,546.9,541.8,473.2,733.7,387.1,792.6,594.8,378.7,173.0,142.4,928.7,228.3,407.9,377.6,591.1,921.0,331.8,387.6,260.2,676.1,929.1,373.6,669.8,910.7,163.4,421.0,496.9,244.8,367.0,385.1,480.6,298.6,859.6,562.8,868.2,383.5,358.9,581.4,316.7,412.1,385.2,735.6,241.4,101.0,780.0,612.0,439.5,263.1,406.7,575.7,543.1,713.4,416.9,397.6,428.9,546.9,759.5,888.5,386.7,707.2,398.4,596.9,555.1,467.2,540.8,78.0,743.8,421.3,630.5,692.9,758.0,384.0,395.6,560.5,182.0,287.3,830.1,649.5,724.3,649.4,375.9,443.1,225.8,700.2,444.8,930.3,686.4,277.8,122.9,301.0,309.3,923.0,854.0,573.8,78.0,609.2,347.5,766.9
10,931.8,281.4,275.2,299.1,113.3,179.2,272.1,420.6,593.9,184.8,0.0,770.7,667.8,314.7,687.3,542.3,143.6,292.2,334.1,583.0,488.9,345.7,276.6,449.1,331.8,761.6,437.6,562.5,884.0,485.4,515.2,498.1,312.3,524.6,303.7,835.9,509.2,381.3,842.7,328.9,214.3,636.0,314.3,320.4,330.6,451.5,590.4,361.4,298.5,515.1,880.8,285.1,168.9,607.9,476.0,702.3,387.4,582.8,620.6,629.4,459.6,705.0,638.3,491.6,417.3,200.6,489.7,675.2,696.3,135.9,336.7,348.4,636.0,342.6,311.0,590.0,405.2,556.6,417.2,498.2,545.8,757.5,294.8,829.0,892.7,416.0,425.6,114.6,733.5,786.8,316.3,443.4,376.6,441.2,190.5,413.7,230.9,292.2,576.6,486.4,104.4,665.2,840.5,287.6,413.4,646.4,449.0,380.4,640.9,281.0,708.0,489.2,438.6,124.2,272.5,844.1,135.5,467.8,519.8,690.6,836.4,437.1,324.7,197.3,583.3,844.5,433.5,769.3,817.9,44.4,551.1,404.1,351.3,509.2,445.0,456.5,398.1,766.8,457.2,783.6,443.4,467.7,488.6,223.9,542.2,445.1,835.1,192.6,212.0,687.2,519.2,376.6,393.2,343.8,482.9,642.6,620.6,324.1,497.1,325.0,646.4,674.9,795.7,486.2,614.4,540.6,696.4,449.5,363.3,640.3,194.8,651.0,358.4,537.7,600.1,665.2,492.8,332.7,467.7,312.1,224.4,737.3,749.0,631.5,556.6,283.1,380.2,355.9,799.7,338.7,845.7,593.6,214.9,265.1,400.5,216.5,830.2,769.4,468.2,194.8,516.4,447.0,674.1
11,833.8,856.7,889.9,607.0,660.2,594.3,716.2,487.5,1043.2,671.2,770.7,0.0,1019.2,456.0,386.3,480.5,655.8,696.1,539.4,187.7,938.2,948.6,891.3,516.0,537.1,141.5,420.5,208.2,583.0,535.0,964.5,863.5,643.8,973.9,908.3,215.8,874.6,607.2,672.5,660.4,600.6,1209.8,929.0,891.6,652.9,753.0,1039.7,976.1,873.8,964.4,634.4,650.5,613.1,1057.2,496.5,236.5,565.5,187.9,1069.9,1048.8,442.5,1129.2,424.4,946.9,484.2,735.1,433.0,957.2,956.1,637.6,662.0,951.3,1209.8,484.7,901.0,424.7,600.9,1003.8,737.9,332.9,995.1,456.5,626.3,686.2,622.5,781.4,492.5,785.0,432.5,182.6,483.7,519.2,997.1,564.9,765.8,560.0,806.2,696.1,1025.9,557.4,687.1,1042.2,674.7,518.1,413.9,481.1,732.5,807.9,1017.9,663.8,407.0,560.4,421.5,649.3,604.0,543.1,800.6,450.7,885.2,421.1,535.4,437.2,963.0,867.7,1032.6,543.5,416.4,293.4,681.8,749.3,687.6,928.1,497.6,874.6,427.9,523.4,385.6,732.9,528.2,482.6,426.3,566.9,696.1,799.2,662.3,428.0,227.6,580.9,602.4,894.9,968.5,997.1,713.9,1014.2,932.2,477.3,1069.9,887.9,440.4,595.5,481.1,373.9,704.0,429.5,914.3,883.2,270.5,468.3,580.4,214.4,605.1,1070.4,943.8,665.4,1049.4,1042.2,542.4,976.2,675.2,643.6,894.8,1096.9,313.7,1080.8,1003.8,897.8,1050.6,676.6,130.5,644.8,544.7,1167.4,885.3,630.5,383.2,791.8,685.0,468.4,539.2,605.1,644.1,336.7,825.6
12,1507.6,452.4,481.3,699.5,714.0,742.5,595.7,938.1,342.2,760.6,667.8,1019.2,0.0,839.6,650.3,1097.4,732.9,615.8,774.4,1104.5,252.1,691.4,561.9,927.6,776.7,1129.3,955.1,1084.0,451.7,1070.7,411.8,1046.4,900.6,421.2,452.8,1203.6,1057.5,969.6,362.2,917.2,803.1,212.6,528.8,436.1,655.9,1039.8,338.7,453.6,435.1,177.9,400.3,861.3,769.6,298.6,993.5,803.7,801.9,1104.3,311.3,287.1,977.1,110.0,1159.8,837.3,934.8,508.0,1011.2,270.8,269.7,736.6,925.0,694.1,212.6,860.1,445.5,1111.5,819.7,171.9,1005.5,1019.7,177.3,562.7,883.1,348.5,412.2,964.3,943.1,553.2,602.2,961.8,833.9,862.4,667.0,855.7,477.3,1014.4,491.9,615.8,328.7,589.1,697.7,280.5,360.0,888.3,930.9,1167.9,442.8,374.2,256.2,606.3,627.7,586.1,956.1,724.9,860.8,476.1,535.8,985.3,1068.1,1212.1,499.3,972.9,670.4,654.4,331.6,593.8,951.0,1281.2,337.4,623.4,1139.4,472.6,952.0,1057.5,962.5,935.0,919.6,286.3,618.3,582.1,960.9,1068.4,482.4,484.9,1130.5,962.6,1215.4,729.1,812.7,234.7,267.2,667.0,981.5,683.0,305.1,1164.1,311.3,432.4,1018.6,673.6,1167.9,662.7,315.2,1007.7,133.9,1088.9,1076.8,648.8,658.5,1125.1,784.1,308.7,704.1,531.5,348.4,280.5,1078.1,678.4,461.5,900.4,618.1,77.7,1270.5,322.2,171.9,531.9,719.4,944.2,909.7,664.0,595.0,221.4,627.6,841.3,922.0,477.5,349.7,550.8,607.3,784.1,510.2,968.5,193.6
13,816.2,453.2,486.4,151.0,204.2,138.3,363.7,220.2,765.7,270.2,314.7,456.0,839.6,0.0,531.7,285.1,243.2,343.6,133.7,268.3,660.7,560.1,487.8,248.7,131.4,446.9,162.5,247.8,728.4,258.6,687.0,568.1,351.4,696.4,514.9,521.2,579.2,314.8,817.9,368.0,262.1,847.2,525.5,501.5,300.4,487.6,762.2,572.6,470.3,686.9,779.8,355.1,200.5,779.7,238.5,546.7,187.0,268.1,792.4,801.2,184.5,916.2,323.6,651.5,216.9,331.6,175.0,847.0,868.1,181.6,375.8,562.8,847.2,142.2,510.9,275.3,204.8,728.4,453.3,183.5,717.6,601.9,333.9,831.6,767.9,486.0,225.2,329.0,577.9,472.1,84.7,243.0,591.0,240.8,362.3,267.6,402.7,343.6,748.4,340.0,231.1,837.0,820.1,174.3,155.9,331.7,464.9,540.3,812.7,311.3,552.4,342.8,163.5,193.3,311.6,688.5,349.9,192.7,589.8,375.9,680.8,160.8,539.1,411.7,755.1,688.9,158.4,454.6,827.2,293.3,587.2,599.0,205.2,579.2,169.9,256.1,83.4,878.3,310.8,628.0,168.3,290.5,428.5,395.7,578.3,170.0,520.4,124.9,201.4,859.0,691.0,591.0,429.3,558.2,654.7,327.9,792.4,497.8,182.4,176.9,331.7,519.3,849.4,171.5,786.2,601.4,381.7,303.1,215.2,325.6,192.5,822.8,572.8,397.8,771.9,837.0,266.0,547.1,407.6,351.2,438.8,917.3,434.3,803.3,728.4,494.3,594.6,392.0,485.0,292.3,690.1,804.8,429.3,335.1,85.8,388.3,830.4,613.8,321.8,192.5,376.5,132.3,845.9
14,1188.7,626.2,659.4,390.9,621.6,555.7,485.7,418.8,735.0,771.9,687.3,386.3,650.3,531.7,0.0,679.0,712.0,465.6,402.5,493.5,707.7,790.3,660.8,370.9,404.8,496.4,435.8,514.0,198.6,730.9,734.0,1059.4,839.7,743.4,677.8,570.7,1070.5,803.1,288.1,856.3,763.8,862.9,698.5,661.1,422.4,968.1,731.5,745.6,643.3,640.9,250.0,846.4,694.0,691.4,474.2,170.8,349.2,493.7,704.1,679.9,457.8,760.3,693.1,936.2,415.5,504.6,531.5,588.3,587.2,599.0,857.9,793.0,862.9,416.0,670.5,644.8,370.4,634.9,933.8,553.0,640.3,123.4,822.2,301.8,238.1,977.3,423.8,587.5,73.1,328.9,502.2,288.7,821.2,334.4,535.3,755.9,575.7,465.6,721.5,326.9,648.5,673.3,290.3,676.0,411.6,701.2,502.0,577.4,649.0,433.3,73.9,329.9,436.8,610.7,799.9,210.0,570.1,466.0,1081.1,745.4,151.0,633.1,769.3,717.0,724.4,159.1,431.7,648.3,348.7,642.9,1018.4,697.6,693.5,1070.5,443.2,378.3,484.1,364.0,297.7,98.2,441.6,762.8,465.6,568.7,993.1,443.3,582.5,542.3,703.1,526.0,730.2,821.2,909.8,788.4,701.7,697.4,704.1,657.4,538.9,365.0,701.2,12.4,365.1,528.0,545.4,1081.9,443.9,237.8,349.9,492.2,705.8,701.5,803.0,434.9,741.2,673.3,738.3,777.3,444.7,839.5,717.0,728.0,668.6,715.0,634.9,667.3,824.8,872.5,276.8,414.3,160.3,871.7,726.5,826.4,481.7,561.3,300.6,135.3,308.7,705.8,413.6,488.8,456.7
15,601.7,711.0,744.2,436.1,433.6,396.1,646.5,341.0,1023.5,433.5,542.3,480.5,1097.4,285.1,679.0,0.0,421.8,628.7,392.9,292.8,918.5,705.9,745.6,369.5,390.6,435.1,274.0,272.3,875.7,99.9,944.8,493.4,276.9,954.2,772.7,360.8,482.3,187.5,965.2,234.7,357.9,1105.0,783.3,759.3,585.5,337.1,1020.0,830.4,728.1,944.7,927.1,407.8,379.1,1037.5,350.0,636.5,419.0,292.6,1050.2,1059.0,296.0,1174.0,152.2,704.2,337.7,589.4,286.5,1104.8,1125.9,411.0,226.9,708.6,1105.0,338.2,768.7,178.1,455.0,986.2,302.8,208.0,975.4,749.2,318.0,978.9,915.2,538.7,346.0,586.8,725.2,496.6,312.8,390.3,754.4,419.0,620.1,181.8,660.5,628.7,1006.2,611.8,455.9,1094.8,967.4,282.7,267.4,234.5,736.7,810.0,1070.5,596.4,699.7,614.6,275.0,422.7,291.1,835.8,607.7,304.2,471.7,204.5,828.1,124.5,720.3,651.5,1012.9,836.2,269.9,283.2,974.5,520.9,410.0,856.8,191.0,482.3,281.4,376.9,239.1,1025.6,582.6,775.3,279.8,131.8,700.3,653.5,384.7,281.5,349.0,382.7,368.2,1116.8,948.8,754.4,278.8,798.0,912.5,230.7,1050.2,755.6,293.9,462.0,234.5,666.6,996.7,283.0,1044.0,450.9,406.2,574.9,487.0,350.1,371.1,1080.6,701.1,669.6,1029.7,1094.8,107.3,733.5,679.4,286.1,678.6,1175.1,262.9,1061.1,986.2,752.1,834.4,241.5,509.5,577.4,837.4,1062.6,669.1,387.8,236.7,646.1,977.7,761.1,593.6,371.1,648.3,190.2,1103.7
16,813.7,346.5,340.3,331.3,90.4,156.3,337.2,400.5,659.0,75.6,143.6,655.8,732.9,243.2,712.0,421.8,0.0,357.3,314.0,468.1,554.0,381.0,338.1,429.0,311.7,646.7,362.3,447.6,908.7,364.9,580.3,387.2,194.2,589.7,368.8,721.0,398.3,263.2,907.8,210.8,96.2,701.1,379.4,385.5,395.7,333.4,655.5,426.5,363.6,580.2,945.9,174.2,42.7,673.0,438.3,727.0,367.3,467.9,685.7,694.5,384.3,770.1,523.4,470.6,397.2,265.7,374.8,740.3,761.4,113.0,218.6,383.7,701.1,322.5,376.1,475.1,385.1,621.7,299.1,383.3,610.9,782.2,176.7,894.1,948.2,305.1,405.5,179.7,758.2,671.9,284.5,423.3,411.9,421.1,255.6,293.2,296.0,357.3,641.7,520.3,64.4,730.3,905.6,167.1,355.7,531.5,514.1,445.5,706.0,346.1,732.7,523.1,363.3,101.3,154.4,868.8,200.6,392.5,408.9,575.7,861.1,316.6,360.0,232.6,648.4,869.2,358.2,654.4,883.0,122.2,433.0,469.2,230.8,398.3,369.7,436.4,283.2,831.9,491.1,808.3,368.1,347.2,553.7,289.0,424.1,369.8,720.2,169.7,85.8,752.3,584.3,411.9,275.1,379.1,548.0,527.7,685.7,389.2,382.2,357.2,531.5,699.6,860.8,371.3,679.5,429.7,581.5,483.4,395.5,525.4,52.7,716.1,393.7,578.1,665.2,730.3,372.3,368.0,532.8,194.0,259.7,802.4,634.1,696.6,621.7,348.2,415.5,237.8,684.8,403.8,870.4,658.7,250.2,154.2,285.6,281.6,895.3,794.1,502.1,52.7,556.8,332.1,739.2
17,1145.5,229.4,262.6,192.6,338.4,311.7,20.1,445.8,541.9,398.1,292.2,696.1,615.8,343.6,465.6,628.7,357.3,0.0,282.1,611.9,436.9,393.5,264.0,435.3,284.4,790.5,462.8,591.4,662.3,602.2,463.2,711.8,526.0,472.6,291.1,864.8,722.9,595.0,751.8,542.6,428.0,623.4,301.7,277.7,43.2,665.2,538.4,348.8,246.5,463.1,713.7,498.8,394.0,555.9,501.2,480.6,309.6,611.7,568.6,577.4,484.8,692.4,667.2,539.4,442.5,107.8,518.6,623.2,644.3,349.6,550.4,396.2,623.4,367.8,287.1,618.9,327.4,504.6,630.9,527.1,493.8,535.8,508.5,765.5,701.8,629.7,450.8,190.7,511.8,638.7,341.6,370.1,424.4,363.4,138.5,587.3,178.9,0.0,524.6,264.7,322.1,613.2,754.0,463.3,438.6,675.3,389.6,328.4,588.9,41.2,486.3,267.5,463.8,349.3,486.2,622.4,173.3,493.0,733.5,719.5,614.7,504.4,372.5,320.2,531.3,622.8,458.7,798.2,761.1,247.8,764.8,375.2,524.9,722.9,470.2,442.7,427.0,714.8,235.5,561.9,468.6,634.1,353.2,171.9,755.9,470.3,864.0,298.3,437.1,635.2,467.2,424.4,606.9,391.6,430.9,671.5,568.6,274.0,526.0,166.7,675.3,453.2,743.7,515.1,562.4,754.3,725.3,227.8,167.0,669.2,408.5,599.0,406.2,322.5,548.1,613.2,609.6,380.5,332.3,525.8,320.2,693.5,777.9,579.5,504.6,270.5,428.0,569.6,586.6,51.3,624.0,581.0,329.7,478.8,429.4,164.5,764.3,547.7,246.5,408.5,301.2,475.9,622.1
18,924.0,442.7,475.9,89.5,223.6,157.7,302.2,163.7,700.5,385.7,334.1,539.4,774.4,133.7,402.5,392.9,314.0,282.1,0.0,351.7,595.5,549.9,477.3,179.0,2.3,530.3,180.7,331.2,599.2,378.7,621.8,698.2,484.2,631.2,504.4,604.6,709.3,447.6,688.7,500.8,394.8,836.7,515.0,491.0,238.9,615.9,697.0,562.1,459.8,621.7,650.6,485.2,296.0,714.5,219.1,417.5,53.3,351.5,727.2,736.0,202.7,884.4,407.0,695.8,160.4,321.1,245.4,781.8,802.9,201.0,505.7,552.6,836.7,85.7,500.4,358.7,71.1,663.2,581.6,266.9,652.4,472.7,466.7,702.4,638.7,616.1,168.7,318.8,448.7,555.5,116.9,113.8,580.8,107.1,351.8,400.4,392.2,282.1,683.2,264.9,250.5,771.8,690.9,307.0,156.5,415.1,389.8,465.2,747.5,249.8,423.2,267.7,181.7,212.7,444.4,559.3,339.7,210.9,719.9,459.3,551.6,280.9,528.9,401.5,689.9,559.7,176.6,538.0,698.0,312.7,715.5,585.4,338.0,709.3,188.1,186.4,153.8,749.1,235.7,498.8,186.5,410.6,353.4,385.2,706.6,188.2,603.8,144.3,334.1,793.8,625.8,580.8,557.6,548.0,589.5,411.3,727.2,487.3,252.8,115.4,415.1,390.1,720.2,241.9,721.0,729.7,465.1,228.0,117.9,409.0,325.1,757.6,562.6,322.7,706.7,771.8,386.1,536.9,332.5,484.0,428.6,852.1,517.7,738.1,663.2,483.8,584.4,520.3,523.5,230.8,560.9,794.3,419.1,465.2,156.2,377.8,701.2,484.6,246.7,325.1,301.4,202.7,780.7
19,823.9,721.5,754.7,419.3,472.5,406.6,632.0,299.8,1030.6,483.5,583.0,187.7,1104.5,268.3,493.5,292.8,468.1,611.9,351.7,0.0,925.6,760.9,756.1,328.3,349.4,178.6,232.8,20.5,690.2,347.3,951.9,675.8,456.1,961.3,783.2,252.9,686.9,419.5,779.7,472.7,412.9,1115.5,793.8,769.8,568.7,584.5,1027.1,840.9,738.6,951.8,741.6,462.8,425.4,1044.6,308.8,343.7,377.8,0.2,1057.3,1066.1,254.8,1184.5,285.3,759.2,296.5,599.9,245.3,1064.4,1063.3,449.9,474.3,763.6,1115.5,297.0,779.2,237.0,413.8,993.3,550.2,145.2,982.5,563.7,438.6,793.4,729.7,593.7,304.8,597.3,539.7,203.8,296.0,349.1,809.4,377.8,630.6,372.3,671.0,611.9,1013.3,595.0,499.4,1101.9,781.9,330.4,226.2,293.4,719.9,795.3,1077.6,579.6,514.2,597.8,233.8,461.6,416.3,650.3,618.2,263.0,697.5,337.6,642.6,249.5,775.3,680.0,1020.0,650.7,228.7,330.5,789.0,561.6,632.2,867.3,309.9,686.9,240.2,335.7,197.9,840.1,565.8,589.8,238.6,379.2,683.5,664.0,606.9,240.3,264.7,393.2,414.7,1002.1,955.9,809.4,526.2,826.5,919.6,289.6,1057.3,766.1,252.7,445.2,293.4,481.1,811.2,241.8,1021.5,698.3,113.4,558.1,469.6,57.3,417.4,1087.7,756.1,652.8,1036.8,1101.9,354.7,788.5,662.6,455.9,707.1,1182.2,350.8,1068.2,993.3,762.6,862.9,488.9,216.7,560.6,651.9,1073.1,697.6,442.8,195.5,656.6,792.2,575.6,576.8,417.4,631.5,149.0,932.8
20,1328.7,273.5,302.4,520.6,535.1,563.6,416.8,759.2,193.3,581.7,488.9,938.2,252.1,660.7,707.7,918.5,554.0,436.9,595.5,925.6,0.0,512.5,383.0,748.7,597.8,1048.3,776.2,905.1,516.5,891.8,232.9,867.5,721.7,242.3,273.9,1122.6,878.6,790.7,427.0,738.3,624.2,464.7,349.9,257.2,477.0,860.9,189.8,363.5,256.2,99.4,465.1,682.4,590.7,207.3,814.6,722.7,623.0,925.4,220.0,228.8,798.2,362.1,980.9,658.4,755.9,329.1,832.3,259.5,280.6,557.7,746.1,515.2,464.7,681.2,266.6,932.6,640.8,140.9,826.6,840.8,130.1,627.5,704.2,413.3,477.0,785.4,764.2,374.3,667.0,880.8,655.0,683.5,543.4,676.8,298.4,835.5,313.0,436.9,176.0,410.2,518.8,249.5,424.8,709.4,752.0,989.0,263.9,195.3,225.2,427.4,692.5,407.2,777.2,546.0,681.9,540.9,356.9,806.4,889.2,1033.2,564.1,794.0,491.5,475.5,182.7,658.6,772.1,1111.9,402.2,444.5,960.5,293.7,773.1,878.6,783.6,756.1,740.7,351.1,439.4,646.9,782.0,889.5,303.5,306.0,951.6,783.7,1134.4,550.2,633.8,271.5,103.5,543.4,802.6,510.6,126.2,985.2,220.0,253.5,839.7,494.7,989.0,695.3,380.0,828.8,198.7,910.0,995.8,469.9,479.6,982.9,605.2,250.4,525.2,352.6,199.5,249.5,899.2,499.5,282.6,721.5,439.2,329.8,1091.6,230.9,140.9,367.1,547.0,765.3,828.7,485.1,659.8,444.7,448.7,662.4,743.1,298.6,414.5,615.6,428.4,605.2,331.3,789.6,258.4
21,857.6,366.5,210.1,477.6,372.7,438.6,373.4,666.0,617.5,408.6,345.7,948.6,691.4,560.1,790.3,705.9,381.0,393.5,549.9,760.9,512.5,0.0,151.7,694.5,552.2,939.5,683.0,740.4,955.8,649.0,525.1,396.4,454.6,534.5,238.6,1013.8,407.5,523.6,866.3,471.2,411.4,570.9,249.2,255.3,433.6,569.1,614.0,296.3,352.3,538.7,904.4,298.1,423.1,631.5,721.4,805.3,577.4,760.7,644.2,653.0,705.0,639.9,812.7,187.3,662.7,285.7,735.1,698.8,719.9,395.3,479.0,2.7,570.9,588.0,245.9,767.9,595.2,580.2,559.5,676.1,569.4,860.5,437.1,852.6,916.3,314.3,671.0,277.9,836.5,963.4,561.7,637.9,127.4,631.2,275.6,579.6,316.0,393.5,600.2,589.4,345.8,688.8,864.1,542.7,658.8,824.3,472.6,404.0,664.5,384.0,811.0,592.2,684.0,383.6,414.8,947.1,274.1,713.2,418.1,865.0,939.4,608.0,55.8,157.6,606.9,947.5,678.9,943.7,841.5,301.3,668.7,339.0,517.2,407.5,690.4,701.9,643.5,790.4,560.2,886.6,688.8,631.3,512.2,309.0,659.8,690.5,1009.5,449.6,466.2,710.8,542.8,127.4,535.5,175.7,506.5,820.5,644.2,259.0,742.5,491.4,824.3,777.9,819.3,731.6,638.0,438.9,874.3,552.5,491.7,818.2,432.2,674.6,74.1,561.3,623.7,688.8,656.4,69.0,491.3,454.4,121.3,672.2,923.4,655.1,580.2,218.0,212.1,498.2,911.3,441.7,948.7,528.5,130.8,318.1,645.9,301.6,853.8,872.4,571.2,432.2,540.0,655.7,697.7
22,967.9,237.0,80.6,387.8,322.8,388.7,243.9,593.7,488.0,365.7,276.6,891.3,561.9,487.8,660.8,745.6,338.1,264.0,477.3,756.1,383.0,151.7,0.0,622.2,479.6,934.7,610.7,735.6,826.3,694.9,395.6,506.7,505.7,405.0,109.1,1009.0,517.8,574.7,736.8,522.3,408.2,441.4,119.7,125.8,304.1,644.9,484.5,166.8,222.8,409.2,774.9,408.4,378.4,502.0,649.1,675.8,504.8,755.9,514.7,523.5,632.7,510.4,811.4,297.6,590.4,156.2,662.8,569.3,590.4,345.4,530.1,154.4,441.4,515.7,116.4,763.1,522.6,450.7,610.6,671.3,439.9,731.0,488.2,723.1,786.8,424.6,598.7,162.0,707.0,833.9,489.4,565.3,182.6,558.6,146.1,623.2,186.5,264.0,470.7,459.9,302.9,559.3,734.6,497.1,586.5,819.5,343.1,274.5,535.0,254.5,681.5,462.7,611.7,333.7,465.9,817.6,144.6,640.9,528.4,863.7,809.9,621.1,130.7,114.7,477.4,818.0,606.6,942.4,712.0,232.2,744.5,209.5,560.8,517.8,618.1,629.6,571.2,660.9,430.7,757.1,616.5,677.2,382.7,179.5,735.6,618.2,1008.2,377.3,421.5,581.3,413.3,182.6,586.6,149.8,377.0,815.7,514.7,129.5,670.2,361.9,819.5,648.4,689.8,659.3,508.5,549.2,869.5,423.0,362.2,813.4,389.3,545.1,164.4,431.8,494.2,559.3,702.3,138.7,361.8,505.5,78.4,542.7,922.1,525.6,450.7,88.5,186.2,549.3,781.8,312.2,819.2,399.0,87.9,428.4,573.6,172.1,724.3,742.9,441.7,389.3,410.5,620.1,568.2
23,900.6,587.6,620.8,242.7,338.6,272.7,455.4,109.3,853.7,473.2,449.1,516.0,927.6,248.7,370.9,369.5,429.0,435.3,179.0,328.3,748.7,694.5,622.2,0.0,181.3,506.9,126.3,307.8,567.6,421.4,775.0,749.9,530.2,784.4,649.3,581.2,761.0,493.6,657.1,546.8,465.1,981.6,659.9,635.9,392.1,658.6,850.2,707.0,604.7,774.9,619.0,536.9,411.0,867.7,164.7,385.9,125.7,328.1,880.4,889.2,148.3,1037.6,383.6,833.3,106.0,466.0,222.0,935.0,940.7,316.0,548.4,697.2,981.6,106.5,645.3,335.3,146.9,816.4,624.3,243.5,805.6,441.1,512.7,670.8,607.1,667.8,114.3,463.4,417.1,532.1,218.1,82.2,725.4,110.9,496.7,446.4,537.1,435.3,836.4,418.1,365.5,925.0,659.3,377.3,102.1,391.7,543.0,618.4,900.7,403.0,391.6,420.9,127.3,327.7,490.4,527.7,484.3,156.5,771.6,435.9,520.0,323.6,673.5,546.1,843.1,528.1,122.2,514.6,666.4,427.7,708.9,733.4,384.0,761.0,133.7,7.4,174.6,717.5,388.9,467.2,132.1,453.3,506.6,530.1,683.6,133.8,580.4,259.3,404.4,879.5,779.0,725.4,600.3,692.6,742.7,387.9,880.4,632.2,229.4,268.6,391.7,358.5,688.6,218.5,874.2,772.4,441.7,381.2,271.1,385.6,407.1,910.8,707.2,475.9,859.9,925.0,428.8,681.5,485.7,530.0,573.2,1005.3,494.3,891.3,816.4,628.7,729.0,563.0,491.9,384.0,529.3,939.2,563.7,516.9,172.2,522.7,669.6,453.0,399.9,407.1,454.6,179.3,810.2
24,921.7,445.0,478.2,91.8,221.3,155.4,304.5,161.4,702.8,383.4,331.8,537.1,776.7,131.4,404.8,390.6,311.7,284.4,2.3,349.4,597.8,552.2,479.6,181.3,0.0,528.0,178.4,328.9,601.5,376.4,624.1,695.9,481.9,633.5,506.7,602.3,707.0,445.3,691.0,498.5,392.5,839.0,517.3,493.3,241.2,613.6,699.3,564.4,462.1,624.0,652.9,482.9,293.7,716.8,216.8,419.8,55.6,349.2,729.5,738.3,200.4,886.7,404.7,698.1,158.1,323.4,243.1,784.1,805.2,198.7,503.4,554.9,839.0,83.4,502.7,356.4,73.4,665.5,579.3,264.6,654.7,475.0,464.4,704.7,641.0,613.8,166.4,321.1,451.0,553.2,114.6,116.1,583.1,109.4,354.1,398.1,394.5,284.4,685.5,267.2,248.2,774.1,693.2,304.7,154.2,412.8,392.1,467.5,749.8,252.1,425.5,270.0,179.4,210.4,442.1,561.6,342.0,208.6,717.6,457.0,553.9,278.6,531.2,403.8,692.2,562.0,174.3,535.7,700.3,310.4,713.2,587.7,335.7,707.0,185.8,188.7,151.5,751.4,238.0,501.1,184.2,408.3,355.7,387.5,704.3,185.9,601.5,142.0,331.8,796.1,628.1,583.1,555.3,550.3,591.8,409.0,729.5,489.6,250.5,117.7,412.8,392.4,722.5,239.6,723.3,727.4,462.8,230.3,120.2,406.7,322.8,759.9,564.9,325.0,709.0,774.1,383.8,539.2,334.8,481.7,430.9,854.4,515.4,740.4,665.5,486.1,586.7,518.0,525.8,233.1,563.2,796.6,421.4,462.9,153.9,380.1,703.5,486.9,249.0,322.8,303.7,200.4,783.0
25,692.3,900.1,933.3,597.9,651.1,585.2,810.6,478.4,1153.3,662.1,761.6,141.5,1129.3,446.9,496.4,435.1,646.7,790.5,530.3,178.6,1048.3,939.5,934.7,506.9,528.0,0.0,411.4,199.1,693.1,489.6,1074.6,784.2,634.7,1084.0,961.8,74.3,773.1,577.2,782.6,624.4,591.5,1294.1,972.4,948.4,747.3,611.5,1149.8,1019.5,917.2,1074.5,744.5,641.4,604.0,1167.3,487.4,346.6,556.4,178.8,1180.0,1158.9,433.4,1239.3,282.9,937.8,475.1,778.5,423.9,1067.3,1066.2,628.5,616.6,942.2,1294.1,475.6,957.8,359.0,592.4,1113.9,645.8,323.8,1105.2,566.6,617.2,796.3,732.6,772.3,483.4,775.9,542.6,292.7,474.6,527.7,988.0,556.4,809.2,550.9,849.6,790.5,1136.0,667.5,678.0,1152.3,784.8,509.0,404.8,415.4,842.6,918.0,1128.0,758.2,517.1,670.5,412.4,640.2,594.9,653.2,796.8,441.6,762.5,279.6,645.5,428.1,953.9,858.6,1142.7,653.6,407.3,151.9,791.9,740.2,546.1,1038.2,488.5,773.1,418.8,514.3,376.5,843.0,638.3,592.7,417.2,521.5,806.2,842.6,520.8,418.9,86.1,571.8,593.3,1005.0,1078.6,988.0,668.5,1005.1,1042.3,411.6,1180.0,944.7,431.3,623.8,415.4,484.0,814.1,420.4,1024.4,741.7,261.4,578.4,648.2,205.3,596.0,1180.5,934.7,775.5,1159.5,1152.3,497.0,967.1,785.3,634.5,885.7,1207.0,172.2,1190.9,1113.9,941.2,1041.5,631.2,240.6,739.2,654.8,1251.7,876.2,621.4,374.1,835.2,795.1,578.5,649.3,596.0,754.2,327.6,935.7
26,805.1,576.1,609.3,270.2,327.1,261.2,482.9,97.8,881.2,377.7,437.6,420.5,955.1,162.5,435.8,274.0,362.3,462.8,180.7,232.8,776.2,683.0,610.7,126.3,178.4,411.4,0.0,212.3,632.5,325.9,802.5,654.4,434.7,811.9,637.8,485.7,665.5,398.1,722.0,451.3,369.6,970.1,648.4,624.4,419.6,563.1,877.7,695.5,593.2,802.4,683.9,441.4,319.6,895.2,106.8,450.8,179.2,232.6,907.9,916.7,22.0,1039.1,288.1,737.8,94.5,454.5,126.5,962.5,983.6,304.5,452.9,685.7,970.1,95.0,633.8,239.8,211.8,843.9,528.8,148.0,833.1,506.0,417.2,735.7,672.0,572.3,102.8,451.9,482.0,436.6,182.8,147.1,713.9,175.8,485.2,350.9,525.6,462.8,863.9,445.6,354.0,952.5,724.2,281.8,24.2,296.2,570.5,645.9,928.2,430.5,456.5,448.4,31.8,316.2,394.9,592.6,472.8,61.0,676.1,340.4,584.9,228.1,662.0,534.6,870.6,593.0,26.7,419.1,731.3,416.2,613.4,721.9,288.5,665.5,7.4,133.7,79.1,782.4,416.4,532.1,36.6,357.8,534.1,518.6,588.1,7.5,484.9,247.8,308.9,944.4,806.5,713.9,504.8,681.1,770.2,292.4,907.9,620.7,133.9,296.1,296.2,423.4,753.5,123.0,901.7,676.9,346.2,408.7,298.6,290.1,311.6,938.3,695.7,503.4,887.4,952.5,333.3,670.0,513.2,434.5,561.7,1032.8,398.8,918.8,843.9,617.2,717.5,467.5,449.5,411.5,594.2,927.7,552.2,421.4,76.7,511.2,734.5,517.9,427.4,311.6,482.1,83.8,875.1
27,803.4,701.0,734.2,398.8,452.0,386.1,611.5,279.3,1010.1,463.0,562.5,208.2,1084.0,247.8,514.0,272.3,447.6,591.4,331.2,20.5,905.1,740.4,735.6,307.8,328.9,199.1,212.3,0.0,710.7,326.8,931.4,655.3,435.6,940.8,762.7,273.4,666.4,399.0,800.2,452.2,392.4,1095.0,773.3,749.3,548.2,564.0,1006.6,820.4,718.1,931.3,762.1,442.3,404.9,1024.1,288.3,364.2,357.3,20.3,1036.8,1045.6,234.3,1164.0,264.8,738.7,276.0,579.4,224.8,1084.9,1083.8,429.4,453.8,743.1,1095.0,276.5,758.7,216.5,393.3,972.8,529.7,124.7,962.0,584.2,418.1,813.9,750.2,573.2,284.3,576.8,560.2,224.3,275.5,328.6,788.9,357.3,610.1,351.8,650.5,591.4,992.8,574.5,478.9,1081.4,802.4,309.9,205.7,272.9,699.4,774.8,1057.1,559.1,534.7,577.3,213.3,441.1,395.8,670.8,597.7,242.5,677.0,317.1,663.1,229.0,754.8,659.5,999.5,671.2,208.2,351.0,809.5,541.1,611.7,846.8,289.4,666.4,219.7,315.2,177.4,860.6,545.3,610.3,218.1,358.7,663.0,643.5,586.4,219.8,285.2,372.7,394.2,1022.6,935.4,788.9,505.7,806.0,899.1,269.1,1036.8,745.6,232.2,424.7,272.9,501.6,831.7,221.3,1030.6,677.8,133.9,537.6,449.1,77.8,396.9,1067.2,735.6,632.3,1016.3,1081.4,334.2,768.0,642.1,435.4,686.6,1161.7,371.3,1047.7,972.8,742.1,842.4,468.4,237.2,540.1,672.4,1052.6,677.1,422.3,175.0,636.1,812.7,596.1,556.3,396.9,611.0,128.5,953.3
28,1385.4,716.8,745.7,587.6,818.3,752.4,682.4,615.5,536.4,968.6,884.0,583.0,451.7,728.4,198.6,875.7,908.7,662.3,599.2,690.2,516.5,955.8,826.3,567.6,601.5,693.1,632.5,710.7,0.0,927.6,676.2,1256.1,1036.4,685.6,717.2,767.4,1267.2,999.8,89.5,1053.0,960.5,664.3,793.2,700.5,619.1,1164.8,532.9,806.8,699.5,442.3,51.4,1043.1,890.7,492.8,670.9,367.5,545.9,690.4,505.5,481.3,654.5,561.7,889.8,1101.7,612.2,701.3,728.2,389.7,388.6,795.7,1054.6,958.5,664.3,612.7,709.9,841.5,567.1,436.3,1130.5,749.7,441.7,262.5,1018.9,103.2,39.5,1174.0,620.5,784.2,150.5,525.6,698.9,485.4,986.7,531.1,732.0,952.6,756.3,662.3,522.9,523.6,845.2,474.7,91.7,872.7,608.3,897.9,698.7,638.6,450.4,630.0,176.0,526.6,633.5,807.4,996.6,327.4,766.8,662.7,1277.8,942.1,47.6,829.8,934.8,913.7,525.8,142.1,628.4,845.0,188.7,839.6,1215.1,737.0,890.2,1267.2,639.9,575.0,680.8,165.4,494.4,130.4,638.3,959.5,662.3,749.3,1189.8,640.0,779.2,739.0,899.8,327.4,531.6,986.7,1106.5,953.9,569.5,894.1,505.5,696.8,735.6,561.7,897.9,211.0,166.5,724.7,346.8,1278.6,640.6,434.5,546.6,688.9,902.5,502.9,968.5,631.6,542.6,474.7,935.0,942.8,641.4,1036.2,882.5,529.4,865.3,516.4,436.3,810.4,990.3,1069.2,473.5,611.0,143.3,673.1,892.0,1023.1,678.4,741.9,102.0,274.4,505.4,902.5,610.3,685.5,258.1
29,656.2,684.3,693.5,409.6,376.7,354.8,619.8,392.9,996.8,376.6,485.4,535.0,1070.7,258.6,730.9,99.9,364.9,602.2,378.7,347.3,891.8,649.0,694.9,421.4,376.4,489.6,325.9,326.8,927.6,0.0,918.1,436.5,220.0,927.5,722.0,415.3,425.4,130.6,1017.1,177.8,301.0,1054.3,732.6,732.6,559.0,280.2,993.3,779.7,701.4,918.0,979.0,350.9,322.2,1010.8,401.9,691.0,407.7,347.1,1023.5,1032.3,347.9,1123.3,206.7,647.3,389.6,562.7,338.4,1078.1,1099.2,354.1,170.0,651.7,1054.3,356.1,729.3,232.6,449.8,959.5,245.9,262.5,948.7,801.1,261.1,1030.8,967.1,481.8,397.9,532.9,777.1,551.1,286.3,442.2,697.5,470.9,593.4,124.9,633.8,602.2,979.5,585.3,399.0,1068.1,1019.3,225.8,319.3,289.0,710.2,783.3,1043.8,569.9,751.6,588.1,326.9,365.8,234.2,887.7,553.8,356.1,414.8,259.0,880.0,97.8,663.4,594.6,986.2,888.1,321.8,337.7,1026.4,464.0,379.8,822.4,134.1,425.4,333.3,428.8,273.4,1077.5,556.1,827.2,331.7,74.9,673.8,626.8,370.9,333.4,403.5,356.0,311.3,1090.1,922.1,697.5,221.9,741.1,885.8,285.2,1023.5,728.9,345.8,435.5,289.0,718.5,1048.6,334.9,1017.3,394.0,460.7,548.4,460.5,404.6,314.2,1053.9,644.2,643.1,1003.0,1068.1,7.4,676.6,652.9,229.2,621.7,1148.4,317.4,1034.4,959.5,701.4,777.5,184.6,564.0,550.9,889.3,1011.9,612.2,330.9,275.8,619.4,1029.6,813.0,567.1,314.2,621.8,242.1,1077.0
30,1341.3,299.8,328.7,546.9,561.4,589.9,443.1,785.5,344.3,608.0,515.2,964.5,411.8,687.0,734.0,944.8,580.3,463.2,621.8,951.9,232.9,525.1,395.6,775.0,624.1,1074.6,802.5,931.4,676.2,918.1,0.0,880.1,748.0,53.2,300.2,1148.9,891.2,817.0,586.7,764.6,650.5,298.0,376.2,283.5,503.3,887.2,340.8,228.8,282.5,259.1,624.8,708.7,617.0,358.3,840.9,749.0,649.3,951.7,371.0,379.8,824.5,367.0,1007.2,671.0,782.2,355.4,858.6,419.2,440.3,584.0,772.4,527.8,298.0,707.5,292.9,958.9,667.1,300.6,852.9,867.1,289.8,787.2,730.5,573.0,636.7,798.0,790.5,400.6,780.2,907.1,681.3,709.8,442.2,703.1,324.7,861.8,339.3,463.2,327.0,436.5,545.1,409.2,584.5,735.7,778.3,1015.3,290.2,221.6,384.9,453.7,754.7,433.5,803.5,572.3,708.2,700.6,383.2,832.7,901.8,1059.5,723.8,820.3,504.1,488.1,333.7,818.3,798.4,1138.2,561.9,470.8,986.8,269.1,799.4,891.2,809.9,782.4,767.0,510.8,465.7,806.6,808.3,915.8,329.8,332.3,977.9,810.0,1160.7,576.5,660.1,431.2,263.2,442.2,828.9,458.2,142.5,1011.5,371.0,279.8,866.0,521.0,1015.3,721.6,539.7,855.1,358.4,922.6,1022.1,496.2,505.9,1009.2,631.5,401.4,495.5,378.9,350.5,409.2,925.5,512.1,308.9,747.8,451.8,399.3,1117.9,381.9,300.6,307.1,494.6,791.6,855.0,511.4,819.5,255.6,461.3,688.7,769.4,324.9,574.2,775.3,454.7,631.5,357.6,815.9,418.1
31,461.2,687.9,565.1,715.5,474.6,540.5,691.7,721.4,972.5,355.9,498.1,863.5,1046.4,568.1,1059.4,493.4,387.2,711.8,698.2,675.8,867.5,396.4,506.7,749.9,695.9,784.2,654.4,655.3,1256.1,436.5,880.1,0.0,321.1,889.5,593.6,709.9,11.1,329.1,1221.3,278.9,326.3,925.9,604.2,610.3,750.2,172.7,969.0,651.3,705.0,893.7,1259.4,213.0,406.5,986.5,730.4,1019.5,730.8,675.6,999.2,1008.0,676.4,994.9,600.2,394.7,718.1,607.1,666.9,1053.8,1074.9,497.2,271.1,399.1,925.9,679.2,600.9,626.1,769.3,935.2,190.6,591.0,924.4,1129.6,352.0,1207.6,1271.3,119.7,726.4,521.1,1105.6,879.6,609.4,770.7,444.9,795.4,597.0,437.6,637.4,711.8,955.2,904.5,448.6,1043.8,1219.1,457.6,647.8,682.5,827.6,759.0,1019.5,700.6,1080.1,907.3,655.4,485.5,329.7,1216.2,542.0,684.6,21.7,638.2,1208.5,491.3,410.8,512.6,961.9,1216.6,650.3,632.3,1196.5,476.7,272.3,694.0,432.1,11.1,661.8,757.3,596.5,1145.4,875.3,1155.7,660.2,418.8,867.2,630.4,263.4,661.9,698.1,553.9,398.9,1065.8,897.8,444.9,214.6,506.9,861.5,678.7,999.2,614.0,674.3,741.4,682.5,1047.0,1174.3,663.4,993.0,42.5,789.2,867.6,779.7,733.1,375.9,1029.6,391.6,916.3,978.7,1043.8,443.9,424.0,846.3,330.3,476.3,1027.2,612.0,1010.1,935.2,573.0,543.3,251.9,892.5,758.3,1217.8,883.5,485.8,233.0,598.9,623.0,1208.8,1141.5,886.3,375.9,895.0,570.6,1052.7
