,0,1,2,3,4,5,6,7,8,9,10,11,12,13,14,15,16,17,18,19,20,21,22,23,24,25,26,27,28,29,30,31,32,33,34,35,36,37,38,39,40,41,42,43,44,45,46,47,48,49,50,51,52,53,54,55,56,57,58,59,60,61,62,63,64,65,66,67,68,69,70,71,72,73,74,75,76,77,78,79,80,81,82,83,84,85,86,87,88,89,90,91,92,93,94,95,96,97,98,99,100,101,102,103,104,105,106,107,108,109,110,111,112,113,114,115,116,117,118,119,120,121,122,123,124,125,126,127,128,129,130,131,132,133,134,135,136,137,138,139,140,141,142,143,144,145,146,147,148,149,150,151,152,153,154,155,156,157,158,159,160,161,162,163,164,165,166,167,168,169,170,171,172,173,174,175,176,177,178,179,180,181,182,183,184,185,186,187,188,189,190,191,192,193,194,195,196,197,198,199,200,201,202
0,0.0,1114.7,821.4,792.9,1489.6,887.4,1341.7,880.3,783.9,736.3,1506.4,1145.4,674.2,1145.4,1344.2,844.5,676.3,1065.0,997.6,1111.6,730.0,1465.3,1103.2,721.3,818.2,1091.8,1142.5,1416.4,1124.1,738.0,808.1,1097.8,1374.7,908.3,1112.5,891.7,652.6,734.4,1288.6,691.0,1490.8,1478.5,798.6,876.6,1472.6,1206.2,803.2,1128.1,877.4,931.8,851.8,535.0,1488.0,650.5,1301.8,872.0,795.4,863.5,701.9,1413.8,1018.3,452.8,538.6,1144.8,1357.9,919.5,1330.8,825.6,932.2,570.5,758.1,1081.3,814.4,651.1,1324.1,844.3,836.0,450.7,839.8,566.8,1446.0,860.9,1209.5,1062.5,418.7,511.5,1144.8,1122.1,1138.0,863.6,1309.3,1487.4,607.8,1075.5,639.2,614.0,808.0,1131.9,678.3,424.1,1099.7,901.2,842.6,850.7,1112.4,1116.6,1370.7,869.3,988.5,768.0,618.0,790.8,1469.2,680.5,646.9,1013.2,1102.1,1328.9,1048.8,637.8,419.2,1156.0,1430.2,1284.9,1016.6,691.0,601.7,1532.3,1028.7,590.5,1413.8,1127.5,1210.5,880.1,1222.2,1156.0,860.9,1296.4,587.6,1269.9,428.5,854.3,835.3,1251.8,1317.7,1430.6,891.7,1124.1,645.4,1109.6,727.9,906.1,879.3,1326.9,719.9,921.4,1320.6,559.9,1341.7,1117.2,995.0,1234.6,865.4,1519.4,862.2,583.5,716.3,668.5,1116.5,1145.7,1174.5,843.9,1038.9,1055.1,895.8,888.2,1068.0,750.6,1108.7,882.5,1234.9,1323.1,1042.7,1270.8,1099.7,783.5,900.5,937.3,660.0,682.5,1331.3,822.2,1113.7,1495.0,1068.0,1145.4,820.3,681.5,872.1,485.4,893.7,721.3,1513.9
1,1114.7,0.0,553.0,358.5,567.0,443.3,432.8,334.0,602.5,478.5,712.9,30.7,468.0,30.7,421.6,295.7,438.4,129.9,719.2,3.1,384.7,542.7,168.1,493.5,363.2,226.6,306.5,493.8,9.4,475.9,327.0,16.9,452.1,218.5,318.0,521.2,605.5,552.8,596.1,714.8,568.2,555.9,469.1,391.1,678.1,283.6,621.8,13.4,347.1,261.4,356.9,607.2,565.4,491.2,609.3,341.7,422.0,392.3,545.5,721.3,151.3,661.9,576.1,297.2,665.4,738.1,408.2,513.9,358.1,544.2,489.7,286.8,502.7,596.3,401.5,369.6,728.9,691.5,571.4,734.8,753.5,679.5,361.9,52.2,723.5,735.9,297.2,429.6,52.6,328.5,464.0,564.8,665.4,94.1,552.9,543.1,373.4,439.4,702.1,690.6,90.9,627.9,425.1,417.0,177.3,74.0,678.2,398.4,710.1,499.6,632.5,609.4,765.6,536.8,467.8,218.7,254.5,420.0,120.8,566.9,723.0,320.0,507.6,362.3,174.6,714.8,635.8,618.8,234.2,688.5,721.3,72.0,362.9,402.7,529.7,308.4,465.2,373.8,621.7,475.4,713.7,674.8,523.6,350.8,523.2,508.0,521.2,9.4,598.3,435.3,386.8,393.6,444.6,404.3,497.4,400.7,475.3,763.7,432.8,2.5,119.7,542.1,370.5,596.8,322.1,531.2,501.0,844.9,74.1,298.1,361.1,372.2,511.2,186.8,500.1,524.7,132.9,464.2,6.0,352.2,542.4,630.6,107.6,578.3,90.9,515.1,332.2,755.9,557.3,474.0,486.0,510.5,266.1,572.4,132.9,30.7,473.0,705.3,476.4,745.8,325.4,506.5,591.3
2,821.4,553.0,0.0,385.2,997.0,212.6,862.8,228.0,209.1,134.5,853.0,522.5,457.7,522.5,851.6,409.4,394.2,563.3,422.8,549.9,373.4,972.7,601.5,119.5,335.9,660.0,739.9,923.8,543.8,636.2,377.5,536.1,882.1,495.9,751.4,216.9,338.6,363.5,635.2,321.4,998.2,985.9,123.8,201.8,1111.5,654.8,228.4,539.8,723.3,493.5,733.1,596.9,995.4,447.0,648.4,717.9,131.0,251.6,152.1,760.4,446.7,606.9,521.1,507.4,704.5,344.7,838.2,150.8,257.4,489.2,83.3,720.2,139.6,202.9,831.5,216.3,439.0,681.2,18.4,341.4,792.6,286.1,572.1,504.6,693.2,342.5,507.4,468.7,500.6,235.6,894.0,994.8,296.4,459.7,286.0,445.7,325.7,478.5,308.7,635.6,462.3,497.5,167.8,175.9,610.7,479.2,717.3,194.5,413.7,53.4,306.6,216.0,815.8,387.0,423.6,652.1,464.7,850.0,433.0,421.9,693.7,753.4,937.6,792.3,379.2,321.4,290.3,1048.8,667.6,295.1,760.4,490.1,573.1,778.3,568.8,518.6,186.1,803.8,276.2,908.8,703.0,457.3,160.5,614.4,956.6,938.0,216.9,543.8,331.4,434.8,375.5,769.8,204.5,834.3,347.6,246.6,905.3,370.3,862.8,550.7,437.1,581.2,746.7,1026.8,379.2,476.2,351.2,451.5,479.1,508.3,794.5,199.1,550.3,417.7,221.0,213.4,566.3,148.8,547.0,728.4,581.5,669.7,541.0,617.4,462.3,37.9,708.4,362.5,407.5,429.8,916.0,147.4,476.3,1002.4,566.3,522.5,718.5,311.9,197.3,641.5,701.6,100.1,974.6
3,792.9,358.5,385.2,0.0,733.8,451.2,599.6,320.9,434.7,310.7,879.7,389.2,134.1,389.2,588.4,93.7,116.6,296.7,648.4,355.4,63.4,709.5,334.9,325.7,95.5,393.4,473.3,660.6,367.9,312.6,53.9,341.6,618.9,140.0,445.4,455.5,364.2,294.7,863.0,547.0,735.0,722.7,362.4,365.2,805.5,450.4,454.0,371.9,384.2,176.0,394.0,273.3,732.2,169.4,876.2,378.8,254.2,145.3,377.7,987.8,262.3,340.1,254.3,585.1,932.3,570.3,575.0,389.4,406.2,222.4,321.9,414.2,378.2,428.5,568.3,180.6,664.6,357.6,403.6,567.0,955.6,511.7,577.3,306.3,389.6,568.1,585.1,696.5,406.5,221.7,630.8,731.6,456.0,319.5,364.6,221.3,89.6,706.3,534.3,368.8,432.5,723.1,399.2,391.1,344.1,427.9,945.1,372.5,639.3,331.8,421.4,441.6,932.4,215.0,146.0,346.1,542.4,586.8,292.8,245.1,389.1,486.8,674.4,529.1,329.8,547.0,424.7,785.6,361.6,490.6,987.8,378.3,551.7,439.8,796.6,586.6,424.7,540.6,410.6,602.8,379.8,682.9,399.1,517.6,650.6,674.8,455.5,367.9,357.0,662.6,65.5,430.7,443.1,571.1,175.6,474.4,642.1,595.9,599.6,361.0,239.0,809.0,407.6,763.6,119.6,209.4,179.2,677.1,428.0,586.0,507.4,302.7,778.1,475.2,459.6,452.0,299.7,296.4,352.5,389.3,809.3,897.5,274.4,845.2,432.5,347.3,369.3,588.1,235.5,152.2,652.8,386.0,554.0,739.2,299.7,389.2,394.9,537.5,435.9,424.0,362.5,338.7,758.1
4,1489.6,567.0,997.0,733.8,0.0,887.0,394.2,777.7,1046.5,922.5,297.2,597.7,843.3,597.7,315.0,684.1,825.8,455.7,993.7,563.9,772.6,265.2,451.9,937.5,751.6,397.8,440.0,310.7,576.4,786.6,715.4,550.1,170.2,593.8,471.6,964.9,1049.1,992.7,515.0,1158.8,290.7,311.4,912.8,834.8,172.5,342.2,1065.8,580.4,657.8,649.8,667.6,954.6,245.5,878.6,580.9,652.4,866.0,830.1,989.5,405.3,605.0,1049.3,963.5,489.6,534.2,1041.0,221.0,957.6,801.8,931.6,933.7,470.7,946.4,1040.3,214.3,813.2,1003.4,1038.9,1015.4,1178.8,373.1,1086.8,469.1,514.8,1070.9,1179.9,489.6,681.5,616.5,772.1,425.4,287.3,1109.4,592.5,996.5,930.5,761.8,671.7,1146.1,1078.0,642.5,902.4,868.8,860.7,389.7,637.9,600.6,842.1,984.6,943.6,1076.1,1053.4,349.9,924.2,855.2,476.4,626.9,381.4,619.2,954.3,1070.4,394.3,320.7,204.7,672.5,1158.8,1079.4,51.8,460.9,1132.5,405.3,588.3,443.5,711.0,596.9,478.4,908.9,260.8,1065.3,423.6,1061.1,949.3,967.3,409.4,266.4,321.1,964.9,576.4,1041.9,715.4,774.7,685.0,888.3,162.7,884.8,844.4,436.7,1207.7,394.2,569.5,563.3,586.4,681.2,235.0,710.5,918.6,888.4,1135.1,638.0,568.1,435.3,815.9,785.7,643.7,943.8,968.4,458.7,908.2,561.0,662.9,584.2,553.0,459.4,532.8,642.5,959.1,642.9,1058.8,944.7,861.4,447.4,954.2,600.3,327.9,458.7,597.7,783.7,1149.3,920.1,1133.2,636.1,950.5,175.6
5,887.4,443.3,212.6,451.2,887.0,0.0,752.8,157.8,275.1,200.5,653.8,412.8,523.7,412.8,741.6,385.9,460.2,504.6,488.8,440.2,439.4,862.7,542.8,185.5,397.8,601.3,681.2,813.8,434.1,702.2,428.7,426.4,772.1,438.3,692.7,140.9,404.6,429.5,436.0,387.4,888.2,875.9,88.8,100.6,1052.8,544.8,294.4,430.1,664.9,435.9,674.7,662.9,885.4,513.0,449.2,659.5,197.0,317.6,218.1,561.2,337.0,672.9,587.1,397.4,505.3,410.7,728.2,133.6,110.8,555.2,129.3,661.5,122.4,268.9,721.5,282.3,505.0,747.2,231.0,407.4,593.4,352.1,462.1,426.9,759.2,408.5,397.4,269.5,390.9,274.2,784.0,884.8,362.4,350.0,352.0,511.7,391.7,279.3,374.7,701.6,352.6,467.8,66.6,74.7,552.0,369.5,518.1,93.3,479.7,159.2,372.6,282.0,616.6,453.0,489.6,593.4,354.7,740.0,323.3,487.9,759.7,655.7,827.6,682.3,269.5,387.4,356.3,938.8,608.9,361.1,561.2,380.4,463.1,720.5,369.6,408.6,84.9,693.8,342.2,846.4,769.0,514.7,143.3,504.4,897.9,828.0,140.9,434.1,397.4,235.6,441.5,711.4,26.9,724.3,413.6,59.6,795.3,436.3,752.8,441.0,378.7,382.0,688.3,889.2,359.1,542.2,417.2,517.5,369.4,398.3,696.7,204.9,351.1,307.7,119.8,144.4,507.6,214.8,437.3,670.0,382.3,470.5,482.3,418.2,352.6,174.7,650.0,428.5,473.5,495.8,806.0,130.2,366.3,892.4,507.6,412.8,784.5,377.9,96.1,707.5,643.2,166.1,775.4
6,1341.7,432.8,862.8,599.6,394.2,752.8,0.0,643.5,912.3,788.3,540.1,463.5,709.1,463.5,255.2,549.9,691.6,321.5,957.4,429.7,638.4,376.3,317.7,803.3,617.4,263.6,305.8,327.4,442.2,638.7,581.2,415.9,279.3,459.6,229.2,830.7,914.9,858.5,757.9,1024.6,401.8,389.5,778.6,700.6,383.9,208.0,931.6,446.2,509.9,515.6,519.7,806.7,392.6,744.4,823.8,504.5,731.8,695.9,855.3,648.2,470.8,915.1,829.3,355.4,777.1,1004.7,235.4,823.4,667.6,797.4,799.5,318.4,812.2,906.1,228.7,679.0,967.1,891.0,881.2,1044.6,616.0,989.3,334.9,380.6,923.0,1045.7,355.4,667.8,482.3,637.9,75.8,398.4,975.2,458.3,862.3,796.3,627.6,677.6,1011.9,943.8,508.3,866.1,734.6,726.5,255.5,503.7,843.5,707.9,948.3,809.4,941.9,919.2,592.8,790.0,721.0,342.2,492.7,12.8,485.0,820.1,922.5,260.1,341.2,189.5,538.3,1024.6,945.2,443.6,326.7,998.3,648.2,454.1,309.3,468.6,767.9,344.2,774.7,133.4,931.1,138.2,913.2,913.0,833.1,275.2,229.0,341.6,830.7,442.2,907.7,673.5,640.5,442.6,754.1,231.5,750.6,710.2,87.1,1073.5,0.0,435.3,429.1,780.3,533.3,424.0,576.3,784.4,754.2,1098.8,503.8,433.9,255.6,681.7,749.4,509.5,809.6,834.2,324.5,774.0,426.8,515.0,780.6,795.9,325.2,775.7,508.3,824.9,495.0,1022.5,810.5,727.2,97.8,820.0,466.1,406.0,324.5,463.5,635.8,1015.1,785.9,999.0,488.2,816.3,418.5
7,880.3,334.0,228.0,320.9,777.7,157.8,643.5,0.0,290.5,168.4,771.7,303.5,429.2,303.5,632.3,228.1,371.4,347.9,504.2,330.9,326.3,753.4,386.1,183.4,240.0,444.6,524.5,704.5,324.8,607.7,270.9,317.1,662.8,280.5,536.0,187.3,319.1,340.7,553.9,402.8,778.9,766.6,135.2,57.2,896.1,435.5,309.8,320.8,507.9,278.1,517.7,568.4,776.1,424.2,567.1,502.5,111.9,192.8,233.5,679.1,227.7,587.4,501.6,288.1,623.2,426.1,618.9,180.0,97.1,469.7,164.7,504.8,168.8,284.3,612.2,157.5,520.4,652.7,246.4,422.8,711.3,367.5,352.8,289.2,673.7,423.9,288.1,387.4,281.6,116.4,674.7,775.5,355.3,240.7,266.5,426.2,250.2,397.2,390.1,616.1,243.3,578.9,91.2,83.1,395.3,260.2,636.0,64.5,495.1,174.6,346.1,297.4,734.5,364.2,400.8,436.7,245.4,630.7,214.0,402.4,674.2,538.0,718.3,573.0,160.2,402.8,349.2,829.5,452.2,376.5,679.1,271.1,353.8,563.5,487.5,299.3,131.3,584.5,335.1,693.4,674.9,538.7,189.7,395.1,741.2,718.7,187.3,324.8,311.9,353.5,328.4,554.4,149.7,615.0,324.8,165.3,686.0,451.7,643.5,331.7,221.7,499.9,531.3,807.5,201.3,456.7,328.4,532.9,260.1,289.0,579.1,61.8,469.0,198.4,166.2,190.8,350.9,154.1,328.0,513.0,500.2,588.4,325.6,536.1,243.3,190.1,493.0,443.9,384.7,407.0,696.7,176.6,257.0,783.1,350.9,303.5,633.8,393.3,142.5,671.3,486.2,181.5,802.0
8,783.9,602.5,209.1,434.7,1046.5,275.1,912.3,290.5,0.0,124.0,851.2,572.0,422.8,572.0,901.1,458.9,359.3,612.8,213.7,599.4,376.8,1022.2,651.0,109.0,385.4,709.5,789.4,973.3,593.3,601.3,427.0,585.6,931.6,545.4,800.9,279.4,303.7,328.6,633.4,262.3,1047.7,1035.4,186.3,264.3,1161.0,704.3,19.3,589.3,740.7,543.0,715.1,562.0,1044.9,412.1,646.6,735.3,193.5,301.1,93.0,758.6,496.2,572.0,486.2,556.9,702.7,135.6,887.7,213.3,319.9,454.3,145.8,769.7,202.1,143.8,881.0,265.8,229.9,646.3,227.5,282.3,790.8,77.0,621.6,554.1,658.3,283.4,556.9,466.9,550.1,285.1,943.5,1044.3,258.9,509.2,251.1,410.8,375.2,476.7,249.6,600.7,511.8,288.4,230.3,238.4,660.2,528.7,715.5,257.0,204.6,155.7,269.1,6.9,814.0,352.1,388.7,701.6,514.2,899.5,482.5,387.0,658.8,802.9,987.1,841.8,428.7,262.3,252.8,1098.3,717.1,236.0,758.6,539.6,622.6,743.4,567.0,568.1,248.6,853.3,238.7,958.3,668.1,248.2,223.0,663.9,1006.1,987.5,279.4,593.3,296.5,478.2,374.7,769.4,267.0,883.8,312.7,309.1,954.8,311.2,912.3,600.2,486.6,579.4,728.7,1076.3,428.7,441.3,316.3,242.4,528.6,557.8,844.0,256.0,383.7,467.2,283.5,275.9,615.8,138.3,596.5,745.8,579.7,667.9,590.5,615.6,511.8,171.2,757.9,153.4,372.6,394.9,965.5,209.9,525.8,1051.9,615.8,572.0,683.6,252.8,259.8,604.0,751.1,109.0,972.8
9,736.3,478.5,134.5,310.7,922.5,200.5,788.3,168.4,124.0,0.0,840.9,448.0,346.4,448.0,777.1,334.9,282.9,488.8,337.7,475.4,298.9,898.2,527.0,15.0,261.4,585.5,665.4,849.3,469.3,524.9,303.0,461.6,807.6,421.4,676.9,204.8,227.3,252.2,623.1,236.3,923.7,911.4,111.7,189.7,1037.0,580.3,143.3,465.3,648.8,419.0,638.7,485.6,920.9,335.7,636.3,643.4,83.5,177.1,67.0,748.3,372.2,495.6,409.8,432.9,692.4,259.6,763.7,138.7,235.5,377.9,71.2,645.7,127.5,117.8,757.0,141.8,353.9,569.9,152.9,256.3,780.5,201.0,497.6,430.1,581.9,257.4,432.9,456.6,426.1,161.1,819.5,920.3,211.3,385.2,174.7,334.4,251.2,466.4,223.6,524.3,387.8,412.4,155.7,163.8,536.2,404.7,705.2,182.4,328.6,81.1,221.5,130.9,803.7,275.7,312.3,577.6,390.2,775.5,358.5,310.6,582.4,678.9,863.1,717.8,304.7,236.3,205.2,974.3,593.1,210.0,748.3,415.6,498.6,667.0,556.7,444.1,174.0,729.3,191.1,834.3,591.7,372.2,148.4,539.9,882.1,863.5,204.8,469.3,220.1,422.7,298.3,693.0,192.4,759.8,236.3,234.5,830.8,285.2,788.3,476.2,362.6,569.1,652.3,952.3,304.7,364.9,239.9,366.4,404.6,433.8,720.0,132.0,507.7,343.2,208.9,201.3,491.8,11.6,472.5,653.9,569.4,657.6,466.5,605.3,387.8,96.6,633.9,277.4,296.2,318.5,841.5,135.3,401.8,927.9,491.8,448.0,607.2,226.8,185.2,556.4,627.1,34.4,946.8
10,1506.4,712.9,853.0,879.7,297.2,653.8,540.1,771.7,851.2,840.9,0.0,743.6,989.2,743.6,426.6,830.0,971.7,601.6,696.5,709.8,918.5,340.9,597.8,825.9,897.5,543.7,585.9,386.4,722.3,932.5,861.3,696.0,316.1,739.7,670.3,781.3,1045.0,1069.9,217.8,1027.8,366.4,387.1,729.2,733.6,469.7,488.1,831.9,726.3,803.7,795.7,813.5,1100.5,321.2,1024.5,313.7,798.3,826.6,947.2,858.5,138.1,750.9,1195.2,1109.4,635.5,267.0,743.8,366.9,774.0,674.6,1077.5,769.7,616.6,762.8,909.3,360.2,911.9,706.2,1184.8,871.4,1047.8,105.9,789.6,615.0,660.7,1216.8,1048.9,635.5,384.3,761.5,888.1,571.3,363.0,1002.8,738.4,992.4,1076.4,907.7,374.5,1015.1,1223.9,723.2,605.2,707.0,715.1,535.6,740.1,333.4,733.7,687.4,799.6,1013.0,844.3,82.7,1070.1,1001.1,622.3,559.4,527.3,765.1,1100.2,1216.3,540.2,396.4,350.6,772.5,1027.8,996.7,349.0,606.8,1001.5,138.1,734.2,589.4,859.3,329.7,624.3,725.3,406.7,982.6,633.7,1207.0,652.1,783.7,555.3,563.6,396.8,781.3,722.3,1037.8,418.2,920.6,850.2,667.3,308.6,1030.7,606.4,582.6,1076.7,540.1,715.4,709.2,319.2,827.1,235.4,856.4,1064.5,1034.3,837.9,740.0,647.6,581.2,819.9,488.5,670.8,760.2,784.8,604.6,855.2,706.9,808.8,317.0,285.8,605.3,235.6,723.2,815.1,788.8,761.6,1090.6,1007.3,593.3,770.6,615.4,403.6,604.6,743.6,929.6,1018.3,736.5,1279.1,782.0,806.5,121.6
11,1145.4,30.7,522.5,389.2,597.7,412.8,463.5,303.5,572.0,448.0,743.6,0.0,498.7,0.0,452.3,326.4,469.1,160.6,688.7,33.8,415.4,573.4,198.8,463.0,393.9,257.3,337.2,524.5,21.3,506.6,357.7,47.6,482.8,249.2,348.7,490.7,598.7,583.5,565.6,684.3,598.9,586.6,438.6,360.6,708.8,314.3,591.3,17.3,377.8,292.1,387.6,637.9,596.1,521.9,578.8,372.4,391.5,423.0,515.0,690.8,157.3,692.6,606.8,266.7,634.9,707.6,438.9,483.4,327.6,574.9,459.2,317.5,472.2,565.8,432.2,400.3,698.4,722.2,540.9,704.3,723.0,649.0,331.4,82.9,754.2,705.4,266.7,399.1,21.9,359.2,494.7,595.5,634.9,100.1,546.1,573.8,404.1,408.9,671.6,721.3,60.2,597.4,394.6,386.5,208.0,43.3,647.7,367.9,679.6,469.1,625.7,578.9,746.2,567.5,498.5,249.4,224.0,450.7,126.8,597.6,753.7,350.7,538.3,393.0,162.9,684.3,628.8,649.5,264.9,658.0,690.8,41.3,332.4,433.4,499.2,277.9,434.7,404.5,614.7,506.1,744.4,644.3,493.1,373.7,553.9,538.7,490.7,21.3,591.5,404.8,417.5,424.3,414.1,435.0,528.1,370.2,506.0,733.2,463.5,28.2,150.4,511.6,401.2,627.5,352.8,561.9,531.7,814.4,43.4,267.6,391.8,341.7,480.7,156.3,469.6,494.2,163.6,433.7,36.7,382.9,511.9,600.1,138.3,547.8,60.2,484.6,362.9,725.4,588.0,504.7,516.7,480.0,235.6,603.1,163.6,0.0,503.7,674.8,445.9,776.5,356.1,476.0,622.0
12,674.2,468.0,457.7,134.1,843.3,523.7,709.1,429.2,422.8,346.4,989.2,498.7,0.0,498.7,697.9,202.0,99.7,406.2,636.5,464.9,117.2,819.0,444.4,357.6,193.5,502.9,582.8,770.1,477.4,178.5,161.4,451.1,728.4,249.5,553.0,528.0,347.3,277.8,946.3,535.1,844.5,832.2,434.9,458.9,913.1,559.9,442.1,481.4,317.9,285.1,292.3,139.2,841.7,152.5,959.5,312.5,347.9,239.0,365.8,1071.5,371.6,323.2,237.4,693.4,1015.6,558.4,684.5,461.9,499.9,205.5,394.4,521.8,450.7,416.6,677.8,274.3,652.7,223.5,476.1,551.6,1065.1,499.8,686.8,415.8,255.5,552.7,693.4,779.8,515.8,315.4,740.3,841.1,439.1,428.8,351.5,204.4,183.3,789.6,522.4,313.1,541.8,711.2,478.9,484.8,453.6,537.2,1028.4,466.2,627.4,404.3,404.5,429.7,1041.9,198.1,129.1,453.7,650.7,696.3,402.1,228.2,255.0,596.3,783.9,638.6,439.1,535.1,407.8,895.1,469.2,473.7,1071.5,487.6,661.2,320.6,879.9,696.1,497.2,650.1,393.7,710.4,245.7,671.0,471.6,627.1,758.2,784.3,528.0,477.4,340.1,745.9,115.1,346.6,515.6,680.6,158.7,557.7,751.6,580.5,709.1,470.5,348.3,892.3,305.9,873.1,227.9,192.5,162.3,665.2,537.3,694.3,615.0,396.4,806.5,584.5,532.1,524.5,409.2,332.1,462.0,323.0,892.6,980.8,383.9,928.5,541.8,419.8,341.0,576.2,218.6,135.3,762.3,458.5,662.3,848.7,409.2,498.7,260.8,525.6,508.4,407.1,334.2,357.6,867.6
13,1145.4,30.7,522.5,389.2,597.7,412.8,463.5,303.5,572.0,448.0,743.6,0.0,498.7,0.0,452.3,326.4,469.1,160.6,688.7,33.8,415.4,573.4,198.8,463.0,393.9,257.3,337.2,524.5,21.3,506.6,357.7,47.6,482.8,249.2,348.7,490.7,598.7,583.5,565.6,684.3,598.9,586.6,438.6,360.6,708.8,314.3,591.3,17.3,377.8,292.1,387.6,637.9,596.1,521.9,578.8,372.4,391.5,423.0,515.0,690.8,157.3,692.6,606.8,266.7,634.9,707.6,438.9,483.4,327.6,574.9,459.2,317.5,472.2,565.8,432.2,400.3,698.4,722.2,540.9,704.3,723.0,649.0,331.4,82.9,754.2,705.4,266.7,399.1,21.9,359.2,494.7,595.5,634.9,100.1,546.1,573.8,404.1,408.9,671.6,721.3,60.2,597.4,394.6,386.5,208.0,43.3,647.7,367.9,679.6,469.1,625.7,578.9,746.2,567.5,498.5,249.4,224.0,450.7,126.8,597.6,753.7,350.7,538.3,393.0,162.9,684.3,628.8,649.5,264.9,658.0,690.8,41.3,332.4,433.4,499.2,277.9,434.7,404.5,614.7,506.1,744.4,644.3,493.1,373.7,553.9,538.7,490.7,21.3,591.5,404.8,417.5,424.3,414.1,435.0,528.1,370.2,506.0,733.2,463.5,28.2,150.4,511.6,401.2,627.5,352.8,561.9,531.7,814.4,43.4,267.6,391.8,341.7,480.7,156.3,469.6,494.2,163.6,433.7,36.7,382.9,511.9,600.1,138.3,547.8,60.2,484.6,362.9,725.4,588.0,504.7,516.7,480.0,235.6,603.1,163.6,0.0,503.7,674.8,445.9,776.5,356.1,476.0,622.0
14,1344.2,421.6,851.6,588.4,315.0,741.6,255.2,632.3,901.1,777.1,426.6,452.3,697.9,452.3,0.0,538.7,680.4,310.3,946.2,418.5,627.2,121.1,306.5,792.1,606.2,252.4,294.6,72.2,431.0,641.2,570.0,404.7,200.1,448.4,379.0,819.5,903.7,847.3,644.4,1013.4,146.6,134.3,767.4,689.4,487.5,196.8,920.4,435.0,512.4,504.4,522.2,809.2,146.4,733.2,710.3,507.0,720.6,684.7,844.1,534.7,459.6,903.9,818.1,344.2,663.6,993.5,94.9,812.2,656.4,786.2,788.3,325.3,801.0,894.9,101.6,667.8,955.9,893.5,870.0,1033.4,502.5,978.1,323.7,369.4,925.5,1034.5,344.2,656.6,471.1,626.7,286.4,143.2,964.0,447.1,851.1,785.1,616.4,666.4,1000.7,932.6,497.1,854.9,723.4,715.3,244.3,492.5,730.0,696.7,937.1,798.2,930.7,908.0,479.3,778.8,709.8,331.0,481.5,242.4,473.8,808.9,925.0,248.9,86.0,110.3,527.1,1013.4,934.0,366.8,315.5,987.1,534.7,442.9,298.1,568.0,726.3,333.0,763.5,121.8,919.9,348.8,915.7,901.8,821.9,264.0,439.6,86.4,819.5,431.0,896.5,662.3,629.3,558.9,742.9,152.3,739.4,699.0,297.7,1062.3,255.2,424.1,417.9,715.8,535.8,230.6,565.1,773.2,743.0,1087.6,492.6,422.7,289.9,670.5,738.2,498.3,798.4,823.0,313.3,762.8,415.6,517.5,713.6,682.4,314.0,662.2,497.1,813.7,497.5,1011.3,799.3,716.0,308.4,808.8,454.9,150.8,313.3,452.3,638.3,1003.9,774.7,987.8,490.7,805.1,305.0
15,844.5,295.7,409.4,93.7,684.1,385.9,549.9,228.1,458.9,334.9,830.0,326.4,202.0,326.4,538.7,0.0,168.2,247.0,672.6,292.6,114.5,659.8,285.2,349.9,73.5,343.7,423.6,610.9,305.1,380.5,43.7,278.8,569.2,90.4,395.7,415.4,392.1,320.3,782.0,571.2,685.3,673.0,363.3,285.3,755.8,400.7,478.2,309.1,334.6,112.8,344.4,341.2,682.5,221.0,795.2,329.2,278.4,157.8,401.9,907.2,199.3,391.7,305.9,492.3,851.3,594.5,525.3,408.1,325.2,274.0,346.1,364.5,396.9,452.7,518.6,193.1,688.8,425.5,427.8,591.2,905.9,535.9,527.6,243.5,457.5,592.3,492.3,615.5,343.5,190.9,581.1,681.9,483.9,256.5,389.0,272.9,83.7,625.3,558.5,420.4,369.5,747.3,319.3,311.2,294.4,364.9,864.1,292.6,663.5,356.0,449.3,465.8,882.7,266.6,197.6,296.4,449.6,537.1,229.8,296.7,457.0,437.1,624.7,479.4,266.8,571.2,452.6,735.9,311.9,518.5,907.2,315.3,502.0,390.2,715.6,503.5,359.4,490.9,438.5,553.1,447.7,707.1,417.8,467.9,600.9,625.1,415.4,305.1,384.9,581.6,116.6,381.1,377.8,521.4,227.2,393.4,592.4,620.1,549.9,298.2,176.0,728.0,358.0,713.9,45.3,261.0,230.8,701.3,365.0,493.2,457.7,266.3,697.1,398.2,394.3,418.9,250.0,320.6,289.7,339.7,728.3,816.5,224.7,764.2,369.5,371.5,319.7,612.3,287.1,203.8,603.1,404.7,461.2,689.5,250.0,326.4,460.5,561.7,370.6,475.6,312.9,362.9,708.4
16,676.3,438.4,394.2,116.6,825.8,460.2,691.6,371.4,359.3,282.9,971.7,469.1,99.7,469.1,680.4,168.2,0.0,388.7,573.0,435.3,53.7,801.5,426.9,294.1,141.9,485.4,565.3,752.6,447.8,278.2,131.8,421.5,710.9,232.0,537.4,464.5,247.6,214.3,882.8,471.6,827.0,814.7,371.4,398.4,897.5,542.4,378.6,451.8,417.6,255.5,392.0,238.9,824.2,52.8,896.0,412.2,287.4,187.2,302.3,1008.0,342.0,223.5,137.7,635.6,952.1,494.9,667.0,398.4,439.4,105.8,330.9,506.2,387.2,353.1,660.3,222.5,589.2,323.2,412.6,451.9,1040.2,436.3,669.3,386.2,309.8,453.0,635.6,716.3,486.2,255.0,722.8,823.6,339.4,399.2,264.4,104.7,131.7,726.1,458.9,252.2,512.2,647.7,415.4,423.5,436.1,507.6,964.9,405.7,563.9,340.8,304.8,366.2,1024.4,134.6,29.4,438.1,592.9,678.8,372.5,128.5,310.3,578.8,766.4,621.1,409.5,471.6,308.1,877.6,453.6,374.0,1008.0,458.0,643.7,420.3,816.4,646.8,433.7,632.6,294.0,694.8,319.6,607.5,408.1,609.6,742.6,766.8,464.5,447.8,240.4,682.4,51.6,446.3,452.1,663.1,95.2,494.2,734.1,480.8,691.6,440.9,318.7,828.8,405.6,855.6,185.9,92.8,98.8,601.7,507.7,636.5,599.4,335.9,743.0,541.5,468.6,461.0,391.7,268.6,432.4,422.7,829.1,917.3,366.4,865.0,512.2,356.3,440.7,512.7,150.7,35.6,744.8,395.0,604.5,831.2,391.7,469.1,360.5,462.1,444.9,307.4,433.9,294.1,850.1
17,1065.0,129.9,563.3,296.7,455.7,504.6,321.5,347.9,612.8,488.8,601.6,160.6,406.2,160.6,310.3,247.0,388.7,0.0,780.5,126.8,335.5,431.4,56.8,503.8,314.5,115.3,195.2,382.5,139.3,411.0,278.3,113.0,340.8,156.7,253.1,535.2,612.0,555.6,657.4,725.1,456.9,444.6,483.1,405.1,613.2,172.3,632.1,143.3,282.2,212.7,292.0,545.4,454.1,441.5,670.6,276.8,432.3,393.0,555.8,709.7,167.9,612.2,526.4,319.7,726.7,748.4,296.9,527.9,419.4,494.5,500.0,188.2,516.7,606.6,290.2,376.1,790.2,629.7,581.7,745.1,677.5,689.8,299.2,77.7,661.7,746.2,319.7,490.9,179.4,335.0,352.7,453.5,673.6,155.4,559.4,493.4,324.7,500.7,712.4,640.9,205.4,689.2,439.1,431.0,66.0,200.8,739.5,412.4,771.4,509.9,639.0,619.7,654.3,487.1,418.1,153.8,315.8,308.7,182.1,517.2,661.2,208.7,396.3,251.0,235.4,725.1,642.3,507.5,169.3,698.8,709.7,151.2,273.6,337.8,591.0,308.5,479.2,262.5,628.2,410.5,651.9,736.1,537.6,239.5,458.3,396.7,535.2,139.3,604.8,496.6,337.6,328.7,497.6,293.0,447.7,462.0,364.0,774.0,321.5,132.4,126.2,603.4,305.6,485.5,273.4,481.5,451.3,855.2,200.9,359.4,249.8,386.1,572.5,248.1,514.1,538.7,21.6,474.5,123.9,287.3,603.7,691.9,22.3,639.6,205.4,525.4,267.3,766.2,507.6,424.3,374.7,524.5,327.4,461.1,21.6,160.6,408.1,715.6,490.4,696.1,260.5,516.8,480.0
18,997.6,719.2,422.8,648.4,993.7,488.8,957.4,504.2,213.7,337.7,696.5,688.7,636.5,688.7,946.2,672.6,573.0,780.5,0.0,716.1,590.5,1037.4,818.7,322.7,599.1,863.8,906.0,1018.4,710.0,815.0,640.7,702.3,976.7,759.1,968.6,493.1,517.4,542.3,478.7,476.0,1062.9,1080.5,400.0,478.0,1166.2,749.4,194.4,706.0,954.4,756.7,928.8,775.7,1017.7,625.8,491.9,949.0,407.2,514.8,306.7,603.9,709.9,785.7,699.9,602.0,548.0,106.3,932.8,427.0,533.6,668.0,359.5,936.7,415.8,357.5,926.1,479.5,234.7,860.0,441.2,496.0,636.1,152.1,666.7,702.8,872.0,497.1,602.0,312.2,666.8,498.8,988.6,1059.5,472.6,688.1,464.8,624.5,588.9,322.0,463.3,814.4,628.5,133.7,444.0,452.1,827.9,645.4,560.8,470.7,9.1,369.4,482.8,206.8,659.3,565.8,602.4,869.3,464.7,944.6,696.2,600.7,872.5,860.3,1032.2,886.9,642.4,476.0,466.5,1045.5,884.8,449.7,603.9,656.3,667.7,957.1,412.3,613.2,462.3,898.4,452.4,1051.0,881.8,180.6,436.7,709.0,1132.9,1032.6,493.1,710.0,510.2,323.5,588.4,983.1,480.7,928.9,526.4,511.7,999.9,524.9,957.4,716.9,700.3,424.7,942.4,931.9,642.4,655.0,530.0,345.5,645.3,552.9,901.3,469.7,229.0,576.1,497.2,489.6,783.5,352.0,713.2,959.5,425.0,513.2,758.2,460.9,628.5,384.9,971.6,124.1,586.3,608.6,1010.6,423.6,520.7,1097.0,783.5,688.7,897.3,466.5,473.5,817.7,964.8,322.7,818.1
19,1111.6,3.1,549.9,355.4,563.9,440.2,429.7,330.9,599.4,475.4,709.8,33.8,464.9,33.8,418.5,292.6,435.3,126.8,716.1,0.0,381.6,539.6,165.0,490.4,360.1,223.5,303.4,490.7,12.5,472.8,323.9,13.8,449.0,215.4,314.9,518.1,602.4,549.7,593.0,711.7,565.1,552.8,466.0,388.0,675.0,280.5,618.7,16.5,344.0,258.3,353.8,604.1,562.3,488.1,606.2,338.6,418.9,389.2,542.4,718.2,148.2,658.8,573.0,294.1,662.3,735.0,405.1,510.8,355.0,541.1,486.6,283.7,499.6,593.2,398.4,366.5,725.8,688.4,568.3,731.7,750.4,676.4,358.8,49.1,720.4,732.8,294.1,426.5,55.7,325.4,460.9,561.7,662.3,91.0,549.8,540.0,370.3,436.3,699.0,687.5,94.0,624.8,422.0,413.9,174.2,77.1,675.1,395.3,707.0,496.5,629.4,606.3,762.5,533.7,464.7,215.6,251.4,416.9,117.7,563.8,719.9,316.9,504.5,359.2,171.5,711.7,632.7,615.7,231.1,685.4,718.2,75.1,359.8,399.6,526.6,305.3,462.1,370.7,618.6,472.3,710.6,671.7,520.5,347.7,520.1,504.9,518.1,12.5,595.2,432.2,383.7,390.5,441.5,401.2,494.3,397.6,472.2,760.6,429.7,5.6,116.6,539.0,367.4,593.7,319.0,528.1,497.9,841.8,77.2,295.0,358.0,369.1,508.1,183.7,497.0,521.6,129.8,461.1,2.9,349.1,539.3,627.5,104.5,575.2,94.0,512.0,329.1,752.8,554.2,470.9,482.9,507.4,263.0,569.3,129.8,33.8,469.9,702.2,473.3,742.7,322.3,503.4,588.2
20,730.0,384.7,373.4,63.4,772.6,439.4,638.4,326.3,376.8,298.9,918.5,415.4,117.2,415.4,627.2,114.5,53.7,335.5,590.5,381.6,0.0,748.3,373.7,311.6,88.2,432.2,512.1,699.4,394.1,295.7,78.1,367.8,657.7,178.8,484.2,443.7,301.3,231.8,851.2,489.1,773.8,761.5,350.6,353.4,844.3,489.2,396.1,398.1,423.0,201.8,409.5,256.4,771.0,106.5,864.4,417.6,242.4,133.5,319.8,976.4,288.3,277.2,191.4,590.5,920.5,512.4,613.8,377.6,394.4,159.5,310.1,453.0,366.4,370.6,607.1,168.8,606.7,340.7,391.8,505.6,994.4,453.8,616.1,332.5,363.5,506.7,590.5,684.7,432.5,209.9,669.6,770.4,393.1,345.5,305.5,158.4,78.0,694.5,476.4,305.9,458.5,665.2,387.4,379.3,382.9,453.9,933.3,360.7,581.4,320.0,358.5,383.7,971.2,152.1,83.1,384.9,547.8,625.6,318.8,182.2,364.0,525.6,713.2,567.9,355.8,489.1,361.8,824.4,400.4,427.7,976.4,404.3,590.5,437.8,784.8,601.7,412.9,579.4,347.7,641.6,362.9,625.0,387.3,556.4,689.4,713.6,443.7,394.1,294.1,650.8,2.1,463.8,431.3,609.9,112.7,462.6,680.9,534.5,638.4,387.2,265.0,797.2,423.1,802.4,132.2,146.5,116.3,619.2,454.0,591.4,546.2,290.9,760.5,496.4,447.8,440.2,338.5,284.6,378.7,428.1,797.5,885.7,313.2,833.4,458.5,335.5,408.1,530.2,172.6,89.3,691.6,374.2,559.4,778.0,338.5,415.4,378.0,479.6,424.1,361.1,401.3,311.6,796.9
21,1465.3,542.7,972.7,709.5,265.2,862.7,376.3,753.4,1022.2,898.2,340.9,573.4,819.0,573.4,121.1,659.8,801.5,431.4,1037.4,539.6,748.3,0.0,427.6,913.2,727.3,373.5,415.7,80.9,552.1,762.3,691.1,525.8,133.0,569.5,500.1,940.6,1024.8,968.4,558.7,1134.5,25.5,81.6,888.5,810.5,437.7,317.9,1041.5,556.1,633.5,625.5,643.3,930.3,60.7,854.3,624.6,628.1,841.7,805.8,965.2,449.0,580.7,1025.0,939.2,465.3,577.9,1084.7,149.6,933.3,777.5,907.3,909.4,446.4,922.1,1016.0,156.3,788.9,1047.1,1014.6,991.1,1154.5,416.8,1099.2,444.8,490.5,1046.6,1155.6,465.3,725.2,592.2,747.8,407.5,22.1,1085.1,568.2,972.2,906.2,737.5,715.4,1121.8,1053.7,618.2,946.1,844.5,836.4,365.4,613.6,644.3,817.8,1028.3,919.3,1051.8,1029.1,393.6,899.9,830.9,452.1,602.6,363.5,594.9,930.0,1046.1,370.0,90.9,195.5,648.2,1134.5,1055.1,317.0,436.6,1108.2,449.0,564.0,419.2,689.1,640.6,454.1,884.6,242.9,1041.0,469.9,1036.8,993.0,943.0,385.1,531.6,91.3,940.6,552.1,1017.6,759.1,750.4,680.0,864.0,180.8,860.5,820.1,418.8,1183.4,376.3,545.2,539.0,630.1,656.9,144.9,686.2,894.3,864.1,1178.8,613.7,543.8,411.0,791.6,829.4,619.4,919.5,944.1,434.4,883.9,536.7,638.6,627.9,596.7,435.1,576.5,618.2,934.8,618.6,1102.5,920.4,837.1,429.5,929.9,576.0,98.1,434.4,573.4,759.4,1125.0,895.8,1108.9,611.8,926.2,219.3
22,1103.2,168.1,601.5,334.9,451.9,542.8,317.7,386.1,651.0,527.0,597.8,198.8,444.4,198.8,306.5,285.2,426.9,56.8,818.7,165.0,373.7,427.6,0.0,542.0,352.7,111.5,191.4,378.7,177.5,449.2,316.5,151.2,337.0,194.9,271.0,573.4,650.2,593.8,695.6,763.3,453.1,440.8,521.3,443.3,624.4,168.5,670.3,181.5,320.4,250.9,330.2,583.6,450.3,479.7,708.8,315.0,470.5,431.2,594.0,705.9,206.1,650.4,564.6,315.9,764.9,786.6,293.1,566.1,457.6,532.7,538.2,184.4,554.9,644.8,286.4,414.3,828.4,667.9,619.9,783.3,673.7,728.0,295.4,115.9,699.9,784.4,315.9,529.1,217.6,373.2,348.9,449.7,711.8,193.6,597.6,531.6,362.9,538.9,750.6,679.1,243.6,727.4,477.3,469.2,62.2,239.0,777.7,450.6,809.6,548.1,677.2,657.9,650.5,525.3,456.3,190.1,354.0,304.9,220.3,555.4,699.4,204.9,392.5,247.2,273.6,763.3,680.5,503.7,174.6,737.0,705.9,189.4,269.8,376.0,629.2,304.7,517.4,258.7,666.4,411.3,690.1,774.3,575.8,235.7,474.8,392.9,573.4,177.5,643.0,534.8,375.8,366.9,535.8,289.2,485.9,500.2,360.2,812.2,317.7,170.6,164.4,641.6,343.8,481.7,311.6,519.7,489.5,893.4,239.1,394.4,246.0,424.3,610.7,286.3,552.3,576.9,59.8,512.7,162.1,325.5,641.9,730.1,60.5,677.8,243.6,563.6,305.5,804.4,545.8,462.5,370.9,562.7,365.6,457.3,59.8,198.8,446.3,753.8,528.6,734.3,298.7,555.0,476.2
23,721.3,493.5,119.5,325.7,937.5,185.5,803.3,183.4,109.0,15.0,825.9,463.0,357.6,463.0,792.1,349.9,294.1,503.8,322.7,490.4,311.6,913.2,542.0,0.0,276.4,600.5,680.4,864.3,484.3,536.1,318.0,476.6,822.6,436.4,691.9,189.8,238.5,263.4,608.1,221.3,938.7,926.4,96.7,174.7,1052.0,595.3,128.3,480.3,663.8,434.0,649.9,496.8,935.9,346.9,621.3,658.4,98.5,192.1,52.0,733.3,387.2,506.8,421.0,447.9,677.4,244.6,778.7,123.7,230.3,389.1,56.2,660.7,112.5,102.8,772.0,156.8,338.9,581.1,137.9,241.3,765.5,186.0,512.6,445.1,593.1,242.4,447.9,441.6,441.1,176.1,834.5,935.3,196.3,400.2,185.9,345.6,266.2,451.4,208.6,535.5,402.8,397.4,140.7,148.8,551.2,419.7,690.2,167.4,313.6,66.1,206.5,115.9,788.7,286.9,323.5,592.6,405.2,790.5,373.5,321.8,593.6,693.9,878.1,732.8,319.7,221.3,190.2,989.3,608.1,195.0,733.3,430.6,513.6,678.2,541.7,459.1,159.0,744.3,176.1,849.3,602.9,357.2,133.4,554.9,897.1,878.5,189.8,484.3,231.3,407.7,309.5,704.2,177.4,774.8,247.5,219.5,845.8,270.2,803.3,491.2,377.6,554.1,663.5,967.3,319.7,376.1,251.1,351.4,419.6,448.8,735.0,147.0,492.7,358.2,193.9,186.3,506.8,29.3,487.5,668.9,554.4,642.6,481.5,590.3,402.8,81.6,648.9,262.4,307.4,329.7,856.5,120.3,416.8,942.9,506.8,463.0,618.4,211.8,170.2,541.4,642.1,19.4,947.5
24,818.2,363.2,335.9,95.5,751.6,397.8,617.4,240.0,385.4,261.4,897.5,393.9,193.5,393.9,606.2,73.5,141.9,314.5,599.1,360.1,88.2,727.3,352.7,276.4,0.0,411.2,491.1,678.4,372.6,372.0,41.6,346.3,636.7,163.3,463.2,406.2,318.6,246.8,793.9,497.7,752.8,740.5,313.1,297.2,823.3,468.2,404.7,376.6,407.5,168.9,417.3,332.7,750.0,194.7,807.1,402.1,204.9,84.3,328.4,919.1,266.8,365.4,279.6,504.2,863.2,521.0,592.8,340.1,337.1,247.7,272.6,432.0,328.9,379.2,586.1,119.6,615.3,417.0,354.3,517.7,951.3,462.4,568.9,311.0,449.0,518.8,504.2,627.4,411.0,160.7,648.6,749.4,410.4,324.0,315.5,246.6,10.2,637.2,485.0,394.1,437.0,673.8,331.2,323.1,361.9,432.4,876.0,304.5,590.0,282.5,375.8,392.3,950.2,240.3,171.3,363.9,461.5,604.6,297.3,270.4,448.5,504.6,692.2,546.9,334.3,497.7,379.1,803.4,379.4,445.0,919.1,382.8,569.5,463.1,727.5,515.4,371.3,558.4,365.0,620.6,439.2,633.6,349.8,535.4,668.4,692.6,406.2,372.6,311.4,593.5,90.3,454.0,389.7,588.9,200.9,405.3,659.9,546.6,617.4,365.7,243.5,739.9,430.9,781.4,44.0,234.7,204.5,627.8,432.5,505.1,525.2,241.8,709.0,410.1,406.2,402.7,317.5,247.1,357.2,412.6,740.2,828.4,292.2,776.1,437.0,298.0,392.6,538.8,260.8,177.5,670.6,336.7,473.1,757.0,317.5,393.9,454.3,488.2,382.5,449.3,385.8,289.4,775.9
25,1091.8,226.6,660.0,393.4,397.8,601.3,263.6,444.6,709.5,585.5,543.7,257.3,502.9,257.3,252.4,343.7,485.4,115.3,863.8,223.5,432.2,373.5,111.5,600.5,411.2,0.0,79.9,324.6,236.0,388.8,375.0,209.7,282.9,253.4,159.5,631.9,708.7,652.3,740.7,821.8,399.0,386.7,579.8,501.8,518.2,114.4,728.8,240.0,260.0,309.4,269.8,556.8,396.2,538.2,753.9,254.6,529.0,489.7,652.5,651.8,264.6,708.9,623.1,261.8,780.7,845.1,239.0,624.6,516.1,591.2,596.7,72.9,613.4,703.3,232.3,472.8,873.5,641.1,678.4,841.8,619.6,786.5,241.3,174.4,673.1,842.9,261.8,574.2,276.1,431.7,294.8,395.6,770.3,252.1,656.1,590.1,421.4,584.0,809.1,730.7,302.1,772.5,535.8,527.7,49.3,297.5,822.8,509.1,854.7,606.6,735.7,716.4,596.4,583.8,514.8,78.6,399.1,250.8,278.8,613.9,672.6,93.4,338.4,193.1,332.1,821.8,739.0,449.6,63.1,795.5,651.8,247.9,215.7,315.6,674.3,250.6,575.9,204.6,724.9,315.5,663.3,819.4,634.3,181.6,363.3,338.8,631.9,236.0,701.5,579.9,434.3,306.5,594.3,235.1,544.4,558.7,306.1,870.7,263.6,229.1,222.9,686.7,283.4,427.6,370.1,578.2,548.0,951.9,297.6,340.3,136.0,482.8,655.8,344.8,610.8,635.4,118.3,571.2,220.6,265.1,687.0,775.2,119.0,722.9,302.1,622.1,245.1,862.9,604.3,521.0,316.8,621.2,372.5,403.2,118.3,257.3,385.9,812.3,587.1,792.8,238.3,613.5,422.1
26,1142.5,306.5,739.9,473.3,440.0,681.2,305.8,524.5,789.4,665.4,585.9,337.2,582.8,337.2,294.6,423.6,565.3,195.2,906.0,303.4,512.1,415.7,191.4,680.4,491.1,79.9,0.0,366.8,315.9,439.5,454.9,289.6,325.1,333.3,100.2,711.8,788.6,732.2,782.9,901.7,441.2,428.9,659.7,581.7,442.6,156.6,808.7,319.9,310.7,389.3,320.5,607.5,438.4,618.1,796.1,305.3,608.9,569.6,732.4,694.0,344.5,788.8,703.0,304.0,822.9,925.0,281.2,704.5,596.0,671.1,676.6,81.2,693.3,783.2,274.5,552.7,915.7,691.8,758.3,921.7,661.8,866.4,283.5,254.3,723.8,922.8,304.0,616.4,356.0,511.6,279.3,437.8,850.2,332.0,736.0,670.0,501.3,626.2,889.0,781.4,382.0,814.7,615.7,607.6,129.2,377.4,865.0,589.0,896.9,686.5,815.6,796.3,638.6,663.7,594.7,129.3,441.3,293.0,358.7,693.8,723.3,50.5,380.6,235.3,412.0,901.7,818.9,491.8,113.8,875.4,694.0,327.8,257.9,363.7,716.5,292.8,655.8,246.8,804.8,239.9,714.0,861.6,714.2,223.8,287.7,381.0,711.8,315.9,781.4,622.1,514.2,337.7,674.2,277.3,624.3,638.6,290.6,950.6,305.8,309.0,302.8,728.9,334.1,469.8,450.0,658.1,627.9,1031.8,377.5,382.5,56.1,562.7,698.0,424.7,690.7,715.3,198.2,651.1,300.5,315.8,729.2,817.4,198.9,765.1,382.0,702.0,295.8,942.8,684.2,600.9,301.3,701.1,414.7,445.4,198.2,337.2,436.6,892.2,667.0,872.7,289.0,693.4,464.3
27,1416.4,493.8,923.8,660.6,310.7,813.8,327.4,704.5,973.3,849.3,386.4,524.5,770.1,524.5,72.2,610.9,752.6,382.5,1018.4,490.7,699.4,80.9,378.7,864.3,678.4,324.6,366.8,0.0,503.2,713.4,642.2,476.9,178.5,520.6,451.2,891.7,975.9,919.5,604.2,1085.6,106.4,94.1,839.6,761.6,483.2,269.0,992.6,507.2,584.6,576.6,594.4,881.4,106.2,805.4,670.1,579.2,792.8,756.9,916.3,494.5,531.8,976.1,890.3,416.4,623.4,1065.7,100.7,884.4,728.6,858.4,860.5,397.5,873.2,967.1,107.4,740.0,1028.1,965.7,942.2,1105.6,462.3,1050.3,395.9,441.6,997.7,1106.7,416.4,728.8,543.3,698.9,358.6,103.0,1036.2,519.3,923.3,857.3,688.6,738.6,1072.9,1004.8,569.3,927.1,795.6,787.5,316.5,564.7,689.8,768.9,1009.3,870.4,1002.9,980.2,439.1,851.0,782.0,403.2,553.7,314.6,546.0,881.1,997.2,321.1,45.8,146.6,599.3,1085.6,1006.2,362.5,387.7,1059.3,494.5,515.1,370.3,640.2,686.1,405.2,835.7,194.0,992.1,421.0,987.9,974.0,894.1,336.2,511.8,46.2,891.7,503.2,968.7,734.5,701.5,631.1,815.1,159.0,811.6,771.2,369.9,1134.5,327.4,496.3,490.1,675.6,608.0,190.4,637.3,845.4,815.2,1159.8,564.8,494.9,362.1,742.7,810.4,570.5,870.6,895.2,385.5,835.0,487.8,589.7,673.4,642.2,386.2,622.0,569.3,885.9,569.7,1083.5,871.5,788.2,380.6,881.0,527.1,110.6,385.5,524.5,710.5,1076.1,846.9,1060.0,562.9,877.3,264.8
28,1124.1,9.4,543.8,367.9,576.4,434.1,442.2,324.8,593.3,469.3,722.3,21.3,477.4,21.3,431.0,305.1,447.8,139.3,710.0,12.5,394.1,552.1,177.5,484.3,372.6,236.0,315.9,503.2,0.0,485.3,336.4,26.3,461.5,227.9,327.4,512.0,614.9,562.2,586.9,705.6,577.6,565.3,459.9,381.9,687.5,293.0,612.6,4.0,356.5,270.8,366.3,616.6,574.8,500.6,600.1,351.1,412.8,401.7,536.3,712.1,160.7,671.3,585.5,288.0,656.2,728.9,417.6,504.7,348.9,553.6,480.5,296.2,493.5,587.1,410.9,379.0,719.7,700.9,562.2,725.6,744.3,670.3,352.7,61.6,732.9,726.7,288.0,420.4,43.2,337.9,473.4,574.2,656.2,103.5,562.3,552.5,382.8,430.2,692.9,700.0,81.5,618.7,415.9,407.8,186.7,64.6,669.0,389.2,700.9,490.4,641.9,600.2,767.5,546.2,477.2,228.1,245.3,429.4,130.2,576.3,732.4,329.4,517.0,371.7,184.0,705.6,645.2,628.2,243.6,679.3,712.1,62.6,353.7,412.1,520.5,299.2,456.0,383.2,631.1,484.8,723.1,665.6,514.4,360.2,532.6,517.4,512.0,0.0,607.7,426.1,396.2,403.0,435.4,413.7,506.8,391.5,484.7,754.5,442.2,6.9,129.1,532.9,379.9,606.2,331.5,540.6,510.4,835.7,64.7,288.9,370.5,363.0,502.0,177.6,490.9,515.5,142.3,455.0,15.4,361.6,533.2,621.4,117.0,569.1,81.5,505.9,341.6,746.7,566.7,483.4,495.4,501.3,256.9,581.8,142.3,21.3,482.4,696.1,467.2,755.2,334.8,497.3,600.7
29,738.0,475.9,636.2,312.6,786.6,702.2,638.7,607.7,601.3,524.9,932.5,506.6,178.5,506.6,641.2,380.5,278.2,411.0,815.0,472.8,295.7,762.3,449.2,536.1,372.0,388.8,439.5,713.4,485.3,0.0,339.9,459.0,671.7,373.0,409.5,706.5,525.8,456.3,1003.4,713.6,787.8,775.5,613.4,637.4,769.6,503.2,620.6,489.3,174.4,458.9,148.8,203.0,785.0,331.0,1016.6,169.0,526.4,417.5,544.3,1040.6,456.7,405.6,415.9,650.6,1072.7,736.9,627.8,640.4,678.4,384.0,572.9,378.3,629.2,595.1,621.1,452.8,831.2,287.3,654.6,730.1,1008.4,678.3,630.1,423.7,319.3,731.2,650.6,836.9,525.4,493.9,606.3,784.4,617.6,501.4,530.0,382.9,361.8,846.7,700.9,376.9,551.4,889.7,657.4,663.3,438.1,546.8,1085.5,644.7,805.9,582.8,583.0,608.2,985.2,376.6,307.6,310.2,661.8,625.9,487.2,406.7,318.8,453.0,727.2,581.9,524.2,713.6,586.3,829.3,325.7,652.2,1040.6,497.2,604.5,177.1,937.0,639.4,675.7,593.4,572.2,566.9,309.5,849.5,650.1,570.4,614.7,727.6,706.5,485.3,518.6,842.6,293.6,203.1,694.1,623.9,337.2,736.2,617.6,759.0,638.7,478.4,433.4,949.4,162.4,816.4,406.4,371.0,340.8,843.7,546.9,705.4,471.5,574.9,918.5,594.1,710.6,703.0,414.0,510.6,469.9,179.5,949.7,1037.9,388.7,985.6,551.4,598.3,197.5,754.7,397.1,313.8,628.3,637.0,673.4,792.0,414.0,506.6,117.3,704.1,686.9,560.9,190.7,536.1,810.9
30,808.1,327.0,377.5,53.9,715.4,428.7,581.2,270.9,427.0,303.0,861.3,357.7,161.4,357.7,570.0,43.7,131.8,278.3,640.7,323.9,78.1,691.1,316.5,318.0,41.6,375.0,454.9,642.2,336.4,339.9,0.0,310.1,600.5,121.7,427.0,447.8,360.2,288.4,824.8,539.3,716.6,704.3,354.7,328.1,787.1,432.0,446.3,340.4,365.9,144.1,375.7,300.6,713.8,184.6,838.0,360.5,246.5,125.9,370.0,950.0,230.6,355.3,269.5,535.1,894.1,562.6,556.6,381.7,368.0,237.6,314.2,395.8,370.5,420.8,549.9,161.2,656.9,384.9,395.9,559.3,937.2,504.0,558.9,274.8,416.9,560.4,535.1,658.3,374.8,202.3,612.4,713.2,452.0,287.8,357.1,236.5,51.8,668.1,526.6,384.0,400.8,715.4,362.1,354.0,325.7,396.2,906.9,335.4,631.6,324.1,417.4,433.9,914.0,230.2,161.2,327.7,492.4,568.4,261.1,260.3,416.4,468.4,656.0,510.7,298.1,539.3,420.7,767.2,343.2,486.6,950.0,346.6,533.3,421.5,758.4,546.3,402.2,522.2,406.6,584.4,407.1,675.2,391.4,499.2,632.2,656.4,447.8,336.4,353.0,624.4,80.2,412.4,420.6,552.7,190.8,436.2,623.7,588.2,581.2,329.5,207.3,770.8,389.3,745.2,69.6,224.6,194.4,669.4,396.3,536.0,489.0,283.4,739.9,441.0,437.1,444.3,281.3,288.7,321.0,371.0,771.1,859.3,256.0,807.0,400.8,339.6,351.0,580.4,250.7,167.4,634.4,378.3,504.0,720.8,281.3,357.7,422.2,529.8,413.4,439.2,344.2,331.0,739.7
31,1097.8,16.9,536.1,341.6,550.1,426.4,415.9,317.1,585.6,461.6,696.0,47.6,451.1,47.6,404.7,278.8,421.5,113.0,702.3,13.8,367.8,525.8,151.2,476.6,346.3,209.7,289.6,476.9,26.3,459.0,310.1,0.0,435.2,201.6,301.1,504.3,588.6,535.9,579.2,697.9,551.3,539.0,452.2,374.2,661.2,266.7,604.9,30.3,330.2,244.5,340.0,590.3,548.5,474.3,592.4,324.8,405.1,375.4,528.6,704.4,134.4,645.0,559.2,280.3,648.5,721.2,391.3,497.0,341.2,527.3,472.8,269.9,485.8,579.4,384.6,352.7,712.0,674.6,554.5,717.9,736.6,662.6,345.0,35.3,706.6,719.0,280.3,412.7,69.5,311.6,447.1,547.9,648.5,77.2,536.0,526.2,356.5,422.5,685.2,673.7,107.8,611.0,408.2,400.1,160.4,90.9,661.3,381.5,693.2,482.7,615.6,592.5,748.7,519.9,450.9,201.8,237.6,403.1,103.9,550.0,706.1,303.1,490.7,345.4,157.7,697.9,618.9,601.9,217.3,671.6,704.4,73.0,346.0,385.8,512.8,291.5,448.3,356.9,604.8,458.5,696.8,657.9,506.7,333.9,506.3,491.1,504.3,26.3,581.4,418.4,369.9,376.7,427.7,387.4,480.5,383.8,458.4,746.8,415.9,19.4,102.8,525.2,353.6,579.9,305.2,514.3,484.1,828.0,91.0,281.2,344.2,355.3,494.3,169.9,483.2,507.8,116.0,447.3,10.9,335.3,525.5,613.7,90.7,561.4,107.8,498.2,315.3,739.0,540.4,457.1,469.1,493.6,249.2,555.5,116.0,47.6,456.1,688.4,459.5,728.9,308.5,489.6,574.4
