,0,1,2,3,4,5,6,7,8,9,10,11,12,13,14,15,16,17,18,19,20,21,22,23,24,25,26,27,28,29,30,31,32,33,34,35,36,37,38,39,40,41,42,43,44,45,46,47,48,49,50,51,52,53,54,55,56,57,58,59,60,61,62,63,64,65,66,67,68,69,70,71,72,73,74,75,76,77,78,79,80,81,82,83,84,85,86,87,88,89,90,91,92,93,94,95,96,97,98,99,100,101,102,103,104,105,106,107,108,109,110,111,112,113,114,115,116,117,118,119,120,121,122,123,124,125,126,127,128,129,130,131,132,133,134,135,136,137,138,139,140,141,142,143,144,145,146,147,148,149,150,151,152,153,154,155,156,157,158,159,160,161,162,163,164,165,166,167,168,169,170,171,172,173,174,175,176,177,178,179,180,181,182,183,184,185,186,187,188,189,190,191,192,193,194,195,196,197,198,199,200,201,202
0,0.0,1545.3,1138.3,1098.4,2051.9,1229.8,1847.0,1217.0,1086.0,1020.1,2086.7,1588.3,930.5,1588.3,1850.2,1170.3,936.3,1476.5,1383.0,1541.2,1011.1,2018.2,1529.5,999.2,1133.9,1499.5,1569.9,1950.5,1558.5,1016.5,1119.7,1521.9,1892.1,1258.7,1528.3,1235.7,903.7,1017.5,1784.3,956.9,2053.8,2036.6,1106.4,1214.8,2028.6,1658.5,1112.9,1564.0,1204.7,1291.3,1169.0,740.1,2049.7,900.5,1802.5,1197.2,1099.1,1196.6,972.0,1957.9,1411.2,625.9,745.2,1584.1,1880.4,1274.5,1831.5,1144.0,1292.2,789.4,1050.2,1484.9,1128.5,901.4,1822.0,1170.2,1155.5,622.9,1163.9,784.5,2002.6,1193.1,1674.3,1472.6,578.6,707.5,1584.1,1553.1,1574.8,1197.0,1801.7,2049.0,841.5,1490.7,885.2,849.8,1119.7,1566.7,939.2,586.1,1521.7,1246.3,1167.6,1178.8,1542.3,1545.1,1898.3,1204.6,1370.3,1064.1,855.8,1095.6,2034.9,942.1,895.5,1390.3,1525.2,1829.1,1453.7,882.9,579.2,1588.8,1969.7,1767.6,1406.1,956.9,833.2,2111.5,1411.6,817.3,1957.9,1560.3,1675.7,1205.7,1692.1,1599.7,1193.0,1783.8,813.6,1747.0,592.1,1181.0,1157.5,1733.0,1813.6,1970.3,1235.7,1558.5,893.8,1538.4,1008.3,1241.9,1218.4,1826.1,996.8,1277.1,1817.4,774.8,1847.0,1548.8,1379.0,1708.9,1188.0,2093.2,1194.7,807.4,991.8,923.0,1544.9,1585.6,1614.6,1166.4,1437.4,1459.6,1241.5,1230.9,1480.7,1039.9,1537.0,1211.8,1709.7,1832.0,1445.4,1759.6,1521.7,1085.6,1236.8,1299.1,913.6,944.9,1832.3,1139.1,1541.3,2059.6,1480.7,1588.3,1127.9,943.6,1208.5,671.6,1227.3,999.1,2085.4
1,1545.3,0.0,768.1,497.9,787.5,615.9,601.5,463.9,836.6,664.3,990.0,43.0,650.1,43.0,585.8,410.7,609.0,180.6,998.7,4.1,534.2,753.8,233.6,685.2,504.0,314.6,425.7,686.0,13.2,652.7,454.0,23.4,627.7,303.5,441.8,723.9,841.0,767.7,828.0,992.6,789.4,772.2,651.5,543.1,942.1,394.1,863.4,18.7,479.1,363.3,492.7,840.5,785.3,682.3,846.1,471.6,586.0,544.6,757.6,1001.5,210.2,919.4,800.1,412.6,924.0,1025.0,567.1,713.7,497.4,755.9,679.9,398.4,698.2,828.2,557.6,513.6,1012.3,957.7,793.6,1020.3,1046.2,943.6,502.7,72.7,1002.0,1022.1,412.6,596.7,73.2,456.3,644.5,784.6,921.0,130.8,768.1,754.5,518.2,610.3,974.9,959.2,126.3,871.9,590.3,579.0,246.4,103.0,941.9,553.2,986.0,693.8,878.6,846.2,1063.2,745.4,649.8,303.8,353.6,583.6,167.8,787.6,1001.4,444.6,705.3,503.2,242.6,992.6,883.2,859.5,325.1,956.1,1001.5,100.2,504.2,556.4,735.7,428.1,646.1,519.4,863.7,660.5,988.5,937.2,727.2,487.3,727.1,705.9,723.9,13.2,831.1,604.5,537.0,543.7,617.6,561.7,690.7,556.7,660.2,1060.4,601.5,3.5,166.3,752.5,511.7,828.8,447.4,737.9,695.7,1170.5,103.1,414.0,501.5,517.0,710.1,259.4,694.6,728.8,184.8,644.5,8.3,486.2,753.3,875.6,149.5,803.2,126.3,715.3,458.4,1049.7,773.9,658.1,675.1,708.8,369.7,795.1,184.8,43.0,651.5,979.3,661.6,1036.0,448.9,703.5,821.0
2,1138.3,768.1,0.0,535.0,1384.7,295.3,1198.7,316.9,290.6,187.1,1184.7,725.5,633.0,725.5,1183.0,568.8,544.9,782.7,587.5,763.9,518.8,1351.1,835.7,166.2,466.9,916.7,1027.8,1283.3,755.3,875.4,524.6,744.6,1224.9,689.0,1043.9,301.3,467.7,501.9,882.3,446.5,1386.6,1369.4,171.9,280.3,1544.2,909.4,317.4,749.7,1004.6,685.6,1018.2,823.3,1382.5,618.2,900.5,997.1,182.0,349.7,211.5,1055.9,620.6,840.5,721.2,704.6,978.3,479.0,1164.3,209.6,357.8,677.0,115.7,1000.5,194.1,282.1,1154.9,300.7,606.9,940.6,25.5,474.3,1100.6,397.6,794.8,700.9,960.4,476.0,704.6,651.0,695.3,327.5,1241.8,1381.8,411.8,638.4,394.7,616.5,452.7,664.6,428.9,880.2,642.1,691.0,233.1,244.4,848.5,665.5,996.3,270.2,574.8,74.3,426.0,300.2,1132.8,534.6,585.7,905.9,645.7,1180.8,601.4,583.5,961.0,1046.7,1302.5,1100.5,526.6,446.5,403.4,1456.7,927.2,410.0,1055.9,680.8,796.2,1064.7,790.0,720.2,258.5,1116.6,383.9,1262.6,974.0,632.4,223.1,853.5,1329.2,1303.1,301.3,755.3,457.8,603.9,521.6,1069.2,284.0,1158.9,480.0,342.6,1257.5,514.3,1198.7,765.0,607.2,806.9,1037.2,1426.0,526.7,659.0,485.0,624.4,665.4,706.1,1103.6,276.7,764.4,580.1,307.1,296.4,786.9,206.8,759.8,1011.7,807.7,929.9,751.6,857.6,642.1,52.8,983.9,503.6,563.2,594.0,1272.3,204.7,661.7,1392.4,786.9,725.5,986.8,433.2,274.1,891.2,974.4,139.3,1353.7
3,1098.4,497.9,535.0,0.0,1019.1,626.4,833.0,445.5,603.6,431.2,1221.6,540.8,186.3,540.8,817.3,130.0,162.0,412.1,900.5,493.7,88.1,985.4,465.1,452.1,132.4,546.2,657.3,917.6,511.1,428.7,74.7,474.4,859.3,194.4,618.7,632.4,505.9,409.1,1198.7,759.5,1021.0,1003.8,503.0,507.1,1119.0,625.6,630.4,516.6,533.4,244.4,547.0,376.6,1016.9,235.3,1216.9,526.0,353.0,201.7,524.6,1371.7,364.2,472.5,353.2,812.2,1294.8,792.0,798.7,540.7,564.2,309.0,446.8,575.3,525.2,595.1,789.2,250.7,919.9,493.9,560.5,787.3,1327.0,710.6,802.0,425.2,538.2,789.0,812.2,967.5,564.5,307.9,876.1,1016.1,633.5,443.6,506.4,307.6,124.6,981.0,741.9,512.2,600.8,1004.0,554.2,543.0,478.0,594.3,1312.7,517.2,887.8,460.7,585.4,613.2,1294.8,298.4,202.8,480.7,753.3,815.1,406.6,340.6,537.6,676.1,936.9,734.8,458.2,759.5,590.1,1091.1,502.0,681.5,1371.7,525.4,766.2,610.7,1106.5,814.9,589.6,750.9,570.5,837.4,524.6,945.4,554.2,718.9,903.9,937.4,632.4,511.1,495.9,920.4,90.9,598.1,615.1,793.2,243.8,659.0,891.8,827.4,833.0,501.3,331.9,1123.3,566.0,1060.4,165.9,291.0,248.8,937.4,594.4,813.7,705.0,420.5,1080.9,660.1,638.2,627.6,416.4,411.5,489.6,540.6,1124.1,1246.3,381.1,1174.0,600.8,482.3,512.7,816.6,327.0,211.2,906.7,535.8,769.4,1026.7,416.4,540.8,540.1,746.2,605.2,589.1,503.2,470.4,1052.5
4,2051.9,787.5,1384.7,1019.1,0.0,1232.1,547.7,1080.1,1453.3,1281.0,412.6,830.5,1171.4,830.5,437.5,950.2,1147.1,632.9,1379.9,783.4,1073.1,368.2,627.5,1301.8,1043.5,552.4,611.1,431.4,800.7,1084.1,993.5,764.1,236.4,824.7,655.2,1340.1,1457.1,1378.4,715.0,1609.3,403.8,432.4,1267.6,1159.3,239.6,475.3,1480.1,806.3,910.5,902.8,924.1,1311.8,341.1,1220.4,806.5,903.0,1202.7,1152.7,1374.3,562.7,840.1,1457.5,1338.3,680.1,741.8,1445.5,307.1,1329.9,1113.6,1294.1,1296.6,653.7,1314.3,1444.8,297.6,1129.6,1393.5,1429.1,1410.3,1637.0,518.0,1509.1,651.6,714.9,1473.4,1638.8,680.1,946.2,856.2,1072.4,590.8,399.0,1537.7,823.0,1384.2,1292.7,1057.7,932.7,1591.6,1497.3,892.4,1253.1,1206.4,1195.2,541.1,885.9,834.2,1169.4,1367.2,1310.5,1494.7,1462.9,485.8,1283.5,1187.9,661.6,870.8,529.8,860.1,1325.7,1472.8,547.6,445.3,284.3,934.1,1609.3,1499.3,72.0,640.3,1572.8,562.7,817.1,615.9,987.6,828.6,664.6,1262.2,362.3,1479.8,588.4,1459.8,1318.4,1343.4,568.6,369.9,445.9,1340.1,800.7,1447.2,993.4,1075.9,951.4,1233.8,225.8,1228.9,1172.8,606.5,1677.1,547.7,791.0,782.4,814.3,943.1,326.4,986.9,1276.0,1233.9,1576.3,886.1,789.1,604.5,1133.2,1091.2,893.9,1310.8,1344.9,637.2,1261.2,779.3,917.6,810.9,767.9,638.0,739.7,892.4,1332.0,889.8,1470.2,1312.1,1196.3,621.4,1325.0,833.7,455.3,637.2,830.5,1082.9,1596.0,1277.8,1574.1,880.3,1320.2,243.6
5,1229.8,615.9,295.3,626.4,1232.1,0.0,1046.0,219.0,382.0,278.5,907.9,573.4,724.4,573.4,1030.3,535.9,636.3,701.2,678.9,611.8,610.2,1198.4,754.2,257.6,551.9,835.3,946.4,1130.6,603.1,966.8,595.2,592.5,1072.3,608.7,962.5,195.8,559.1,593.3,605.6,538.0,1234.0,1216.8,123.4,139.7,1462.8,756.8,408.8,597.6,923.5,605.3,937.1,914.7,1229.9,709.6,623.7,916.1,273.5,441.1,303.0,779.1,468.4,931.9,812.6,552.0,701.6,570.4,1011.7,185.6,154.1,768.4,179.6,919.1,170.1,373.5,1002.2,392.1,698.3,1032.0,320.8,565.7,823.8,489.0,642.1,593.3,1051.9,567.4,552.0,374.3,543.1,380.6,1089.1,1229.1,503.2,486.3,486.2,708.0,544.1,387.9,520.3,971.7,490.0,649.5,92.6,103.8,767.1,513.4,719.5,129.6,666.2,221.0,517.4,391.6,856.1,626.1,677.1,824.5,493.0,1028.1,449.2,674.9,1052.5,911.0,1149.9,947.8,374.5,538.0,494.9,1304.1,845.8,501.4,779.1,528.6,643.6,1000.8,513.3,567.5,118.0,963.9,475.3,1175.9,1065.4,714.8,199.1,700.8,1247.7,1150.4,195.8,603.1,549.2,327.2,613.0,988.2,37.4,1006.2,571.4,83.0,1104.8,605.8,1046.0,612.9,526.2,530.1,956.1,1234.9,498.6,750.4,576.4,715.9,513.2,553.4,967.8,284.5,487.7,427.4,166.5,200.7,705.5,298.2,607.7,930.7,530.9,653.2,670.2,580.8,490.0,242.6,902.8,595.1,654.6,685.5,1119.7,180.7,509.1,1239.7,705.5,573.4,1078.3,524.6,133.5,982.6,893.3,230.7,1077.0
6,1847.0,601.5,1198.7,833.0,547.7,1046.0,0.0,894.0,1267.2,1094.9,750.2,644.4,985.3,644.4,354.7,764.1,961.1,446.8,1329.8,597.3,887.1,522.8,441.5,1115.8,857.4,366.3,425.0,455.0,614.7,879.2,807.4,578.0,387.9,638.7,318.7,1154.0,1271.1,1192.4,1052.6,1423.2,558.4,541.2,1081.6,973.2,533.5,289.3,1294.1,620.2,705.5,716.7,719.1,1106.9,545.5,1034.3,1144.1,698.1,1016.7,966.6,1188.2,900.3,654.1,1271.5,1152.2,494.1,1079.4,1395.5,327.3,1143.8,927.5,1108.0,1110.5,442.6,1128.3,1258.8,317.8,943.6,1343.4,1224.1,1224.2,1450.9,855.6,1374.3,465.6,528.8,1268.4,1452.7,494.1,927.8,670.1,886.4,105.3,553.5,1351.6,637.0,1198.1,1106.6,871.6,941.4,1405.6,1311.3,706.3,1203.0,1020.4,1009.1,355.0,699.9,1171.8,983.3,1317.1,1124.4,1308.6,1276.8,823.4,1097.5,1001.9,475.6,684.8,17.9,674.0,1139.7,1267.8,361.6,474.3,263.4,748.0,1423.2,1313.3,616.4,454.2,1386.7,900.3,631.0,429.8,651.1,1066.8,478.5,1076.2,185.4,1293.7,192.1,1254.9,1268.3,1157.3,382.5,318.4,474.8,1154.0,614.7,1261.2,935.6,889.9,614.9,1047.7,321.9,1042.8,986.8,121.0,1491.0,0.0,604.9,596.3,1083.6,738.1,589.0,800.8,1090.0,1047.8,1526.2,700.0,603.0,355.3,947.1,1041.2,707.9,1124.7,1158.9,451.1,1075.2,593.2,712.7,1084.5,1105.5,452.0,1077.3,706.3,1145.9,684.9,1420.1,1126.0,1010.2,135.9,1138.9,647.6,564.1,451.1,644.4,877.9,1409.9,1091.7,1388.1,675.4,1134.1,581.2
7,1217.0,463.9,316.9,445.5,1080.1,219.0,894.0,0.0,403.6,233.7,1071.8,421.4,596.1,421.4,878.3,316.9,515.9,483.3,700.5,459.8,453.3,1046.4,536.3,254.6,332.8,617.4,728.5,978.6,451.1,838.5,376.2,440.5,920.3,389.7,744.5,260.1,440.4,472.9,769.5,559.5,1082.0,1064.8,187.7,79.3,1244.9,604.8,430.4,445.6,705.2,386.2,718.8,786.4,1077.9,589.2,787.6,697.8,155.4,267.7,324.6,943.0,316.5,813.2,693.9,400.0,865.5,592.0,859.7,249.9,134.9,649.7,228.7,701.1,234.4,395.1,850.2,218.8,719.9,903.7,342.4,587.3,987.7,510.6,490.2,401.5,933.2,589.0,400.0,538.2,391.1,161.5,937.1,1077.1,490.4,334.3,367.5,589.3,347.0,551.8,541.9,853.0,338.0,804.0,126.5,115.2,549.2,361.4,883.4,89.4,687.8,242.6,478.0,413.2,1020.0,505.7,556.7,606.5,341.0,876.2,297.2,556.2,933.8,747.3,997.9,795.8,222.5,559.5,482.1,1152.1,627.9,523.0,943.0,376.7,491.6,782.5,677.2,415.5,182.3,811.9,462.5,963.2,934.5,745.4,263.4,548.8,1029.8,998.4,260.1,451.1,430.5,491.1,456.1,769.9,207.7,854.3,451.0,229.7,952.8,627.4,894.0,460.9,307.9,694.0,737.8,1121.4,279.6,631.7,456.0,737.4,361.3,401.4,804.2,85.9,651.6,275.5,230.8,265.0,487.6,213.9,455.7,712.4,694.8,817.1,452.2,744.8,338.0,264.1,684.5,616.7,534.2,565.1,967.7,245.0,357.1,1087.7,487.6,421.4,877.6,546.2,197.8,929.8,675.0,252.3,1113.5
8,1086.0,836.6,290.6,603.6,1453.3,382.0,1267.2,403.6,0.0,172.3,1182.1,794.1,584.3,794.1,1251.5,637.4,496.2,851.2,297.0,832.5,520.3,1419.6,904.2,151.5,535.5,985.3,1096.4,1351.8,823.8,826.7,593.1,813.2,1293.5,757.6,1112.4,387.9,421.6,453.2,879.8,364.2,1455.2,1438.0,258.6,367.0,1612.8,978.0,26.8,818.3,1014.9,754.1,979.2,774.6,1451.1,569.5,898.0,1007.5,268.7,418.2,129.2,1053.4,689.1,794.4,675.1,773.2,975.8,188.4,1232.9,296.2,444.4,630.9,202.4,1069.0,280.7,199.7,1223.4,369.3,316.4,891.9,316.1,391.9,1098.1,107.0,863.4,769.4,914.4,393.7,773.2,648.5,763.8,396.0,1310.3,1450.3,359.5,707.0,346.1,570.5,521.3,662.1,346.5,834.2,710.7,400.4,319.8,331.0,917.1,734.1,993.7,356.8,284.2,216.3,373.7,9.6,1130.3,486.0,537.0,974.5,714.2,1249.4,669.9,537.4,915.0,1115.2,1371.1,1169.0,595.2,364.2,351.1,1525.3,995.8,327.6,1053.4,749.3,864.8,1016.0,787.5,788.7,345.2,1185.1,331.6,1331.2,927.9,341.9,309.7,922.0,1397.7,1371.6,387.9,823.8,411.7,664.0,517.5,1052.1,370.6,1227.5,431.3,429.3,1326.0,432.0,1267.2,833.6,675.8,804.4,998.2,1494.6,595.2,612.9,436.3,333.9,733.9,774.6,1172.1,355.5,532.9,648.7,393.8,383.1,855.5,192.1,828.4,1022.1,805.2,927.4,820.2,855.1,710.7,237.8,1052.4,213.1,514.5,545.4,1340.9,291.4,730.3,1460.9,855.5,794.1,938.2,350.9,360.8,838.9,1042.9,151.3,1351.2
9,1020.1,664.3,187.1,431.2,1281.0,278.5,1094.9,233.7,172.3,0.0,1167.9,621.7,478.1,621.8,1079.2,465.1,390.0,678.9,469.3,660.1,415.0,1247.3,731.9,20.9,363.1,813.0,924.1,1179.5,651.5,720.5,420.8,640.9,1121.1,585.2,940.1,284.4,312.8,347.0,865.5,328.3,1282.8,1265.7,155.1,263.5,1440.4,805.6,199.1,646.0,900.8,581.8,873.0,668.4,1278.8,463.3,883.7,893.3,115.8,245.9,93.3,1039.1,516.8,685.6,566.3,600.8,961.5,360.8,1060.5,192.7,327.0,522.1,98.9,896.7,177.2,163.9,1051.1,196.9,488.7,785.7,212.6,356.0,1083.8,279.4,691.0,597.1,805.5,357.8,600.8,634.2,591.5,223.7,1138.0,1278.0,293.5,534.6,239.8,461.6,348.9,647.8,310.7,725.3,538.4,572.8,216.3,227.6,744.7,561.7,979.5,253.3,456.6,112.8,307.8,181.9,1116.0,379.7,430.8,802.1,541.9,1077.0,497.6,428.6,806.1,942.9,1198.7,996.7,422.8,328.3,285.2,1353.0,823.4,291.8,1039.1,577.0,692.4,909.7,773.2,616.4,241.7,1012.8,265.7,1158.8,819.1,514.2,206.3,749.7,1225.4,1199.3,284.4,651.5,302.9,587.1,411.3,945.9,267.1,1055.1,325.1,325.8,1153.7,396.1,1094.9,661.2,503.4,790.1,892.0,1322.2,422.9,504.1,330.1,506.2,561.6,602.3,999.8,183.1,705.2,476.3,290.3,279.6,683.1,16.2,656.0,907.9,790.9,913.1,647.8,840.8,538.4,134.3,880.1,385.4,408.2,439.1,1168.6,187.9,558.0,1288.6,683.1,621.8,831.9,315.0,257.3,773.0,870.6,47.8,1314.4
10,2086.7,990.0,1184.7,1221.6,412.6,907.9,750.2,1071.8,1182.1,1167.9,0.0,1033.0,1373.9,1033.0,592.4,1152.7,1349.6,835.4,967.3,985.9,1275.6,473.4,830.0,1147.0,1246.0,754.9,813.6,536.6,1003.2,1286.6,1196.0,966.6,438.9,1027.2,931.0,1085.2,1448.5,1482.7,302.4,1427.3,508.9,537.5,1012.8,1018.9,652.2,677.8,1155.3,1008.7,1113.0,1105.2,1126.6,1514.3,446.2,1422.9,435.8,1105.5,1148.1,1315.8,1192.3,191.9,1042.6,1660.0,1540.7,882.6,371.0,1032.9,509.6,1075.0,936.9,1496.5,1069.0,856.2,1059.5,1262.9,500.1,1266.8,980.9,1631.6,1210.2,1455.0,147.2,1096.5,854.1,917.3,1675.9,1456.8,882.6,533.6,1057.5,1233.4,793.3,504.1,1392.6,1025.5,1375.5,1495.2,1260.2,520.1,1409.7,1699.8,1004.4,840.4,981.9,993.2,743.6,1027.8,463.5,1019.0,954.5,1110.4,1406.8,1172.5,115.0,1486.0,1390.4,864.1,776.7,732.3,1062.6,1528.2,1675.3,750.1,550.5,486.8,1072.8,1427.3,1384.2,484.6,842.8,1390.8,191.9,1019.6,818.4,1190.2,457.8,867.1,1007.3,564.8,1364.7,880.0,1662.3,905.7,1088.5,771.0,782.6,551.1,1085.2,1003.2,1438.6,580.7,1278.4,1177.6,926.7,428.3,1431.4,842.1,809.0,1495.1,750.2,993.5,984.9,443.5,1145.6,327.0,1189.3,1478.5,1436.4,1163.7,1027.7,899.4,807.0,1138.8,678.6,931.6,1055.9,1090.1,839.6,1187.6,981.8,1120.1,440.1,397.1,840.5,327.1,1004.4,1131.9,1092.3,1057.6,1514.5,1398.8,823.9,1070.1,854.7,560.5,839.6,1033.0,1285.4,1414.0,1022.9,1776.6,1082.8,1120.1,169.0
11,1588.3,43.0,725.5,540.8,830.5,573.4,644.4,421.4,794.1,621.7,1033.0,0.0,693.1,0.1,628.7,453.7,651.9,223.5,956.2,47.1,577.2,796.8,276.5,642.6,547.0,357.6,468.7,729.0,29.7,695.7,497.0,66.4,670.7,346.4,484.7,681.4,828.5,810.7,785.4,950.1,832.4,815.2,608.9,500.6,985.1,437.0,820.9,24.2,522.0,406.2,535.7,883.4,828.3,725.2,803.6,514.6,543.5,587.6,715.1,959.0,218.5,962.4,843.1,370.0,881.4,982.5,610.0,671.1,454.9,798.9,637.4,441.3,655.6,785.6,600.6,556.5,969.8,1000.7,751.1,977.8,1003.7,901.1,460.2,115.6,1045.0,979.5,370.0,554.2,30.2,499.3,687.5,827.5,878.5,139.0,755.5,797.5,561.2,567.7,932.4,1002.1,83.4,829.4,547.7,536.5,289.4,60.0,899.4,510.7,943.5,651.2,866.1,803.7,1035.9,788.4,692.7,346.8,311.1,626.5,176.1,830.5,1044.4,487.5,748.2,546.2,226.0,950.1,870.1,902.5,368.1,913.5,959.0,57.3,461.6,599.3,693.1,385.6,603.5,562.3,850.6,703.5,1031.5,894.7,684.7,518.9,770.0,748.8,681.4,29.7,818.6,562.0,580.0,586.7,575.0,604.6,733.7,514.1,703.2,1017.9,644.4,39.5,209.3,710.0,554.6,871.7,490.3,780.9,738.7,1128.0,60.1,371.5,544.4,474.5,667.5,216.9,652.1,686.2,227.8,602.0,51.2,529.2,710.8,833.0,192.5,760.7,83.4,672.8,501.4,1007.2,816.9,701.1,718.1,666.3,327.2,838.1,227.8,0.1,694.4,936.7,619.1,1079.0,491.9,660.9,863.9
12,930.5,650.1,633.0,186.3,1171.4,724.4,985.3,596.1,584.3,478.1,1373.9,693.1,0.0,693.1,969.6,280.6,138.7,564.4,881.3,646.0,162.8,1137.7,617.4,493.9,269.2,698.5,809.6,1069.9,663.4,242.4,224.5,626.7,1011.5,346.7,754.2,730.4,482.5,385.8,1311.4,740.3,1173.2,1156.1,601.0,637.5,1254.6,777.9,611.1,668.9,430.6,396.0,394.9,190.3,1169.2,212.0,1329.6,423.2,483.4,332.1,505.3,1485.0,516.0,449.2,329.9,962.8,1407.4,772.7,950.9,638.7,694.6,285.7,544.8,710.8,623.2,575.8,941.5,381.1,900.7,307.6,658.5,766.2,1479.3,691.3,954.2,577.5,351.9,768.0,962.8,1080.1,716.4,438.3,1028.4,1168.4,610.2,595.5,488.3,284.3,255.0,1093.7,722.6,432.1,752.6,984.7,662.2,673.4,630.3,746.1,1425.4,647.6,868.5,558.7,562.1,593.9,1447.0,275.1,179.5,616.3,903.9,967.4,558.5,317.3,351.3,828.4,1089.1,887.1,610.0,740.3,566.8,1243.4,637.6,658.2,1485.0,677.3,918.5,431.7,1219.1,967.2,687.6,903.2,547.2,973.0,338.4,926.2,652.2,871.2,1039.5,1089.7,730.4,663.4,472.6,1033.0,160.0,467.8,713.1,945.5,220.5,771.7,1044.1,806.3,985.3,653.6,483.8,1236.0,413.9,1212.6,316.5,267.7,225.5,918.2,746.2,964.3,840.5,550.8,1117.2,812.0,736.2,725.5,568.7,458.3,641.9,437.8,1236.8,1359.0,533.4,1286.7,752.6,580.2,462.8,797.4,303.7,187.9,1059.0,633.8,919.9,1179.0,568.7,693.1,353.9,727.0,703.2,565.7,453.2,493.7,1204.8
13,1588.3,43.0,725.5,540.8,830.5,573.4,644.4,421.4,794.1,621.8,1033.0,0.1,693.1,0.0,628.7,453.7,651.9,223.5,956.2,47.1,577.2,796.8,276.5,642.6,547.0,357.6,468.7,729.0,29.7,695.7,497.0,66.4,670.6,346.4,484.7,681.4,828.5,810.7,785.4,950.1,832.3,815.2,608.9,500.6,985.1,437.0,820.9,24.2,522.0,406.2,535.6,883.4,828.3,725.2,803.6,514.6,543.5,587.6,715.1,959.0,218.5,962.4,843.1,370.0,881.5,982.5,610.0,671.2,454.9,798.9,637.4,441.3,655.7,785.6,600.6,556.5,969.8,1000.7,751.1,977.8,1003.7,901.1,460.2,115.6,1045.0,979.6,370.0,554.2,30.3,499.3,687.5,827.5,878.5,139.0,755.5,797.5,561.2,567.7,932.4,1002.1,83.4,829.4,547.7,536.5,289.4,60.0,899.4,510.7,943.5,651.3,866.1,803.7,1035.9,788.3,692.7,346.8,311.1,626.5,176.1,830.5,1044.4,487.5,748.2,546.2,226.0,950.1,870.1,902.5,368.1,913.5,959.0,57.3,461.6,599.3,693.2,385.6,603.5,562.3,850.6,703.5,1031.4,894.7,684.7,518.9,770.0,748.8,681.4,29.7,818.6,562.0,580.0,586.7,575.1,604.6,733.7,514.1,703.2,1017.9,644.4,39.5,209.3,710.0,554.6,871.7,490.3,780.9,738.7,1128.0,60.1,371.5,544.4,474.5,667.6,216.9,652.1,686.2,227.8,602.0,51.2,529.2,710.8,833.0,192.5,760.7,83.4,672.8,501.4,1007.2,816.9,701.1,718.1,666.3,327.2,838.1,227.8,0.0,694.4,936.8,619.1,1079.0,491.8,660.9,863.9
14,1850.2,585.8,1183.0,817.3,437.5,1030.3,354.7,878.3,1251.5,1079.2,592.4,628.7,969.6,628.7,0.0,748.4,945.4,431.1,1314.1,581.6,871.4,168.1,425.8,1100.1,841.7,350.6,409.3,100.3,599.0,882.3,791.7,562.3,277.7,623.0,526.8,1138.3,1255.4,1176.7,894.8,1407.5,203.6,186.4,1065.9,957.5,677.1,273.6,1278.4,604.5,708.7,701.0,722.3,1110.1,203.4,1018.6,986.4,701.3,1001.0,950.9,1172.5,742.6,638.3,1255.8,1136.5,478.4,921.7,1379.8,131.7,1128.1,911.8,1092.3,1094.8,451.9,1112.6,1243.1,141.2,927.9,1327.7,1227.3,1208.5,1435.2,697.8,1358.6,449.9,513.1,1271.6,1437.0,478.4,912.1,654.4,870.7,397.8,198.8,1335.9,621.3,1182.4,1090.9,855.9,925.7,1389.9,1295.5,690.6,1187.3,1004.7,993.4,339.3,684.2,1014.1,967.6,1301.4,1108.7,1292.9,1261.1,665.6,1081.8,986.2,459.9,669.0,336.8,658.3,1123.9,1271.0,345.9,119.5,153.2,732.3,1407.5,1297.6,509.5,438.5,1371.0,742.6,615.3,414.1,786.0,1008.4,462.8,1060.5,169.3,1278.0,484.6,1258.1,1252.6,1141.6,366.8,610.9,120.1,1138.3,599.0,1245.4,919.9,874.2,773.4,1032.0,211.7,1027.1,971.1,413.5,1475.3,354.7,589.2,580.6,994.1,741.3,320.1,785.1,1074.3,1032.1,1510.5,684.3,587.3,402.7,931.4,1025.5,692.2,1109.0,1143.2,435.4,1059.5,577.5,715.9,990.8,947.7,436.3,919.5,690.6,1130.2,688.0,1404.4,1110.3,994.5,428.4,1123.2,631.9,209.4,435.4,628.7,881.1,1394.2,1076.0,1372.4,678.5,1118.4,423.4
15,1170.3,410.7,568.8,130.0,950.2,535.9,764.1,316.9,637.4,465.1,1152.7,453.7,280.6,453.7,748.4,0.0,234.0,343.2,934.4,406.6,159.2,916.5,396.2,485.9,101.9,477.3,588.4,848.7,423.9,523.0,60.6,387.3,790.4,125.6,549.8,577.0,544.5,444.7,1086.3,793.4,952.1,934.9,504.6,396.2,1050.1,556.8,664.2,429.5,464.7,156.7,478.3,470.9,948.0,307.3,1104.5,457.2,386.8,219.2,558.4,1259.9,276.6,544.4,425.1,683.6,1182.4,825.8,729.8,566.8,451.8,380.9,480.7,506.4,551.3,628.9,720.3,268.1,953.8,588.1,594.4,821.1,1258.1,744.4,733.1,338.1,632.4,822.9,683.6,855.1,477.0,264.5,807.2,947.2,672.2,356.1,540.4,379.5,116.1,868.6,775.7,584.2,513.3,1037.8,443.4,432.1,409.1,506.7,1200.3,406.3,921.6,494.6,624.1,647.0,1225.9,370.4,274.8,411.8,624.6,746.3,319.1,412.6,631.9,607.2,868.0,665.9,370.6,793.4,628.7,1022.2,433.1,720.1,1259.9,437.9,697.3,541.9,994.1,699.1,499.1,682.0,609.2,768.5,618.9,979.3,580.3,650.0,835.1,868.5,577.0,423.9,534.6,808.0,162.0,529.3,524.6,724.4,315.7,546.6,822.9,861.2,764.1,414.2,244.4,1010.9,497.3,991.5,62.7,362.9,320.7,971.3,506.9,685.0,636.1,369.9,968.5,553.1,547.7,581.8,347.5,445.3,402.5,471.8,1011.7,1133.9,312.2,1061.6,513.3,516.1,444.0,850.5,398.9,283.1,837.8,561.9,640.7,957.8,347.5,453.7,637.1,780.1,514.7,661.0,434.5,504.3,983.6
16,936.3,609.0,544.9,162.0,1147.1,636.3,961.1,515.9,496.2,390.0,1349.6,651.9,138.7,651.9,945.4,234.0,0.0,540.2,793.2,604.8,74.7,1113.4,593.2,405.8,197.5,674.2,785.3,1045.6,622.2,381.1,183.4,585.6,987.3,322.4,746.7,642.3,343.8,297.7,1223.3,652.2,1149.0,1131.8,512.9,553.3,1247.0,753.7,523.0,627.7,569.3,354.9,533.7,329.1,1144.9,73.3,1241.5,561.9,399.2,260.2,417.2,1396.9,474.9,310.4,191.1,882.6,1319.3,684.6,926.7,550.6,610.4,146.9,456.7,703.3,535.1,487.8,917.2,309.2,812.6,446.3,570.4,627.5,1441.6,603.2,930.0,536.3,430.4,629.3,882.6,992.1,675.2,354.4,1004.1,1144.2,471.5,554.4,367.4,145.6,183.3,1005.6,634.5,350.2,711.5,896.6,574.1,585.4,606.0,705.0,1337.3,563.4,780.5,470.6,423.4,505.8,1422.8,187.1,40.8,608.7,823.7,943.2,517.3,178.6,431.0,804.2,1064.9,862.8,568.9,652.2,428.0,1219.1,630.0,519.4,1396.9,636.2,894.3,570.4,1131.0,898.1,599.5,879.0,408.5,965.4,443.9,838.1,564.1,846.9,1032.0,1065.5,642.3,622.2,333.9,944.9,71.9,606.6,625.0,921.3,132.4,683.6,1019.8,667.6,961.1,612.4,442.7,1147.9,552.7,1188.4,258.4,128.9,137.4,830.1,705.1,884.1,833.0,466.5,1029.1,752.2,648.1,637.4,544.4,370.2,600.7,576.5,1148.7,1270.9,509.1,1198.6,711.5,492.1,601.5,709.3,209.4,49.2,1034.7,545.7,839.7,1154.7,544.4,651.9,492.6,638.9,615.1,427.0,592.0,405.6,1180.6
17,1476.5,180.6,782.7,412.1,632.9,701.2,446.8,483.3,851.2,678.9,835.4,223.5,564.4,223.5,431.1,343.2,540.2,0.0,1084.1,176.4,466.2,599.2,78.9,699.8,436.5,160.0,271.1,531.4,193.8,562.6,386.6,157.1,473.1,217.8,351.7,743.4,850.2,771.5,913.3,1007.2,634.8,617.6,671.0,562.6,852.0,239.5,878.0,199.3,389.0,295.8,402.6,754.8,630.7,613.5,931.5,381.5,600.6,545.7,772.2,985.5,233.2,850.6,731.3,444.3,1009.3,1039.6,412.5,733.2,582.8,687.1,694.5,261.3,717.7,842.8,403.0,522.7,1097.7,872.0,808.2,1034.9,940.8,958.2,415.8,107.9,916.3,1036.7,444.3,682.0,249.2,465.5,489.9,629.9,935.8,216.1,777.2,685.7,450.7,695.6,989.5,890.4,285.4,957.2,609.8,598.5,91.8,279.0,1027.2,572.7,1071.3,708.4,887.7,860.8,908.6,676.6,581.0,213.7,439.0,429.0,253.1,718.8,915.7,289.9,550.7,348.6,327.1,1007.2,892.4,704.9,235.0,970.7,985.5,210.1,380.0,466.3,821.0,428.7,665.6,364.7,872.8,570.4,902.8,1022.5,746.7,332.7,637.0,551.2,743.4,193.8,840.3,689.8,469.0,453.6,691.0,407.1,621.9,642.0,505.6,1075.0,446.8,184.0,175.4,837.9,421.6,674.2,379.9,669.1,626.9,1185.1,279.1,499.4,346.9,536.4,795.4,344.8,714.1,748.3,30.2,659.1,172.3,396.2,838.7,960.9,31.1,888.6,285.4,729.9,368.3,1064.3,705.1,589.3,520.5,728.3,455.0,640.5,30.2,223.5,561.4,993.9,681.1,967.2,358.8,718.1,666.3
18,1383.0,998.7,587.5,900.5,1379.9,678.9,1329.8,700.5,297.0,469.3,967.3,956.2,881.3,956.2,1314.1,934.4,793.2,1084.1,0.0,994.6,817.3,1440.6,1137.1,448.4,832.4,1199.5,1258.2,1414.4,985.9,1123.7,890.1,975.3,1356.1,1054.5,1345.3,684.9,718.6,750.2,664.9,661.1,1476.2,1500.6,555.5,663.9,1619.5,1040.6,270.1,980.4,1311.9,1051.1,1276.2,1071.6,1413.5,866.5,683.1,1304.4,565.7,715.2,426.1,838.5,986.1,1091.4,972.1,835.8,760.9,147.7,1295.5,593.2,741.4,927.9,499.4,1300.8,577.7,496.7,1286.0,666.2,326.0,1188.9,613.0,688.9,883.2,211.3,926.0,976.2,1211.3,690.6,835.8,433.6,925.9,693.0,1372.9,1471.4,656.4,955.7,643.0,867.4,818.2,447.2,643.5,1131.1,872.8,185.6,616.7,628.0,1149.9,896.2,778.9,653.8,12.7,513.2,670.7,287.4,915.4,782.9,834.0,1207.3,645.1,1312.0,966.9,834.4,1211.9,1194.8,1433.7,1231.6,892.1,661.1,648.1,1451.9,1228.6,624.6,838.5,911.5,927.4,1312.9,572.6,851.3,642.2,1247.7,628.5,1459.7,1224.9,250.9,606.7,984.6,1573.5,1434.2,684.9,985.9,708.7,449.1,814.5,1349.1,667.6,1290.1,728.3,710.5,1388.6,728.9,1329.8,995.7,972.7,589.5,1295.2,1294.3,892.2,909.9,733.3,477.1,896.1,767.8,1251.6,652.4,318.0,800.0,690.7,680.1,1088.3,489.0,990.5,1319.1,590.3,712.5,1053.0,640.2,872.8,534.8,1349.4,172.4,811.4,842.3,1403.5,588.3,723.2,1523.5,1088.3,956.2,1235.1,647.8,657.7,1135.9,1339.9,448.2,1136.3
19,1541.2,4.1,763.9,493.7,783.4,611.8,597.3,459.8,832.5,660.1,985.9,47.1,646.0,47.1,581.6,406.6,604.8,176.4,994.6,0.0,530.1,749.7,229.4,681.0,499.9,310.5,421.6,681.9,17.3,648.6,449.9,19.3,623.6,299.4,437.7,719.8,836.9,763.6,823.8,988.5,785.3,768.1,647.3,539.0,938.0,390.0,859.3,22.9,474.9,359.2,488.6,836.4,781.2,678.1,842.0,467.5,581.9,540.5,753.5,997.4,206.1,915.3,796.0,408.4,919.8,1020.9,563.0,709.5,493.3,751.8,675.8,394.3,694.0,824.0,553.5,509.4,1008.2,953.6,789.5,1016.2,1042.1,939.5,498.6,68.5,997.9,1017.9,408.4,592.6,77.3,452.2,640.4,780.4,916.9,126.6,764.0,750.4,514.1,606.1,970.8,955.0,130.5,867.8,586.1,574.9,242.3,107.1,937.8,549.1,981.9,689.7,874.5,842.1,1059.1,741.3,645.6,299.7,349.5,579.4,163.7,783.4,997.3,440.4,701.2,499.1,238.4,988.5,879.1,855.4,321.0,951.9,997.4,104.4,500.0,552.2,731.5,424.0,641.9,515.2,859.6,656.4,984.4,933.1,723.1,483.2,722.9,701.7,719.8,17.3,827.0,600.4,532.9,539.6,613.5,557.6,686.6,552.5,656.1,1056.3,597.3,7.6,162.2,748.4,507.6,824.7,443.2,733.8,691.6,1166.4,107.2,409.9,497.3,512.9,706.0,255.3,690.5,724.6,180.7,640.4,4.1,482.1,749.2,871.4,145.4,799.1,130.5,711.2,454.3,1045.6,769.8,654.0,671.0,704.7,365.6,791.0,180.7,47.1,647.3,975.1,657.5,1031.9,444.8,699.3,816.8
20,1011.1,534.2,518.8,88.1,1073.1,610.2,887.1,453.3,520.3,415.0,1275.6,577.2,162.8,577.2,871.4,159.2,74.7,466.2,817.3,530.1,0.0,1039.5,519.2,429.9,122.8,600.3,711.4,971.7,547.5,405.2,108.6,510.8,913.3,248.4,672.7,616.2,418.6,321.8,1182.5,676.3,1075.0,1057.8,486.8,490.8,1173.1,679.7,547.1,553.0,587.5,280.2,557.8,353.2,1070.9,148.0,1200.7,580.0,336.8,185.5,441.3,1356.1,400.2,385.2,265.9,820.0,1278.5,708.7,852.7,524.5,547.9,221.7,430.6,629.3,509.0,511.9,843.2,234.5,836.7,470.4,544.3,702.2,1381.0,627.3,856.0,461.6,505.1,704.0,820.0,951.3,600.5,291.7,930.2,1070.2,546.2,479.7,424.3,220.3,108.6,964.8,658.6,424.9,636.8,920.7,538.0,526.8,532.0,630.3,1296.5,501.0,804.6,444.5,498.1,529.9,1348.8,211.2,115.5,534.7,761.0,869.2,442.6,253.3,505.7,730.2,990.9,788.9,494.2,676.3,502.8,1145.1,556.1,594.2,1356.1,561.4,820.3,594.5,1090.2,835.5,573.4,805.0,483.2,891.4,501.2,862.2,538.0,772.9,958.0,991.5,616.2,547.5,408.7,904.1,2.8,630.7,598.9,847.3,156.5,642.8,945.9,742.3,887.1,537.7,367.9,1107.1,576.8,1114.4,183.6,203.7,161.5,854.2,630.4,821.4,759.0,404.2,1053.2,689.5,622.0,611.3,470.4,395.3,526.0,594.6,1107.9,1230.1,435.1,1157.8,636.8,466.0,566.8,733.4,239.7,123.9,960.7,519.6,777.1,1080.8,470.4,577.2,516.7,663.0,589.0,501.8,557.3,429.7,1106.6
21,2018.2,753.8,1351.1,985.4,368.2,1198.4,522.8,1046.4,1419.6,1247.3,473.4,796.8,1137.7,796.8,168.1,916.5,1113.4,599.2,1440.6,749.7,1039.5,0.0,593.8,1268.2,1009.8,518.7,577.4,112.2,767.0,1050.4,959.8,730.4,184.8,791.0,694.9,1306.4,1423.4,1344.7,775.7,1575.6,35.6,113.2,1234.0,1125.6,607.8,441.6,1446.4,772.6,876.8,869.1,890.4,1278.1,84.3,1186.7,867.3,869.3,1169.0,1119.0,1340.6,623.5,806.4,1423.9,1304.6,646.4,802.6,1506.3,207.5,1296.2,1079.9,1260.4,1262.9,620.0,1280.7,1411.2,217.0,1096.0,1454.2,1395.4,1376.6,1603.3,578.8,1526.6,617.9,681.2,1439.7,1605.1,646.4,1007.0,822.5,1038.7,565.9,30.7,1504.0,789.4,1350.5,1259.0,1024.0,993.4,1557.9,1463.6,858.7,1313.8,1172.8,1161.5,507.4,852.2,895.0,1135.7,1427.9,1276.8,1461.0,1429.2,546.6,1249.8,1154.2,627.9,837.1,504.9,826.4,1292.0,1439.1,514.0,126.1,271.4,900.4,1575.6,1465.6,440.2,606.6,1539.1,623.5,783.4,582.2,954.1,889.3,630.9,1228.5,337.4,1446.1,652.6,1426.1,1379.1,1309.7,534.9,738.2,126.7,1306.4,767.0,1413.5,1054.1,1042.3,941.4,1200.1,250.8,1195.2,1139.1,581.6,1643.4,522.8,757.3,748.7,875.0,909.4,201.0,953.2,1242.4,1200.2,1637.0,852.4,755.4,570.8,1099.5,1152.0,860.2,1277.1,1311.2,603.5,1227.5,745.6,883.9,871.7,828.6,604.3,800.4,858.7,1298.3,856.1,1530.9,1278.4,1162.6,596.4,1291.3,800.0,136.1,603.5,796.8,1049.2,1562.3,1244.1,1540.5,846.6,1286.5,304.3
22,1529.5,233.6,835.7,465.1,627.5,754.2,441.5,536.3,904.2,731.9,830.0,276.5,617.4,276.5,425.8,396.2,593.2,78.9,1137.1,229.4,519.2,593.8,0.0,752.8,489.5,154.7,265.8,526.1,246.8,615.6,439.6,210.1,467.7,270.8,376.3,796.4,903.2,824.5,966.3,1060.2,629.4,612.2,724.0,615.6,867.2,234.1,931.0,252.3,442.0,348.8,455.6,807.8,625.3,666.5,984.5,434.5,653.6,598.7,825.2,980.1,286.2,903.6,784.3,438.9,1062.3,1092.6,407.1,786.2,635.7,740.1,747.5,256.0,770.7,895.8,397.6,575.7,1150.7,925.0,861.2,1087.9,935.4,1011.2,410.4,160.9,969.3,1089.7,438.9,735.0,302.2,518.5,484.6,624.6,988.8,269.1,830.2,738.7,503.7,748.6,1042.5,943.4,338.4,1010.2,662.8,651.5,86.4,332.0,1080.2,625.7,1124.3,761.4,940.7,913.8,903.2,729.6,634.0,263.9,492.0,423.6,306.1,771.8,968.7,284.6,545.3,343.2,380.1,1060.2,945.4,699.5,242.6,1023.7,980.1,263.1,374.7,519.3,874.0,423.4,718.6,359.4,925.8,571.3,955.8,1075.5,799.7,327.3,659.5,545.9,796.4,246.8,893.3,742.8,522.0,506.6,744.0,401.7,674.9,695.0,500.2,1128.0,441.5,237.0,228.4,890.9,474.6,668.8,432.9,722.1,679.9,1238.1,332.1,547.8,341.5,589.4,848.4,397.8,767.1,801.3,83.2,712.1,225.3,449.2,891.7,1013.9,84.1,941.6,338.4,782.9,421.3,1117.3,758.1,642.3,515.1,781.3,508.0,635.2,83.2,276.5,614.4,1046.9,734.1,1020.2,411.8,771.1,661.0
23,999.2,685.2,166.2,452.1,1301.8,257.6,1115.8,254.6,151.5,20.9,1147.0,642.6,493.9,642.6,1100.1,485.9,405.8,699.8,448.4,681.0,429.9,1268.2,752.8,0.0,384.0,833.8,944.9,1200.4,672.4,736.3,441.7,661.7,1142.0,606.1,961.0,263.6,328.6,362.8,844.6,307.4,1303.7,1286.5,134.2,242.6,1461.3,826.5,178.3,666.8,921.7,602.7,888.8,684.2,1299.6,479.1,862.8,914.2,136.7,266.8,72.4,1018.2,537.7,701.4,582.1,621.7,940.6,339.9,1081.4,171.9,320.1,537.9,78.0,917.6,156.4,143.0,1072.0,217.8,467.8,801.5,191.7,335.2,1062.9,258.5,711.9,618.0,821.3,336.9,621.7,613.3,612.4,244.6,1158.9,1298.9,272.7,555.5,255.6,477.4,369.8,626.9,289.8,741.1,559.2,551.9,195.4,206.7,765.6,582.6,958.6,232.5,435.7,91.9,286.9,161.1,1095.1,395.5,446.6,823.0,562.8,1097.9,518.5,444.4,821.9,963.8,1219.6,1017.6,443.7,307.4,264.3,1373.8,844.3,270.9,1018.2,597.9,713.3,925.6,752.3,637.3,220.8,1033.7,244.8,1179.7,834.9,493.3,185.4,770.6,1246.3,1220.2,263.6,672.4,318.7,566.2,427.1,961.7,246.3,1076.0,340.9,304.9,1174.6,375.2,1115.8,682.1,524.3,769.2,907.8,1343.1,443.8,519.9,345.9,485.3,582.5,623.2,1020.7,204.0,684.3,497.2,269.4,258.7,704.0,40.6,676.9,928.8,770.0,892.2,668.7,819.9,559.2,113.4,901.0,364.5,424.1,455.0,1189.4,167.0,578.9,1309.5,704.0,642.6,847.7,294.1,236.4,752.1,891.5,26.9,1316.0
24,1133.9,504.0,466.9,132.4,1043.5,551.9,857.4,332.8,535.5,363.1,1246.0,547.0,269.2,547.0,841.7,101.9,197.5,436.5,832.4,499.9,122.8,1009.8,489.5,384.0,0.0,570.6,681.7,942.0,517.2,511.6,57.6,480.6,883.7,226.6,643.1,564.3,442.6,342.8,1102.3,691.5,1045.4,1028.2,435.0,412.1,1143.4,650.0,562.3,522.7,565.6,234.1,579.2,459.6,1041.3,270.8,1120.5,558.2,284.9,117.3,456.5,1275.9,369.9,508.0,388.7,699.5,1198.3,723.9,823.0,472.6,467.7,344.5,378.8,599.7,457.1,527.0,813.6,166.2,851.8,576.8,492.5,719.2,1320.6,642.5,789.7,431.3,621.1,721.0,699.5,871.0,570.3,223.5,900.5,1040.5,570.3,449.4,438.4,343.1,14.2,884.6,673.8,547.7,606.5,935.9,459.3,448.0,502.4,600.0,1216.2,422.2,819.7,392.7,522.2,545.1,1319.1,334.0,238.3,505.1,640.6,839.5,412.4,376.1,620.5,700.5,961.2,759.2,463.9,691.5,526.8,1115.5,526.4,618.2,1275.9,531.2,790.6,642.9,1010.0,715.1,515.1,775.3,507.3,861.8,607.6,877.4,486.1,743.3,928.3,961.8,564.3,517.2,432.7,823.9,125.6,630.3,540.5,817.6,279.3,562.6,916.2,759.3,857.4,507.5,337.7,1026.9,598.2,1084.7,60.8,326.5,284.3,869.4,600.1,701.0,729.4,336.2,984.4,569.1,563.6,559.5,440.8,343.4,495.7,572.8,1027.7,1149.9,405.5,1077.6,606.5,414.2,544.9,748.6,362.5,246.7,931.1,467.7,656.7,1051.1,440.8,547.0,623.1,678.1,530.6,624.6,535.4,402.3,1076.9
25,1499.5,314.6,916.7,546.2,552.4,835.3,366.3,617.4,985.3,813.0,754.9,357.6,698.5,357.6,350.6,477.3,674.2,160.0,1199.5,310.5,600.3,518.7,154.7,833.8,570.6,0.0,111.1,450.9,327.9,531.7,520.6,291.2,392.6,351.8,221.7,877.5,984.2,905.6,1028.8,1141.3,554.3,537.1,805.1,696.7,719.9,159.0,1012.1,333.4,358.1,429.9,371.7,759.4,550.2,747.5,1047.0,350.6,734.7,679.8,906.3,905.0,367.2,984.7,865.4,363.8,1084.1,1173.7,332.0,867.3,716.8,821.2,828.6,101.3,851.8,976.8,322.5,656.8,1213.1,876.7,942.3,1169.0,860.3,1092.3,335.3,242.0,921.0,1170.8,363.8,797.5,383.3,599.5,409.4,549.4,1069.9,350.2,911.3,819.8,584.8,811.1,1123.6,1001.2,419.5,1072.7,743.9,732.6,68.2,413.0,1142.7,706.8,1186.8,842.5,1021.8,994.9,828.1,810.7,715.0,109.2,554.5,348.5,387.2,852.8,920.4,129.9,470.2,268.1,461.2,1141.3,1026.4,624.4,87.9,1104.7,905.0,344.2,299.5,435.4,936.5,348.2,799.6,284.2,1006.9,438.2,907.4,1138.0,880.8,252.2,504.8,470.7,877.5,327.9,974.3,805.3,603.1,422.7,825.1,326.6,756.0,776.1,425.1,1209.1,366.3,318.1,309.5,953.3,390.7,593.7,514.0,803.2,761.0,1319.2,413.2,472.7,188.9,670.4,910.9,478.8,848.2,882.3,164.3,793.2,306.4,365.2,954.2,1076.4,165.1,1004.1,419.5,864.0,337.4,1198.4,839.2,723.4,440.0,862.4,517.3,560.0,164.3,357.6,530.5,1128.0,815.2,1101.3,327.9,852.1,585.8
26,1569.9,425.7,1027.8,657.3,611.1,946.4,425.0,728.5,1096.4,924.1,813.6,468.7,809.6,468.7,409.3,588.4,785.3,271.1,1258.2,421.6,711.4,577.4,265.8,944.9,681.7,111.1,0.0,509.6,439.0,602.1,631.7,402.3,451.3,462.9,139.2,988.6,1095.3,1016.7,1087.5,1252.4,613.0,595.8,916.2,807.8,614.7,217.7,1123.2,444.5,428.5,541.0,442.1,829.8,608.9,858.6,1105.7,421.0,845.8,790.9,1017.4,963.7,478.3,1095.8,976.5,422.5,1142.8,1284.8,390.7,978.4,827.9,932.3,939.7,112.9,962.9,1087.9,381.2,767.9,1271.8,947.1,1053.4,1280.1,919.0,1203.4,394.0,353.1,991.4,1281.9,422.5,856.2,494.4,710.6,387.8,608.1,1181.0,461.3,1022.4,930.9,695.9,869.8,1234.7,1071.6,530.6,1131.4,855.0,843.7,179.3,524.2,1201.4,817.9,1245.5,953.6,1132.9,1106.0,886.8,921.8,826.1,179.6,613.1,407.2,498.3,963.9,990.8,70.3,528.9,326.8,572.3,1252.4,1137.5,683.1,158.3,1215.8,963.7,455.3,358.2,505.2,995.2,406.9,910.7,342.9,1118.0,333.1,977.8,1196.7,991.9,310.9,399.7,529.4,988.6,439.0,1085.4,864.0,714.2,469.1,936.2,385.3,867.1,887.2,403.5,1320.2,425.0,429.2,420.6,1012.0,461.1,652.4,625.1,914.3,872.1,1430.3,524.3,531.4,77.8,781.5,969.6,590.0,959.3,993.5,275.4,904.3,417.5,435.7,1012.8,1135.1,276.2,1062.8,530.6,975.1,407.8,1309.5,950.3,834.5,418.4,973.5,576.0,618.7,275.4,468.7,600.9,1239.1,926.3,1212.4,398.3,963.3,644.5
27,1950.5,686.0,1283.3,917.6,431.4,1130.6,455.0,978.6,1351.8,1179.5,536.6,729.0,1069.9,729.0,100.3,848.7,1045.6,531.4,1414.4,681.9,971.7,112.2,526.1,1200.4,942.0,450.9,509.6,0.0,699.3,982.6,892.0,662.6,248.0,723.2,627.1,1238.6,1355.6,1277.0,838.9,1507.8,147.8,130.6,1166.2,1057.8,671.1,373.8,1378.6,704.8,809.0,801.3,822.6,1210.3,147.5,1118.9,930.5,801.5,1101.2,1051.2,1272.8,686.7,738.6,1356.1,1236.8,578.6,865.8,1480.0,139.7,1228.4,1012.1,1192.6,1195.1,552.2,1212.9,1343.4,149.2,1028.2,1428.0,1327.6,1308.8,1535.5,642.0,1458.8,550.2,613.4,1371.9,1537.3,578.6,1012.4,754.7,970.9,498.1,143.0,1436.2,721.6,1282.7,1191.2,956.2,1026.0,1490.1,1395.8,790.9,1287.6,1105.0,1093.7,439.6,784.4,958.2,1067.9,1401.7,1209.0,1393.2,1361.4,609.8,1182.1,1086.4,560.1,769.3,437.1,758.6,1224.2,1371.3,446.2,63.7,203.6,832.6,1507.8,1397.8,503.4,538.8,1471.3,686.7,715.6,514.4,886.3,952.5,563.1,1160.7,269.6,1378.3,584.8,1358.3,1352.9,1241.9,467.1,711.2,64.2,1238.6,699.3,1345.7,1020.2,974.5,873.6,1132.3,221.0,1127.4,1071.4,513.8,1575.6,455.0,689.5,680.9,938.2,841.6,264.3,885.4,1174.6,1132.4,1610.8,784.6,687.6,503.0,1031.7,1125.8,792.4,1209.3,1243.5,535.7,1159.7,677.8,816.2,934.9,891.9,536.5,863.6,790.9,1230.5,788.3,1504.7,1210.6,1094.8,528.7,1223.5,732.2,153.5,535.7,729.0,981.4,1494.5,1176.3,1472.7,778.8,1218.7,367.5
28,1558.5,13.2,755.3,511.1,800.7,603.1,614.7,451.1,823.8,651.5,1003.2,29.7,663.4,29.7,599.0,423.9,622.2,193.8,985.9,17.3,547.5,767.0,246.8,672.4,517.2,327.9,439.0,699.3,0.0,665.9,467.2,36.6,640.9,316.7,455.0,711.1,854.3,780.9,815.2,979.8,802.6,785.4,638.7,530.3,955.3,407.3,850.6,5.5,492.3,376.5,505.9,853.7,798.5,695.5,833.4,484.8,573.2,557.9,744.8,988.7,223.4,932.6,813.3,399.8,911.2,1012.3,580.3,700.9,484.6,769.1,667.1,411.6,685.4,815.4,570.8,526.8,999.5,970.9,780.8,1007.5,1033.5,930.9,490.0,85.9,1015.2,1009.3,399.8,583.9,60.0,469.6,657.8,797.8,908.2,144.0,781.3,767.7,531.4,597.5,962.1,972.4,113.1,859.1,577.5,566.2,259.6,89.7,929.1,540.4,973.2,681.0,891.8,833.4,1065.7,758.6,663.0,317.0,340.8,596.8,181.0,800.8,1014.7,457.8,718.5,516.4,255.8,979.8,896.5,872.7,338.3,943.3,988.7,87.0,491.4,569.6,722.9,415.3,633.3,532.6,876.9,673.7,1001.7,924.4,714.4,500.5,740.3,719.1,711.1,0.0,844.3,591.7,550.3,556.9,604.8,574.9,703.9,543.9,673.5,1047.6,614.7,9.8,179.5,739.7,524.9,842.0,460.6,751.1,709.0,1157.7,89.9,401.2,514.7,504.2,697.3,246.7,681.8,716.0,198.0,631.7,21.5,499.4,740.5,862.8,162.7,790.5,113.1,702.5,471.6,1036.9,787.1,671.4,688.3,696.0,356.9,808.4,198.0,29.7,664.7,966.5,648.8,1049.2,462.1,690.7,834.2
29,1016.5,652.7,875.4,428.7,1084.1,966.8,879.2,838.5,826.7,720.5,1286.6,695.7,242.4,695.7,882.3,523.0,381.1,562.6,1123.7,648.6,405.2,1050.4,615.6,736.3,511.6,531.7,602.1,982.6,665.9,0.0,466.9,629.3,924.3,512.7,560.5,972.8,725.0,628.2,1385.4,982.7,1086.0,1068.8,843.4,879.9,1060.8,690.7,853.5,671.4,236.8,632.2,201.2,276.3,1081.9,454.4,1403.6,229.4,725.8,574.5,747.7,1436.7,628.7,557.9,572.3,895.5,1481.4,1015.1,863.7,881.1,937.0,528.1,787.2,517.1,865.6,818.3,854.2,623.5,1143.1,393.6,900.9,1008.6,1392.0,933.7,867.0,580.0,437.9,1010.4,895.5,1154.2,721.4,680.7,833.9,1081.2,852.6,688.2,730.7,526.7,497.4,1167.7,965.0,518.1,757.6,1227.1,904.6,915.8,599.9,751.1,1499.4,890.0,1111.0,801.1,804.5,836.3,1359.8,517.6,421.9,422.5,911.1,861.3,671.1,559.7,437.3,620.9,1001.9,799.8,722.7,982.7,809.2,1143.7,443.8,900.6,1436.7,682.3,831.3,237.9,1293.1,879.9,930.0,815.9,789.6,779.2,424.4,1168.6,894.6,783.9,845.7,1002.4,972.8,665.9,715.0,1162.0,402.4,274.1,955.5,858.3,462.9,1014.1,849.6,1048.7,879.2,656.2,596.4,1310.0,220.2,1125.4,558.9,510.1,467.9,1160.6,751.2,971.5,646.8,793.3,1267.5,816.9,978.6,967.9,566.9,700.7,644.5,244.0,1310.8,1433.0,531.6,1360.7,757.6,822.6,269.0,1039.8,546.1,430.3,864.5,876.2,927.2,1091.7,566.9,695.7,160.1,969.4,945.6,773.7,259.5,736.1,1117.5
30,1119.7,454.0,524.6,74.7,993.5,595.2,807.4,376.2,593.1,420.8,1196.0,497.0,224.5,497.0,791.7,60.6,183.4,386.6,890.1,449.9,108.6,959.8,439.6,441.7,57.6,520.6,631.7,892.0,467.2,466.9,0.0,430.6,833.7,168.9,593.1,622.0,500.2,400.5,1145.6,749.1,995.4,978.2,492.6,455.5,1093.4,600.1,619.9,472.8,508.0,200.0,521.6,414.8,991.3,256.6,1163.8,500.5,342.6,174.9,514.1,1319.2,320.0,493.8,374.5,742.9,1241.6,781.6,773.1,530.3,511.1,330.3,436.4,549.7,514.8,584.7,763.6,223.9,909.5,532.1,550.1,776.8,1301.4,700.2,776.4,381.4,576.4,778.6,742.9,914.4,520.3,281.1,850.5,990.6,627.9,399.4,496.1,328.9,71.9,927.9,731.4,533.5,556.6,993.6,502.6,491.4,452.4,550.0,1259.6,465.6,877.4,450.3,579.8,602.7,1269.2,319.8,224.2,455.1,683.9,789.6,362.4,361.9,575.8,650.5,911.3,709.2,413.9,749.1,584.4,1065.5,476.4,675.9,1319.2,481.2,740.6,585.3,1053.3,758.4,558.4,725.3,564.9,811.8,562.8,935.0,543.8,693.3,878.4,911.8,622.0,467.2,490.3,867.2,111.4,572.6,583.9,767.7,265.1,605.9,866.2,816.9,807.4,457.5,287.7,1070.2,540.6,1034.8,96.6,312.3,270.1,927.0,550.2,744.3,679.4,393.8,1027.7,612.4,607.0,617.1,390.8,401.1,445.8,515.1,1071.0,1193.2,355.5,1120.9,556.6,471.8,487.3,806.2,348.3,232.5,881.1,525.4,700.0,1001.1,390.8,497.0,578.3,735.8,574.0,610.4,477.8,460.0,1026.9
