,0,1,2,3,4,5,6,7,8,9,10,11,12,13,14,15,16,17,18,19,20,21,22,23,24,25,26,27,28,29,30,31,32,33,34,35,36,37,38,39,40,41,42,43,44,45,46,47,48,49,50,51,52,53,54,55,56,57,58,59,60,61,62,63,64,65,66,67,68,69,70,71,72,73,74,75,76,77,78,79,80,81,82,83,84,85,86,87,88,89,90,91,92,93,94,95,96,97,98,99,100,101,102,103,104,105,106,107,108,109,110,111,112,113,114,115,116,117,118,119,120,121,122,123,124,125,126,127,128,129,130,131,132,133,134,135,136,137,138,139,140,141,142,143,144,145,146,147,148,149,150,151,152,153,154,155,156,157,158,159,160,161,162,163,164,165,166,167,168,169,170,171,172,173,174,175,176,177,178,179,180,181,182,183,184,185,186,187,188,189,190,191,192,193,194,195,196,197,198,199,200,201,202
0,0.0,496.7,1116.5,970.0,1317.2,540.4,515.0,1151.5,620.4,876.6,1446.0,675.3,710.6,1497.0,848.3,495.9,1028.7,939.2,1145.9,811.2,1072.0,1439.9,601.7,874.3,1145.5,986.4,1144.7,1105.6,680.3,966.9,864.0,652.6,1234.9,840.9,1301.8,570.5,825.6,1495.0,1496.6,1052.9,937.1,811.4,1075.2,1136.0,654.3,1576.2,1527.0,840.9,891.3,657.3,645.1,1155.2,781.9,361.4,1339.0,1180.4,880.3,852.0,988.1,671.0,857.6,1472.3,758.1,1491.6,996.7,1042.8,1489.5,1156.2,1443.3,1365.2,515.0,944.2,751.9,1038.9,1261.4,1047.5,866.4,691.3,895.9,906.1,1073.0,1138.2,1419.7,649.2,738.0,532.1,750.4,810.3,1114.7,508.3,929.6,1091.8,985.0,650.5,867.2,839.0,848.8,1052.9,601.9,660.6,1430.9,716.3,1183.1,1124.1,1155.2,966.6,737.9,759.7,773.3,663.6,813.7,695.8,1373.7,639.2,787.6,854.3,1003.2,762.7,625.6,1440.0,1168.2,636.3,1303.9,1354.0,1222.2,1048.8,891.0,1218.6,1184.8,792.9,1032.1,810.9,1126.3,1102.1,939.0,1078.5,864.2,885.2,1128.1,1353.2,1089.4,1004.2,1068.2,910.2,863.8,1440.0,500.6,1171.6,962.3,1020.9,816.2,1396.4,1454.8,1346.3,1139.0,1156.0,852.8,840.1,1313.6,1157.5,1007.9,1116.5,1498.7,727.9,750.6,874.7,1168.3,682.1,997.5,695.8,840.0,1450.3,1288.6,1108.7,1454.0,1344.7,1296.4,1231.4,1116.7,907.6,844.3,889.1,985.5,844.9,1007.9,1004.5,602.8,673.1,929.9,1144.8,575.9,1138.0,691.0,459.5,731.1,773.7,1103.2,1443.3,650.5,932.2,1128.1,721.3,1513.9
1,496.7,0.0,703.7,859.3,849.4,459.6,18.3,694.7,464.5,586.0,1225.4,195.0,240.2,1192.6,606.3,0.8,649.6,697.2,825.5,490.8,591.7,972.1,337.1,632.3,665.2,635.7,664.4,863.6,254.7,486.6,383.7,276.6,1014.3,360.6,1081.2,90.2,583.6,1027.2,1028.8,572.6,697.7,331.1,696.1,815.6,174.0,1108.4,1059.2,360.6,649.3,576.5,164.8,776.1,542.5,158.7,871.2,859.4,559.9,436.4,553.7,190.7,569.1,1093.2,277.8,1023.8,562.3,562.5,1184.6,775.0,975.5,897.4,101.4,704.8,512.5,928.2,882.3,668.4,596.2,345.5,653.9,617.6,661.4,682.0,951.9,568.4,449.5,451.3,508.4,438.5,634.4,30.7,499.0,681.4,664.6,170.2,625.2,374.1,368.5,572.6,362.5,504.7,963.1,236.0,862.7,643.8,776.1,643.6,429.3,302.9,531.3,287.6,333.4,225.4,1153.1,293.4,307.3,773.5,568.8,305.9,469.7,972.2,888.1,480.4,836.1,886.2,1001.6,568.5,602.5,998.0,871.5,312.6,638.2,568.9,646.0,781.7,489.6,598.2,448.6,404.9,647.8,974.1,609.1,674.7,957.5,668.2,383.5,972.2,87.0,792.5,641.9,641.8,487.6,928.6,987.0,1125.7,658.7,774.8,564.3,598.1,1093.0,837.1,586.4,703.7,1030.9,247.6,453.8,586.2,888.0,526.2,770.1,225.4,424.4,982.5,1068.0,628.4,986.2,965.6,828.6,860.6,703.5,665.6,418.5,482.2,505.2,602.9,586.4,716.0,390.7,247.5,624.7,824.4,95.6,682.2,535.1,37.2,274.3,316.9,622.9,975.5,170.2,627.0,647.8,479.3,1046.1
2,1116.5,703.7,0.0,485.2,465.6,754.9,722.0,310.9,553.1,317.2,679.6,536.1,612.3,730.6,378.7,702.9,305.2,419.5,224.4,319.7,207.9,588.3,585.4,464.7,43.3,132.5,280.6,365.4,583.0,230.9,332.3,555.3,468.5,400.2,535.4,613.5,440.0,643.4,645.0,148.0,681.8,476.6,314.2,214.5,564.3,724.6,675.4,400.2,373.3,782.2,564.5,415.4,526.6,846.0,487.4,258.9,260.1,350.6,374.7,596.3,433.7,748.8,438.0,640.0,383.3,178.7,723.1,391.2,591.7,513.6,805.1,639.7,496.6,437.3,537.9,324.0,327.4,450.6,426.3,464.6,67.3,21.7,568.1,804.1,546.9,746.6,403.5,349.4,74.1,734.4,301.5,297.6,132.6,560.5,397.6,473.6,360.7,148.0,585.6,512.9,579.3,551.0,261.6,64.7,415.4,302.9,421.4,537.8,431.0,566.3,395.8,597.5,607.3,502.7,447.0,600.9,389.8,489.2,547.9,588.4,287.0,537.2,452.3,502.4,455.8,135.2,393.7,452.2,270.4,428.0,86.8,425.3,62.5,180.6,310.9,214.4,338.4,396.4,60.7,629.7,225.3,112.3,469.6,401.6,339.2,588.4,790.7,448.1,174.9,297.4,300.3,544.8,603.2,579.9,274.9,391.0,446.4,370.5,547.2,236.0,242.0,0.0,647.1,456.1,390.3,415.4,286.9,632.0,607.9,597.5,473.4,598.7,522.2,80.1,602.4,621.2,444.8,309.9,0.2,389.6,380.1,304.8,326.2,348.9,242.0,468.2,613.8,575.8,286.5,223.3,608.1,21.5,640.9,724.5,560.0,551.8,239.1,591.7,560.5,284.2,60.7,432.6,662.3
3,970.0,859.3,485.2,0.0,759.1,429.6,870.9,668.6,489.3,478.8,476.0,702.5,676.5,527.0,457.9,858.5,724.7,402.8,260.8,538.1,627.4,881.8,567.6,543.9,528.5,489.2,700.1,167.4,646.2,650.4,751.8,618.5,264.9,796.9,331.8,769.1,519.2,936.9,938.5,567.5,225.0,690.5,720.3,431.5,730.7,623.9,727.3,796.9,395.1,312.7,730.9,760.5,316.8,973.5,780.9,477.5,516.9,588.3,794.2,676.4,853.2,1005.8,719.7,861.2,802.8,598.2,519.5,732.2,861.3,807.1,865.2,154.5,346.8,68.9,916.5,743.5,476.0,513.8,505.5,884.1,465.5,506.9,861.6,334.6,916.1,437.9,452.9,537.2,559.1,858.5,595.8,703.7,421.7,726.9,476.8,605.2,740.7,567.5,567.8,449.1,796.3,631.1,480.2,549.9,760.5,722.4,472.8,617.9,475.8,629.5,742.9,661.7,403.7,565.9,692.2,115.7,809.3,569.3,484.1,867.2,198.2,473.4,745.8,795.9,252.2,554.7,813.2,248.6,214.8,749.5,485.0,504.5,547.7,304.6,605.2,633.9,600.5,655.6,545.9,1008.3,644.8,416.8,98.2,443.4,732.8,867.2,850.8,782.0,464.8,716.9,543.1,836.2,772.7,376.3,694.4,700.2,865.9,432.9,343.6,453.0,661.5,485.2,842.7,689.5,453.1,834.9,198.3,568.2,122.7,661.7,586.9,783.4,318.6,553.1,793.5,999.8,738.3,528.5,485.4,378.8,580.6,599.1,745.7,454.5,661.5,887.7,563.1,639.0,422.1,441.9,763.7,506.7,577.1,880.1,640.1,631.9,658.6,861.3,726.9,419.8,545.9,423.8,658.0
4,1317.2,849.4,465.6,759.1,0.0,1100.4,867.7,190.3,898.6,662.4,444.4,681.8,864.6,393.4,723.9,848.6,288.5,764.7,498.3,664.9,290.3,188.0,907.0,809.9,425.4,530.3,238.6,639.3,870.2,362.8,465.7,876.7,655.5,533.6,652.2,759.2,785.2,243.1,244.7,317.6,984.1,623.3,242.0,386.0,710.0,309.2,260.0,533.6,718.5,1071.8,710.2,282.2,872.1,979.2,137.4,290.8,605.3,611.3,478.3,761.3,501.0,394.8,571.6,224.6,486.9,286.9,385.4,253.9,176.3,98.2,950.8,913.6,842.1,711.2,349.9,387.3,672.6,772.0,771.5,531.9,447.7,443.9,167.8,1093.7,614.2,1092.1,749.0,662.9,394.6,880.1,533.7,225.4,477.0,706.2,742.8,697.9,507.4,317.6,931.1,858.4,163.9,716.0,323.5,404.0,282.2,370.2,766.9,794.8,776.5,887.7,542.5,849.8,516.7,824.1,593.7,874.8,493.4,746.2,893.4,188.1,560.9,882.7,95.9,87.0,668.2,446.8,461.0,671.8,544.3,561.4,486.7,770.5,406.2,454.5,538.7,296.8,599.1,618.0,408.0,441.7,265.7,472.1,743.5,746.8,485.9,188.1,936.4,303.7,520.1,342.3,649.2,129.4,187.8,544.1,232.9,221.9,513.7,715.7,576.8,407.5,351.7,465.6,231.7,602.3,735.8,482.7,560.8,977.5,881.8,849.8,734.1,183.3,586.3,388.6,187.0,433.2,88.4,292.0,465.4,734.8,640.8,576.3,458.1,694.1,351.7,535.5,959.3,863.0,631.7,317.2,753.8,444.1,986.4,870.2,817.0,808.8,279.5,176.3,706.2,629.4,408.0,778.1,246.9
5,540.4,459.6,754.9,429.6,1100.4,0.0,441.3,949.1,201.8,490.6,905.6,544.9,392.1,956.6,462.3,460.4,943.4,553.2,690.4,449.6,846.1,1223.1,283.2,488.3,798.2,624.8,918.8,597.0,361.8,783.6,727.4,334.1,694.5,708.4,761.4,484.7,439.6,1278.2,1279.8,786.2,413.1,602.0,952.4,774.4,523.9,1053.5,1156.9,708.4,505.3,116.9,514.7,1053.6,372.5,543.9,1122.2,818.8,516.8,499.8,880.6,443.2,943.7,1387.0,627.7,1274.8,889.2,816.9,949.1,1029.4,1226.5,1148.4,435.6,420.2,344.3,498.5,1176.1,962.2,480.4,372.8,509.9,992.2,711.4,776.6,1202.9,108.8,824.1,8.3,364.4,448.7,828.8,428.9,570.1,935.8,623.4,520.1,481.2,516.7,689.5,786.2,212.4,242.0,1214.1,488.5,821.5,819.6,1053.6,941.1,384.3,441.2,387.3,345.1,654.4,377.3,833.3,320.7,603.7,313.9,895.7,444.2,207.0,1223.2,627.8,217.7,1087.1,1137.2,681.8,708.8,974.7,678.2,644.4,661.0,670.5,424.9,817.4,734.2,579.5,852.6,512.0,567.1,815.6,1267.9,863.5,642.6,527.8,524.2,707.1,1223.2,421.2,1086.3,600.7,935.6,454.6,1179.6,1202.3,805.9,913.1,1029.2,938.9,454.1,773.2,795.9,880.2,754.9,1272.3,597.5,364.6,960.8,627.9,263.5,457.1,377.3,498.4,1213.0,748.2,822.8,1223.1,1259.4,1079.6,869.8,755.1,521.6,492.1,527.5,832.1,458.9,880.2,1049.2,184.2,354.6,543.9,783.2,479.3,776.4,272.4,496.8,412.6,455.2,877.3,1226.5,520.1,546.2,815.6,335.3,1087.6
6,515.0,18.3,722.0,870.9,867.7,441.3,0.0,713.0,482.8,604.3,1243.7,213.3,258.5,1210.9,624.6,19.1,667.9,715.5,843.8,509.1,610.0,990.4,355.4,650.6,683.5,654.0,682.7,881.9,273.0,504.9,402.0,294.9,1032.6,378.9,1099.5,108.5,601.9,1045.5,1047.1,590.9,716.0,349.4,714.4,833.9,192.3,1126.7,1077.5,378.9,667.6,558.2,183.1,794.4,560.8,177.0,889.5,877.7,578.2,454.7,572.0,209.0,587.4,1111.5,296.1,1042.1,580.6,580.8,1202.9,793.3,993.8,915.7,83.1,723.1,530.8,939.8,900.6,686.7,614.5,363.8,672.2,635.9,679.7,700.3,970.2,550.1,467.8,433.0,526.7,456.8,652.7,12.4,517.3,699.7,682.9,188.5,643.5,392.4,386.8,590.9,380.8,523.0,981.4,254.3,881.0,662.1,794.4,661.9,447.6,321.2,549.6,305.9,351.7,243.7,1171.4,311.7,325.6,755.2,587.1,324.2,488.0,990.5,906.4,498.7,854.4,904.5,1019.9,586.8,620.8,1016.3,889.8,330.9,656.5,587.2,664.3,800.0,507.9,616.5,466.9,423.2,666.1,992.4,627.4,693.0,969.1,686.5,401.8,990.5,68.7,810.8,660.2,660.1,505.9,946.9,1005.3,1144.0,677.0,793.1,582.6,616.4,1111.3,855.4,604.7,722.0,1049.2,265.9,472.1,604.5,906.3,544.5,788.4,243.7,442.7,1000.8,1086.3,646.7,1004.5,983.9,846.9,878.9,721.8,683.9,436.8,500.5,523.5,621.2,604.7,734.3,409.0,265.8,643.0,842.7,113.9,700.5,553.4,55.5,292.6,335.2,641.2,993.8,188.5,645.3,666.1,497.6,1064.4
7,1151.5,694.7,310.9,668.6,190.3,949.1,713.0,0.0,747.3,515.1,584.5,527.1,709.9,533.5,576.6,693.9,122.8,664.7,407.8,517.5,135.6,313.0,752.3,662.6,270.7,375.6,83.9,548.8,715.5,208.1,311.0,722.0,651.9,378.9,718.8,604.5,637.9,368.1,369.7,162.9,876.0,468.6,76.3,295.5,555.3,449.3,400.1,378.9,618.5,976.4,555.5,140.5,720.8,813.5,212.1,200.3,457.9,456.6,312.6,606.6,335.3,507.4,416.9,364.7,321.2,132.2,525.5,112.2,316.4,238.3,796.1,823.1,690.8,620.7,296.5,221.6,525.3,617.3,624.2,366.2,293.0,289.2,292.8,998.3,448.5,940.8,597.7,508.2,239.9,725.4,379.0,59.7,377.8,551.5,595.5,543.2,352.7,162.9,777.7,707.1,304.0,561.3,233.0,249.3,140.5,204.5,615.6,640.1,625.2,733.0,387.8,695.1,656.8,669.4,439.0,784.3,327.7,591.5,742.1,313.1,470.4,731.4,177.0,227.1,639.2,292.1,295.3,635.6,453.8,406.7,332.0,623.2,251.5,364.0,384.0,142.1,444.4,463.3,253.3,388.3,111.0,357.5,653.0,638.5,331.2,313.1,781.7,162.0,420.1,176.6,494.5,269.5,327.9,684.2,78.2,80.2,348.0,568.4,716.9,317.0,186.0,310.9,371.8,447.6,584.5,317.0,470.3,826.2,791.3,695.1,579.4,323.4,705.6,233.9,327.1,379.8,169.5,201.5,310.7,634.8,486.1,421.6,303.4,546.8,186.0,369.8,805.9,708.3,531.7,226.7,599.1,289.4,835.1,715.5,662.3,654.1,124.8,316.4,551.5,529.4,253.3,626.8,387.0
8,620.4,464.5,553.1,489.3,898.6,201.8,482.8,747.3,0.0,288.8,879.6,412.2,281.7,930.6,260.5,463.7,741.6,351.4,582.5,247.8,644.3,1021.3,172.8,286.5,596.4,423.0,717.0,517.8,251.4,581.8,525.6,223.7,668.5,506.6,735.4,374.3,237.8,1076.4,1078.0,584.4,327.7,400.2,750.6,572.6,413.5,1027.5,1108.4,506.6,303.5,318.7,404.3,851.8,172.5,606.8,920.4,617.0,315.0,298.0,678.8,332.8,745.4,1185.2,429.4,1073.0,687.4,615.1,923.1,827.6,1024.7,946.6,515.6,334.8,142.5,558.2,974.3,760.4,278.6,223.5,308.1,793.9,509.6,574.8,1001.1,310.6,625.8,193.5,162.6,246.9,627.0,495.2,368.3,734.0,421.6,409.7,279.4,314.9,487.7,584.4,102.0,40.2,1012.3,340.8,619.7,617.8,851.8,739.3,182.5,327.6,185.5,234.7,452.6,266.9,807.3,210.3,401.9,422.7,693.9,279.0,5.2,1021.4,596.2,15.9,885.3,935.4,655.8,507.0,772.9,652.2,612.8,459.2,468.7,223.1,615.6,538.7,377.7,650.8,310.2,365.3,613.8,1066.1,661.7,440.8,587.5,322.4,505.3,1021.4,501.2,884.5,398.9,733.8,252.8,977.8,1036.2,779.9,711.3,827.4,740.6,252.3,747.2,594.1,678.4,553.1,1080.1,399.2,162.8,762.5,596.3,78.9,400.1,266.9,296.6,1031.7,722.2,621.0,1035.4,1057.6,877.8,668.0,553.3,319.8,290.3,325.7,630.3,257.1,678.4,847.4,73.8,244.2,342.1,581.4,368.9,574.6,87.8,485.3,302.2,341.6,675.5,1024.7,409.7,344.4,613.8,133.5,1061.6
9,876.6,586.0,317.2,478.8,662.4,490.6,604.3,515.1,288.8,0.0,673.2,426.8,403.2,724.2,61.5,585.2,509.4,152.4,346.3,118.7,412.1,785.1,345.5,147.5,360.5,187.1,484.8,311.4,372.9,349.6,293.4,345.2,462.1,350.3,529.0,495.8,122.8,840.2,841.8,352.2,417.5,306.2,518.4,336.4,455.0,821.1,872.2,350.3,104.5,517.9,455.2,619.6,262.3,728.3,684.2,380.8,57.2,185.2,446.6,400.7,580.7,953.0,359.6,836.8,455.2,382.9,716.7,595.4,788.5,710.4,687.4,424.6,232.3,430.9,742.1,528.2,10.2,240.5,109.1,611.6,273.7,338.9,764.9,539.8,637.4,482.3,130.8,152.9,391.1,616.7,136.1,501.8,185.4,451.2,80.4,278.1,281.0,352.2,345.7,248.6,776.1,355.4,383.5,381.9,619.6,507.1,211.3,342.2,153.7,356.2,315.2,388.4,600.9,292.6,307.9,512.5,461.7,293.6,283.6,785.2,389.8,272.9,649.1,699.2,449.4,271.1,540.7,445.8,392.3,365.2,232.8,108.1,379.7,302.5,145.5,418.6,173.0,231.0,377.9,833.9,429.5,204.9,463.2,123.4,273.1,785.2,673.0,652.3,162.7,501.6,134.9,741.6,800.0,573.5,479.1,595.2,593.4,53.3,540.8,357.9,446.2,317.2,843.9,355.5,180.2,562.4,389.9,367.7,489.9,388.4,277.8,795.5,515.8,385.1,799.2,825.4,641.6,431.8,317.4,120.8,196.3,139.4,398.1,31.7,446.2,615.2,362.6,365.7,56.7,345.2,490.4,338.7,376.6,606.8,364.4,356.2,443.3,788.5,451.2,59.0,377.9,155.3,855.2
10,1446.0,1225.4,679.6,476.0,444.4,905.6,1243.7,584.5,879.6,673.2,0.0,1068.6,1042.6,51.0,652.3,1224.6,682.7,597.2,455.2,773.9,684.5,482.0,936.3,738.3,722.9,683.6,632.8,361.8,1012.3,757.0,859.9,984.6,211.1,927.8,207.8,1135.2,713.6,479.5,481.1,711.8,701.0,961.4,636.2,625.9,1096.8,163.4,266.8,927.8,589.5,788.7,1097.0,676.4,792.8,1367.7,531.6,671.9,711.3,839.3,872.5,1042.5,895.2,545.3,965.8,400.7,881.1,681.1,122.8,648.1,400.8,477.2,1317.1,630.5,822.8,428.1,695.8,781.5,670.4,879.9,699.9,926.1,659.9,701.3,461.8,810.6,1008.4,913.9,721.6,808.1,753.5,1256.1,790.2,619.6,616.1,1093.0,671.2,933.3,901.6,711.8,936.5,839.4,335.8,997.2,674.6,744.3,676.4,764.4,841.5,984.0,744.5,995.6,936.7,1027.8,72.3,932.0,963.1,591.7,887.6,935.4,874.4,406.7,392.6,863.7,490.1,466.0,223.8,749.1,855.2,227.4,409.2,955.6,679.4,698.9,742.1,499.0,799.6,691.0,827.1,885.1,740.3,604.0,659.9,611.2,460.4,637.8,880.1,406.7,1302.7,697.9,659.2,736.5,789.0,375.7,312.2,99.7,627.1,616.1,907.9,627.3,132.4,647.4,745.9,679.6,382.2,996.5,794.8,876.9,392.7,958.5,598.7,1027.8,933.0,322.9,323.7,747.5,333.0,612.5,482.6,686.2,679.8,573.2,851.5,793.5,852.3,648.9,745.9,929.7,953.4,1005.1,616.5,636.3,1129.8,701.1,967.4,1246.2,1006.2,998.0,673.7,400.8,1093.0,614.2,740.3,746.1,197.5
11,675.3,195.0,536.1,702.5,681.8,544.9,213.3,527.1,412.2,426.8,1068.6,0.0,210.2,1025.0,449.5,194.2,482.0,540.4,665.1,331.6,424.1,804.5,307.1,475.5,497.6,468.1,496.8,706.8,224.7,319.0,216.1,246.6,857.5,193.0,924.4,104.8,426.8,859.6,861.2,405.0,540.9,163.5,528.5,655.2,55.6,940.8,891.6,193.0,492.5,641.3,55.8,608.5,385.7,337.3,703.6,691.8,399.8,271.8,386.1,160.7,426.2,925.6,110.2,856.2,394.7,394.9,1017.0,607.4,807.9,729.8,296.4,548.0,355.7,771.4,714.7,500.8,437.0,264.3,497.1,474.7,493.8,514.4,784.3,653.7,306.6,536.6,351.6,273.9,466.8,225.7,331.4,513.8,504.2,51.8,468.4,209.5,200.9,405.0,332.5,372.0,795.5,127.2,702.3,476.2,608.5,476.0,272.5,217.2,374.5,257.6,165.8,195.4,996.3,263.4,139.7,635.9,401.2,168.6,407.0,804.6,727.7,396.3,668.5,718.6,844.8,400.9,459.6,841.2,711.1,145.0,470.6,412.1,478.4,621.3,322.0,430.6,284.0,237.3,480.2,806.5,441.5,510.1,800.7,511.4,215.9,804.6,282.0,624.9,481.5,474.2,323.0,761.0,819.4,968.9,491.1,607.2,421.4,441.3,936.2,676.7,418.8,536.1,863.3,80.0,297.0,443.3,727.6,491.1,613.3,195.4,259.8,814.9,911.2,460.8,818.6,798.0,661.0,693.0,535.9,508.8,250.9,317.6,337.6,446.1,418.8,554.7,360.7,217.5,465.5,664.0,99.4,514.6,500.0,215.8,239.4,231.2,455.3,807.9,51.8,467.8,480.2,322.5,878.5
12,710.6,240.2,612.3,676.5,864.6,392.1,258.5,709.9,281.7,403.2,1042.6,210.2,0.0,1093.6,423.5,239.4,664.8,514.4,642.7,308.0,606.9,987.3,154.3,449.5,632.6,482.2,679.6,680.8,71.9,501.8,398.9,93.8,831.5,375.8,898.4,150.0,400.8,1042.4,1044.0,555.4,514.9,285.9,711.3,632.8,189.2,1123.6,1074.4,375.8,466.5,509.0,180.0,791.3,359.7,382.5,886.4,677.2,377.1,261.7,568.9,108.5,609.0,1108.4,293.0,1039.0,577.5,577.7,1086.1,790.2,990.7,912.6,341.6,522.0,329.7,745.4,897.5,683.6,413.4,162.7,471.1,657.5,568.8,634.0,967.1,500.9,489.4,383.8,325.6,263.8,601.8,270.9,339.3,696.6,481.8,185.4,442.4,199.4,373.6,555.4,179.7,321.9,978.3,153.8,679.9,611.2,791.3,658.8,246.5,120.1,348.5,104.8,338.5,14.8,970.3,110.6,287.8,609.9,584.0,123.1,286.9,987.4,705.3,297.6,851.3,901.4,818.8,523.9,642.4,815.2,688.7,327.8,527.9,386.1,613.4,598.9,341.8,613.4,273.9,251.3,615.2,989.3,624.3,500.0,774.7,485.4,394.0,987.4,327.2,807.7,459.1,657.0,312.9,943.8,1002.2,942.9,673.9,790.0,604.2,415.3,910.2,654.3,601.6,612.3,1046.1,262.8,271.0,626.1,705.2,343.4,587.3,14.8,249.7,997.7,885.2,595.8,1001.4,980.8,843.8,728.2,612.5,482.8,254.0,307.5,520.4,420.1,601.6,737.5,207.9,64.7,441.9,641.6,144.6,633.8,352.3,261.0,91.5,134.1,638.1,990.7,185.4,444.2,615.2,296.5,1061.3
13,1497.0,1192.6,730.6,527.0,393.4,956.6,1210.9,533.5,930.6,724.2,51.0,1025.0,1093.6,0.0,703.3,1191.8,631.7,648.2,506.2,824.9,633.5,431.0,987.3,789.3,768.6,734.6,581.8,412.8,1063.3,706.0,808.9,1035.6,262.1,876.8,258.8,1102.4,764.6,428.5,430.1,660.8,752.0,966.5,585.2,676.9,1053.2,112.4,215.8,876.8,640.5,839.7,1053.4,625.4,843.8,1322.4,480.6,634.0,762.3,890.3,821.5,1093.5,844.2,494.3,914.8,349.7,830.1,630.1,71.8,597.1,349.8,426.2,1294.0,681.5,873.8,479.1,644.8,730.5,721.4,930.9,750.9,875.1,710.9,752.3,410.8,861.6,957.4,964.9,772.6,859.1,737.8,1223.3,841.2,568.6,667.1,1049.4,722.2,984.3,850.6,660.8,987.5,890.4,284.8,1048.2,666.7,747.2,625.4,713.4,892.5,1035.0,795.5,1046.6,885.7,1078.8,123.3,983.0,936.9,642.7,836.6,986.4,925.4,355.7,443.6,914.7,439.1,415.0,274.8,790.0,804.2,278.4,460.2,904.6,730.4,749.9,749.4,550.0,850.6,640.0,878.1,936.1,751.2,553.0,608.9,662.2,511.4,688.8,829.1,355.7,1279.6,646.9,710.2,685.5,840.0,324.7,261.2,150.7,576.1,565.1,856.9,678.3,183.4,698.4,694.9,730.6,331.2,945.5,845.8,825.9,443.7,1009.5,649.7,1078.8,984.0,271.9,272.7,731.8,282.0,561.5,431.6,635.2,730.8,624.2,902.5,844.5,801.3,699.9,694.9,878.7,1004.4,1056.1,667.5,660.4,1097.0,752.1,1018.4,1213.4,1057.2,1049.0,622.7,349.8,1049.4,665.2,751.2,797.1,146.5
14,848.3,606.3,378.7,457.9,723.9,462.3,624.6,576.6,260.5,61.5,652.3,449.5,423.5,703.3,0.0,605.5,570.9,124.1,407.8,180.2,473.6,846.6,317.2,86.0,422.0,248.6,546.3,290.5,393.2,411.1,354.9,365.5,441.2,411.8,508.1,516.1,94.5,901.7,903.3,413.7,389.2,353.1,579.9,397.9,477.7,800.2,903.6,411.8,76.2,489.6,477.9,681.1,234.0,748.6,745.7,442.3,118.7,246.7,508.1,423.4,642.2,1014.5,406.5,898.3,516.7,444.4,695.8,656.9,850.0,771.9,698.0,396.3,204.0,410.0,803.6,589.7,51.3,260.8,47.6,673.1,335.2,400.4,826.4,511.5,663.1,454.0,102.5,199.8,452.6,637.0,197.6,563.3,246.9,473.9,18.9,325.0,342.5,413.7,317.4,220.3,837.6,378.1,445.0,443.4,681.1,568.6,222.4,364.9,125.4,376.5,376.7,408.7,580.0,312.9,354.8,484.2,523.2,316.3,255.3,846.7,368.9,244.6,710.6,760.7,428.5,332.6,602.2,424.9,385.5,412.1,294.3,79.8,441.2,364.0,207.0,480.1,234.5,292.5,439.4,895.4,491.0,266.4,442.3,95.1,334.6,846.7,683.6,713.8,224.2,563.1,196.4,803.1,861.5,552.6,540.6,656.7,654.9,25.0,519.9,419.4,507.7,378.7,905.4,402.4,175.7,623.9,369.0,339.4,461.6,408.7,324.7,857.0,494.9,446.6,860.7,886.9,703.1,493.3,378.9,92.5,243.2,200.9,459.6,29.8,507.7,676.7,334.3,386.0,118.2,406.7,510.7,400.2,348.3,627.1,387.1,378.9,504.8,850.0,473.9,120.5,439.4,127.0,834.3
15,495.9,0.8,702.9,858.5,848.6,460.4,19.1,693.9,463.7,585.2,1224.6,194.2,239.4,1191.8,605.5,0.0,648.8,696.4,824.7,490.0,590.9,971.3,336.3,631.5,664.4,634.9,663.6,862.8,253.9,485.8,382.9,275.8,1013.5,359.8,1080.4,89.4,582.8,1026.4,1028.0,571.8,696.9,330.3,695.3,814.8,173.2,1107.6,1058.4,359.8,648.5,577.3,164.0,775.3,541.7,157.9,870.4,858.6,559.1,435.6,552.9,189.9,568.3,1092.4,277.0,1023.0,561.5,561.7,1183.8,774.2,974.7,896.6,102.2,704.0,511.7,927.4,881.5,667.6,595.4,344.7,653.1,616.8,660.6,681.2,951.1,569.2,448.7,452.1,507.6,437.7,633.6,31.5,498.2,680.6,663.8,169.4,624.4,373.3,367.7,571.8,361.7,503.9,962.3,235.2,861.9,643.0,775.3,642.8,428.5,302.1,530.5,286.8,332.6,224.6,1152.3,292.6,306.5,774.3,568.0,305.1,468.9,971.4,887.3,479.6,835.3,885.4,1000.8,567.7,601.7,997.2,870.7,311.8,637.4,568.1,645.2,780.9,488.8,597.4,447.8,404.1,647.0,973.3,608.3,673.9,956.7,667.4,382.7,971.4,87.8,791.7,641.1,641.0,486.8,927.8,986.2,1124.9,657.9,774.0,563.5,597.3,1092.2,836.3,585.6,702.9,1030.1,246.8,453.0,585.4,887.2,525.4,769.3,224.6,423.6,981.7,1067.2,627.6,985.4,964.8,827.8,859.8,702.7,664.8,417.7,481.4,504.4,602.1,585.6,715.2,389.9,246.7,623.9,823.6,94.8,681.4,534.3,36.4,273.5,316.1,622.1,974.7,169.4,626.2,647.0,478.5,1045.3
16,1028.7,649.6,305.2,724.7,288.5,943.4,667.9,122.8,741.6,509.4,682.7,482.0,664.8,631.7,570.9,648.8,0.0,659.0,463.9,511.8,176.3,411.2,746.6,656.9,265.0,369.9,133.7,604.9,670.4,163.0,265.9,692.3,708.0,333.8,774.9,559.4,632.2,466.3,467.9,157.2,870.3,423.5,46.5,393.7,510.2,547.5,498.3,333.8,612.8,970.7,510.4,126.5,715.1,690.7,310.3,298.5,452.2,450.9,189.8,561.5,212.5,501.6,371.8,462.9,198.4,147.1,623.7,127.5,414.6,336.5,751.0,877.4,685.1,676.8,290.7,98.8,519.6,611.6,618.5,243.4,287.3,283.5,391.0,992.6,325.7,935.1,592.0,502.5,234.2,680.3,373.3,63.1,372.1,506.4,589.8,498.1,307.6,157.2,772.0,701.4,402.2,516.2,331.2,243.6,126.5,81.7,609.9,595.0,619.5,703.3,342.7,650.0,755.0,663.7,393.9,840.4,204.9,546.4,736.4,411.3,526.5,725.7,275.2,325.3,695.3,286.4,172.5,691.7,509.9,361.6,326.3,617.5,245.8,420.1,378.3,182.8,438.7,418.2,247.6,382.5,160.8,351.8,709.1,632.8,286.1,411.3,736.6,158.9,414.4,53.8,488.8,367.7,426.1,782.4,128.0,127.3,225.2,562.7,786.7,415.2,63.2,305.2,470.0,402.5,578.8,194.2,526.4,820.5,847.4,650.0,573.7,421.6,761.7,228.2,425.3,374.0,267.7,299.7,305.0,629.1,480.4,415.9,200.5,541.1,63.2,247.0,800.2,663.2,526.0,324.9,554.0,283.7,829.4,670.4,617.2,609.0,174.6,414.6,506.4,523.7,247.6,621.1,485.2
17,939.2,697.2,419.5,402.8,764.7,553.2,715.5,664.7,351.4,152.4,597.2,540.4,514.4,648.2,124.1,696.4,659.0,0.0,376.4,271.1,561.7,887.4,408.1,210.1,462.8,289.4,634.4,235.4,484.1,499.5,445.8,456.4,386.1,502.7,453.0,607.0,185.4,942.5,944.1,501.8,480.1,444.0,668.0,438.7,568.6,745.1,848.5,502.7,47.9,580.5,568.8,766.1,324.9,839.5,786.5,483.1,209.6,337.6,596.5,514.3,730.6,1102.6,497.4,939.1,605.1,532.5,640.7,737.8,890.8,812.7,788.9,487.2,294.9,354.9,891.7,677.8,142.2,351.7,171.7,761.5,376.0,441.2,867.2,602.4,754.0,544.9,193.4,290.7,493.4,727.9,288.5,651.4,287.7,564.8,143.0,415.9,433.4,501.8,408.3,311.2,878.4,469.0,485.8,484.2,766.1,656.7,313.3,455.8,216.3,467.4,467.6,499.6,524.9,403.8,445.7,518.5,611.6,407.2,346.2,887.5,313.8,335.5,751.4,801.5,373.4,373.4,690.6,369.8,330.4,503.0,335.1,170.7,482.0,404.8,297.9,568.2,325.4,383.4,480.2,983.5,579.1,307.2,387.2,109.6,425.5,887.5,774.5,787.6,265.0,651.2,287.3,843.9,893.9,497.5,628.7,705.8,743.3,99.1,464.8,460.2,595.8,419.5,946.2,493.3,266.6,712.3,313.9,430.3,525.5,499.6,415.6,897.8,439.8,487.4,901.5,975.0,743.9,534.1,419.7,31.6,334.1,291.8,548.0,120.7,595.8,765.1,425.2,476.9,163.2,447.5,601.6,441.0,439.2,718.0,478.0,469.8,592.9,890.8,564.8,160.9,480.2,217.9,779.2
18,1145.9,825.5,224.4,260.8,498.3,690.4,843.8,407.8,582.5,346.3,455.2,665.1,642.7,506.2,407.8,824.7,463.9,376.4,0.0,348.8,366.6,621.0,614.8,493.8,267.7,228.4,439.3,141.0,612.4,389.6,491.0,584.7,244.1,558.4,311.0,735.3,469.1,676.1,677.7,306.7,485.8,544.4,459.5,170.7,693.3,603.1,706.5,558.4,368.7,573.5,693.5,499.7,556.0,967.8,520.1,216.7,289.2,393.3,533.4,639.0,592.4,842.9,595.2,672.7,542.0,337.4,498.7,471.4,624.4,546.3,926.9,415.3,526.0,212.9,655.7,482.7,356.5,480.0,455.4,623.3,204.7,246.1,600.8,595.4,705.6,698.7,432.9,392.1,298.3,856.2,344.2,442.9,160.9,689.5,426.7,516.3,489.1,306.7,615.0,542.3,612.0,593.7,219.4,289.1,499.7,461.6,450.8,580.5,460.4,595.7,523.3,627.9,382.9,532.1,534.4,376.5,548.5,531.9,577.3,621.1,62.6,566.6,485.0,535.1,231.4,293.9,552.4,227.8,46.0,586.2,224.2,454.4,286.9,43.8,353.6,373.1,381.1,439.1,285.1,747.5,384.0,156.0,245.2,417.0,481.2,621.1,912.5,521.2,204.0,456.1,343.0,577.5,635.9,355.5,433.6,439.4,605.1,399.6,322.8,192.2,400.7,224.4,679.8,593.7,419.7,574.1,62.5,661.4,383.5,627.9,516.1,631.4,297.8,292.3,635.1,739.0,477.5,267.7,224.6,352.4,422.8,347.5,484.9,378.0,400.7,626.9,643.2,605.2,315.6,181.1,729.9,245.9,670.3,846.3,602.7,594.5,397.8,624.4,689.5,313.3,285.1,462.0,637.2
19,811.2,490.8,319.7,538.1,664.9,449.6,509.1,517.5,247.8,118.7,773.9,331.6,308.0,824.9,180.2,490.0,511.8,271.1,348.8,0.0,414.5,787.6,280.1,226.7,363.0,189.6,487.2,412.1,277.7,352.0,295.8,250.0,562.8,305.8,629.7,400.6,178.0,842.7,844.3,354.6,376.5,211.0,520.8,338.9,359.8,921.8,874.7,305.8,223.2,476.9,360.0,622.0,221.3,633.1,686.7,383.3,83.2,97.2,449.0,305.5,583.1,955.4,264.4,839.3,457.6,385.3,817.4,597.8,791.0,712.9,592.2,383.6,191.3,531.6,744.5,530.6,128.9,145.3,227.8,614.0,276.2,341.4,767.4,498.8,542.2,441.3,98.2,57.7,393.6,521.5,138.5,504.2,187.9,356.0,199.1,182.9,283.4,354.6,280.3,207.6,778.6,260.2,386.0,384.4,622.0,509.5,116.1,247.0,125.7,261.0,251.8,293.2,701.6,197.4,201.1,471.5,464.1,198.4,242.6,787.7,411.4,231.9,651.6,701.7,550.1,273.6,543.1,546.5,394.8,270.0,235.3,163.3,382.2,305.0,147.9,421.0,109.4,164.5,380.4,836.3,431.9,207.4,563.9,242.1,275.5,787.7,577.8,654.7,165.2,504.0,52.0,744.1,802.5,674.2,481.5,597.6,595.8,172.0,641.5,360.4,448.6,319.7,846.4,260.3,85.0,564.8,411.3,326.7,448.9,293.2,182.6,798.0,616.5,387.6,801.7,827.8,644.1,434.3,319.9,239.5,89.5,124.9,400.5,150.4,448.6,617.6,308.5,270.5,157.4,347.7,395.2,341.2,335.6,511.6,269.2,261.0,445.7,791.0,356.0,159.7,380.4,127.3,861.6
20,1072.0,591.7,207.9,627.4,290.3,846.1,610.0,135.6,644.3,412.1,684.5,424.1,606.9,633.5,473.6,590.9,176.3,561.7,366.6,414.5,0.0,413.0,649.3,559.6,167.7,272.6,105.3,507.6,612.5,105.1,208.0,619.0,610.7,275.9,677.6,501.5,534.9,468.1,469.7,59.9,773.0,365.6,138.9,356.7,452.3,549.3,500.1,275.9,515.5,873.4,452.5,240.1,617.8,734.0,312.1,300.3,354.9,353.6,248.9,503.6,304.8,619.9,313.9,464.7,257.5,29.2,625.5,215.9,416.4,338.3,693.1,780.1,587.8,579.5,409.0,195.1,422.3,514.3,521.2,335.7,190.0,186.2,392.8,895.3,418.0,837.8,494.7,405.2,136.9,622.4,276.0,122.3,274.8,448.5,492.5,440.2,249.7,59.9,674.7,604.1,404.0,458.3,333.0,146.3,240.1,174.0,512.6,537.1,522.2,630.0,284.8,592.1,749.5,566.4,336.0,743.1,264.0,488.5,639.1,413.1,429.2,628.4,277.0,327.1,598.0,189.1,264.8,594.4,412.6,303.7,229.0,520.2,148.5,322.8,281.0,6.5,341.4,360.3,150.3,500.8,50.0,254.5,611.8,535.5,228.2,413.1,678.7,294.8,317.1,168.5,391.5,369.5,427.9,722.1,99.6,215.7,317.5,465.4,689.4,378.2,113.1,207.9,471.8,344.6,481.5,286.5,429.1,723.2,750.1,592.1,476.4,423.4,664.4,130.9,427.1,492.3,269.5,301.5,207.7,531.8,383.1,318.6,200.4,443.8,113.1,339.3,702.9,605.3,428.7,326.7,496.1,186.4,732.1,612.5,559.3,551.1,63.8,416.4,448.5,426.4,150.3,523.8,487.0
21,1439.9,972.1,588.3,881.8,188.0,1223.1,990.4,313.0,1021.3,785.1,482.0,804.5,987.3,431.0,846.6,971.3,411.2,887.4,621.0,787.6,413.0,0.0,1029.7,932.6,548.1,653.0,361.3,762.0,992.9,485.5,588.4,999.4,693.1,656.3,689.8,881.9,907.9,130.3,131.9,440.3,1106.8,746.0,364.7,508.7,832.7,346.8,222.9,656.3,841.2,1194.5,832.9,404.9,994.8,1101.9,133.1,413.5,728.0,734.0,601.0,884.0,623.7,502.6,694.3,129.5,609.6,409.6,423.0,376.6,129.6,89.8,1073.5,1036.3,964.8,833.9,479.0,510.0,795.3,894.7,894.2,654.6,570.4,566.6,20.2,1216.4,736.9,1214.8,871.7,785.6,517.3,1002.8,656.4,348.1,599.7,828.9,865.5,820.6,630.1,440.3,1053.8,981.1,216.4,838.7,446.2,526.7,404.9,492.9,889.6,917.5,899.2,1010.4,665.2,972.5,554.3,946.8,716.4,997.5,616.1,868.9,1016.1,75.3,683.6,1005.4,225.0,101.0,705.8,569.5,583.7,709.4,667.0,684.1,609.4,893.2,528.9,577.2,661.4,419.5,721.8,740.7,530.7,561.3,388.4,594.8,866.2,869.5,608.6,75.3,1059.1,426.4,642.8,465.0,771.9,176.5,226.9,581.7,355.6,344.6,636.4,838.4,614.4,530.2,474.4,588.3,339.5,725.0,858.5,605.4,683.5,1100.2,1004.5,972.5,856.8,216.2,623.9,511.3,206.1,562.3,217.5,414.7,588.1,857.5,763.5,699.0,580.8,816.8,474.4,658.2,1082.0,985.7,754.4,439.9,876.5,566.8,1109.1,992.9,939.7,931.5,402.2,129.6,828.9,752.1,530.7,900.8,284.5
22,601.7,337.1,585.4,567.6,907.0,283.2,355.4,752.3,172.8,345.5,936.3,307.1,154.3,987.3,317.2,336.3,746.6,408.1,614.8,280.1,649.3,1029.7,0.0,343.2,628.7,455.3,722.0,574.5,124.0,586.8,495.8,96.3,725.2,472.7,792.1,246.9,294.5,1084.8,1086.4,589.4,406.0,369.2,755.6,604.9,286.1,1084.2,1116.8,472.7,360.2,400.1,276.9,856.8,250.8,479.4,928.8,649.3,349.2,295.7,665.8,205.4,705.9,1190.2,389.9,1081.4,674.4,620.1,979.8,832.6,1033.1,955.0,438.5,413.1,220.8,636.5,979.3,765.4,335.3,135.0,364.8,754.4,541.9,607.1,1009.5,392.0,586.3,274.9,219.3,279.2,635.8,367.8,373.3,739.0,453.9,282.3,336.1,282.7,456.9,589.4,70.8,213.0,1020.7,250.7,652.0,645.2,856.8,744.3,206.8,203.4,242.2,107.3,421.8,139.5,864.0,82.9,371.1,501.0,680.9,206.4,178.0,1029.8,652.9,188.7,893.7,943.8,712.5,539.3,739.3,708.9,660.8,424.7,501.0,279.8,647.4,571.0,382.7,655.8,307.9,334.6,646.1,1071.1,666.7,473.1,665.8,379.1,477.3,1029.8,424.1,889.5,431.2,738.8,285.1,986.2,1044.6,836.6,716.3,832.4,701.1,309.0,803.9,626.4,683.4,585.4,1088.5,359.7,219.5,723.0,653.0,234.5,478.4,139.5,283.7,1040.1,778.9,629.8,1043.8,1062.6,886.2,700.3,585.6,376.5,288.0,341.5,617.3,313.8,683.4,834.4,99.0,116.8,398.8,613.7,241.5,606.9,243.4,357.9,174.8,217.4,680.5,1033.1,282.3,401.1,646.1,190.2,1103.7
23,874.3,632.3,464.7,543.9,809.9,488.3,650.6,662.6,286.5,147.5,738.3,475.5,449.5,789.3,86.0,631.5,656.9,210.1,493.8,226.7,559.6,932.6,343.2,0.0,508.0,334.6,632.3,376.5,419.2,497.1,440.9,391.5,527.2,485.5,594.1,542.1,48.7,987.7,989.3,499.7,415.2,379.1,665.9,483.9,503.7,886.2,989.6,485.5,162.2,515.6,503.9,767.1,260.0,774.6,831.7,528.3,204.7,276.9,594.1,449.4,728.2,1100.5,432.5,984.3,602.7,530.4,781.8,742.9,936.0,857.9,724.0,422.3,230.0,496.0,889.6,675.7,137.3,286.8,38.4,759.1,421.2,486.4,912.4,537.5,689.1,480.0,128.5,225.8,538.6,663.0,283.6,649.3,332.9,499.9,67.1,351.0,428.5,499.7,343.4,246.3,923.6,404.1,531.0,529.4,767.1,654.6,248.4,390.9,151.4,402.5,431.5,434.7,666.0,338.9,380.8,510.2,609.2,342.3,281.3,932.7,454.9,270.6,796.6,846.7,514.5,418.6,688.2,510.9,471.5,438.1,380.3,63.4,527.2,450.0,293.0,566.1,289.1,344.2,525.4,981.4,577.0,352.4,528.3,181.1,420.6,932.7,709.6,799.8,310.2,649.1,231.7,889.1,947.5,638.6,626.6,742.7,740.9,111.0,605.9,505.4,593.7,464.7,991.4,428.4,201.7,709.9,455.0,365.4,487.6,434.7,350.7,943.0,580.9,532.6,946.7,972.9,789.1,579.3,464.9,178.5,269.2,286.9,545.6,115.8,593.7,762.7,360.3,412.0,204.2,492.7,536.7,486.2,374.3,653.1,413.1,404.9,590.8,936.0,499.9,206.5,525.4,153.0,920.3
24,1145.5,665.2,43.3,528.5,425.4,798.2,683.5,270.7,596.4,360.5,722.9,497.6,632.6,768.6,422.0,664.4,265.0,462.8,267.7,363.0,167.7,548.1,628.7,508.0,0.0,175.8,240.4,408.7,626.3,190.7,293.6,598.6,511.8,361.5,578.7,575.0,483.3,603.2,604.8,107.8,725.1,438.1,274.0,257.8,525.8,684.4,635.2,361.5,416.6,825.5,526.0,375.2,569.9,807.5,447.2,302.2,303.4,370.9,334.5,577.1,393.5,708.6,399.5,599.8,343.1,138.5,760.6,351.0,551.5,473.4,766.6,683.0,539.9,480.6,497.7,283.8,370.7,493.9,469.6,424.4,110.6,21.6,527.9,847.4,506.7,789.9,446.8,392.7,30.8,695.9,293.3,257.4,175.9,522.0,440.9,463.3,322.2,107.8,628.9,556.2,539.1,531.8,304.9,21.4,375.2,262.7,464.7,558.1,474.3,609.6,357.3,617.8,650.6,546.0,408.5,644.2,349.6,509.5,591.2,548.2,330.3,580.5,412.1,462.2,499.1,126.7,353.5,495.5,313.7,389.3,130.1,468.6,19.2,223.9,298.3,174.2,358.7,383.4,17.4,589.5,185.1,155.6,512.9,444.9,300.7,548.2,752.2,407.9,218.2,257.2,343.6,504.6,563.0,623.2,234.7,350.8,406.2,413.8,590.5,279.3,201.8,43.3,606.9,417.6,433.6,375.2,330.2,675.3,651.2,617.8,493.7,558.5,565.5,36.8,562.2,581.0,404.6,353.2,43.1,432.9,400.4,335.9,286.0,392.2,201.8,428.0,657.1,619.1,329.8,266.6,569.6,21.8,684.2,686.0,580.3,572.1,198.9,551.5,522.0,327.5,17.4,475.9,622.1
25,986.4,635.7,132.5,489.2,530.3,624.8,654.0,375.6,423.0,187.1,683.6,468.1,482.2,734.6,248.6,634.9,369.9,289.4,228.4,189.6,272.6,653.0,455.3,334.6,175.8,0.0,345.3,369.4,452.9,210.1,264.3,425.2,472.5,332.2,539.4,545.5,309.9,708.1,709.7,212.7,551.7,371.6,378.9,218.5,496.3,789.3,740.1,332.2,243.2,652.1,496.5,480.1,396.5,778.0,552.1,262.9,130.0,220.5,307.1,466.2,441.2,813.5,370.0,704.7,315.7,243.4,727.1,455.9,656.4,578.3,737.1,558.8,366.5,441.3,602.6,388.7,197.3,320.5,296.2,472.1,86.6,154.2,632.8,674.0,554.4,616.5,273.4,219.3,204.8,666.4,171.4,362.3,67.5,492.5,267.5,343.5,292.7,212.7,455.5,382.8,644.0,420.9,265.6,197.2,480.1,367.6,291.3,407.7,300.9,436.2,327.8,467.4,611.3,372.6,361.6,604.9,322.2,359.1,417.8,653.1,291.0,407.1,517.0,567.1,459.8,84.0,401.2,456.2,274.4,360.0,45.7,295.2,195.0,184.6,180.8,279.1,208.3,266.3,193.2,694.4,290.0,73.4,473.6,271.5,271.2,653.1,722.7,512.8,44.8,362.1,170.2,609.5,667.9,583.9,339.6,455.7,453.9,240.4,551.2,240.0,306.7,132.5,711.8,388.1,260.2,422.9,290.9,501.9,611.9,467.4,343.3,663.4,526.2,198.8,667.1,685.9,509.5,313.9,132.7,259.5,250.0,174.7,258.6,218.8,306.7,475.7,483.7,445.7,156.4,227.3,540.1,154.0,510.8,656.5,429.9,421.7,303.8,656.4,492.5,154.1,193.2,302.5,727.0
26,1144.7,664.4,280.6,700.1,238.6,918.8,682.7,83.9,717.0,484.8,632.8,496.8,679.6,581.8,546.3,663.6,133.7,634.4,439.3,487.2,105.3,361.3,722.0,632.3,240.4,345.3,0.0,580.3,685.2,177.8,280.7,691.7,683.4,348.6,750.3,574.2,607.6,416.4,418.0,132.6,845.7,438.3,87.2,343.8,525.0,497.6,448.4,348.6,588.2,946.1,525.2,188.4,690.5,806.7,260.4,248.6,427.6,426.3,321.6,576.3,346.2,583.2,386.6,413.0,330.2,101.9,573.8,164.2,364.7,286.6,765.8,852.8,660.5,652.2,377.6,232.5,495.0,587.0,593.9,377.1,262.7,258.9,341.1,968.0,459.4,910.5,567.4,477.9,209.6,695.1,348.7,70.6,347.5,521.2,565.2,512.9,322.4,132.6,747.4,676.8,352.3,531.0,281.3,219.0,188.4,215.4,585.3,609.8,594.9,702.7,357.5,664.8,705.1,639.1,408.7,815.8,336.7,561.2,711.8,361.4,501.9,701.1,225.3,275.4,670.7,261.8,306.2,667.1,485.3,376.4,301.7,592.9,221.2,395.5,353.7,111.8,414.1,433.0,223.0,469.4,80.7,327.2,684.5,608.2,300.9,361.4,751.4,243.1,389.8,187.5,464.2,317.8,376.2,732.5,5.7,164.0,358.9,538.1,762.1,365.3,185.8,280.6,420.1,417.3,554.2,327.9,501.8,795.9,822.8,664.8,549.1,371.7,737.1,203.6,375.4,460.9,217.8,249.8,280.4,604.5,455.8,391.3,273.1,516.5,185.8,380.7,775.6,678.0,501.4,275.0,568.8,259.1,804.8,685.2,632.0,623.8,94.5,364.7,521.2,499.1,223.0,596.5,435.3
27,1105.6,863.6,365.4,167.4,639.3,597.0,881.9,548.8,517.8,311.4,361.8,706.8,680.8,412.8,290.5,862.8,604.9,235.4,141.0,412.1,507.6,762.0,574.5,376.5,408.7,369.4,580.3,0.0,650.5,530.6,585.7,622.8,150.7,642.6,217.6,773.4,351.8,817.1,818.7,447.7,392.4,599.6,600.5,311.7,735.0,509.7,613.1,642.6,227.7,480.1,735.2,640.7,484.2,1005.9,661.1,357.7,349.5,477.5,674.4,680.7,733.4,891.6,653.0,747.0,683.0,478.4,405.3,612.4,747.1,687.3,955.3,321.9,461.3,119.5,796.7,623.7,308.6,518.1,338.1,764.3,345.7,387.1,741.8,502.0,846.6,605.3,359.8,446.3,439.3,894.3,428.4,583.9,301.9,731.2,309.4,571.5,573.3,447.7,574.7,477.6,682.1,635.4,360.4,430.1,640.7,602.6,479.7,622.2,382.7,633.8,607.5,666.0,289.5,570.2,601.3,283.1,689.5,573.6,512.6,753.0,78.4,501.9,626.0,676.1,138.0,434.9,693.4,134.4,95.0,658.6,365.2,337.1,427.9,184.8,437.8,514.1,465.3,523.3,426.1,888.5,525.0,297.0,151.8,276.0,565.4,753.0,940.9,662.2,345.0,597.1,427.2,718.5,658.5,262.1,574.6,580.4,746.1,265.5,229.4,333.2,541.7,365.4,728.5,648.9,433.0,715.1,78.5,596.7,290.1,666.0,571.2,669.2,204.4,433.3,679.3,880.0,618.5,408.7,365.6,211.4,489.7,431.7,625.9,287.1,541.7,767.9,591.6,643.3,254.7,322.1,768.0,386.9,605.6,884.4,644.4,636.2,538.8,747.1,731.2,252.4,426.1,384.3,543.8
28,680.3,254.7,583.0,646.2,870.2,361.8,273.0,715.5,251.4,372.9,1012.3,224.7,71.9,1063.3,393.2,253.9,670.4,484.1,612.4,277.7,612.5,992.9,124.0,419.2,626.3,452.9,685.2,650.5,0.0,507.4,413.4,63.5,801.2,390.3,868.1,164.5,370.5,1048.0,1049.6,556.3,484.6,286.8,716.9,602.5,203.7,1129.2,1080.0,390.3,436.2,478.7,194.5,796.9,329.4,397.0,892.0,646.9,346.8,262.6,583.4,123.0,623.5,1114.0,307.5,1044.6,592.0,583.3,1055.8,795.8,996.3,918.2,356.1,491.7,299.4,715.1,903.1,689.2,383.1,132.4,440.8,672.0,539.5,604.7,972.7,470.6,503.9,353.5,295.3,264.7,602.7,285.4,340.2,702.2,451.5,199.9,412.1,200.3,374.5,556.3,149.4,291.6,983.9,168.3,649.6,612.1,796.9,668.1,216.2,121.0,318.2,74.5,339.4,57.1,940.0,80.3,288.7,579.6,598.5,124.0,256.6,993.0,675.0,267.3,856.9,907.0,788.5,524.8,656.9,784.9,658.4,342.3,498.6,355.8,614.3,568.6,342.7,619.0,274.8,252.2,616.1,994.9,629.9,470.7,744.4,455.1,394.9,993.0,341.7,813.3,428.8,662.6,282.7,949.4,1007.8,912.6,679.5,795.6,618.7,385.0,879.9,624.0,607.2,583.0,1051.7,277.3,240.7,640.6,674.9,313.1,557.0,57.1,250.6,1003.3,854.9,596.7,1007.0,986.4,849.4,697.9,583.2,452.5,254.9,308.4,534.9,389.8,607.2,752.0,177.6,7.2,411.6,611.3,159.1,604.5,322.0,275.5,92.4,135.0,643.7,996.3,199.9,413.9,616.1,266.2,1066.9
29,966.9,486.6,230.9,650.4,362.8,783.6,504.9,208.1,581.8,349.6,757.0,319.0,501.8,706.0,411.1,485.8,163.0,499.5,389.6,352.0,105.1,485.5,586.8,497.1,190.7,210.1,177.8,530.6,507.4,0.0,102.9,529.3,633.7,170.8,700.6,396.4,472.4,540.6,542.2,86.0,710.5,260.5,209.5,379.7,347.2,621.8,572.6,170.8,453.3,810.9,347.4,289.5,555.3,628.9,384.6,372.8,292.4,291.1,143.8,398.5,277.9,606.6,208.8,537.2,152.4,75.9,698.0,288.4,488.9,410.8,588.0,717.6,525.3,602.5,395.7,181.8,359.8,451.8,458.7,308.8,189.2,209.2,465.3,832.8,391.1,775.3,432.2,342.7,159.9,517.3,213.5,194.8,277.6,343.4,430.0,335.1,144.6,86.0,612.2,541.6,476.5,353.2,405.5,169.3,289.5,160.7,450.1,432.0,459.7,540.3,179.7,487.0,772.5,503.9,230.9,766.1,158.9,383.4,576.6,485.6,452.2,565.9,349.5,399.6,621.0,142.9,237.9,617.4,435.6,198.6,212.6,457.7,171.5,345.8,218.5,111.6,278.9,255.2,173.3,487.5,122.5,258.0,634.8,473.0,123.1,485.6,573.6,305.9,254.9,155.2,329.0,442.0,500.4,745.1,172.1,288.2,290.6,402.9,712.4,401.2,99.8,230.9,544.3,239.5,419.0,259.6,452.1,660.7,773.1,487.0,413.9,495.9,687.4,153.9,499.6,479.0,342.0,374.0,230.7,469.6,320.6,256.1,95.3,381.3,99.8,312.4,640.4,500.2,366.5,388.5,391.0,209.4,669.6,507.4,454.2,446.0,136.3,488.9,343.4,364.2,173.3,461.3,559.5
30,864.0,383.7,332.3,751.8,465.7,727.4,402.0,311.0,525.6,293.4,859.9,216.1,398.9,808.9,354.9,382.9,265.9,445.8,491.0,295.8,208.0,588.4,495.8,440.9,293.6,264.3,280.7,585.7,413.4,102.9,0.0,435.3,735.1,67.9,802.0,293.5,416.2,643.5,645.1,188.9,654.3,163.1,312.4,481.1,244.3,724.7,675.5,67.9,397.9,754.7,244.5,392.4,499.1,526.0,487.5,475.7,236.2,230.1,170.0,295.6,304.1,709.5,105.9,640.1,178.6,178.8,800.9,391.3,591.8,513.7,485.1,661.4,469.1,703.9,498.6,284.7,303.6,381.9,402.5,335.0,290.0,310.6,568.2,776.6,383.7,719.1,376.0,281.7,262.8,414.4,157.3,297.7,331.8,240.5,373.8,242.9,41.8,188.9,521.2,485.4,579.4,250.3,508.4,272.2,392.4,259.9,390.1,339.8,403.5,446.3,76.9,384.1,873.9,434.0,128.1,749.3,185.1,291.2,520.4,588.5,553.6,509.7,452.4,502.5,722.4,197.1,264.1,718.8,537.0,95.7,266.8,401.5,274.4,447.2,147.9,214.5,217.9,163.0,276.2,590.4,225.4,337.7,736.2,416.8,20.3,588.5,470.7,408.8,309.1,258.1,272.8,544.9,603.3,846.5,275.0,391.1,316.8,346.7,813.8,502.6,202.7,332.3,647.2,136.6,362.8,285.8,553.5,604.5,726.7,384.1,352.8,598.8,788.8,256.8,602.5,581.9,444.9,476.9,332.1,414.2,238.0,199.9,121.5,325.1,202.7,338.6,549.4,406.2,331.0,489.9,288.1,310.8,613.4,404.5,362.0,353.8,239.2,591.8,240.5,333.3,276.2,405.1,662.4
31,652.6,276.6,555.3,618.5,876.7,334.1,294.9,722.0,223.7,345.2,984.6,246.6,93.8,1035.6,365.5,275.8,692.3,456.4,584.7,250.0,619.0,999.4,96.3,391.5,598.6,425.2,691.7,622.8,63.5,529.3,435.3,0.0,773.5,412.2,840.4,186.4,342.8,1054.5,1056.1,559.1,456.9,308.7,725.3,574.8,225.6,1132.5,1086.5,412.2,408.5,451.0,216.4,818.8,301.7,418.9,898.5,619.2,319.1,265.4,605.3,144.9,645.4,1135.9,329.4,1051.1,613.9,589.8,1028.1,802.3,1002.8,924.7,378.0,464.0,271.7,687.4,925.0,711.1,355.4,104.7,413.1,693.9,511.8,577.0,979.2,442.9,525.8,325.8,267.6,249.1,605.5,307.3,343.0,708.7,423.8,221.8,384.4,222.2,396.4,559.1,121.7,263.9,990.4,190.2,621.9,614.9,818.8,690.0,188.5,142.9,290.5,11.0,361.3,79.0,912.3,52.6,310.6,551.9,620.4,145.9,228.9,999.5,647.3,239.6,863.4,913.5,760.8,509.2,678.8,757.2,630.7,364.2,470.9,328.1,617.1,540.9,352.4,625.5,277.6,274.1,616.0,1016.8,636.4,443.0,716.7,427.4,416.8,999.5,363.6,835.2,401.1,684.5,255.0,955.9,1014.3,884.9,686.0,802.1,640.6,357.3,852.2,596.3,629.1,555.3,1058.2,299.2,213.0,662.5,647.2,285.4,529.3,79.0,253.4,1009.8,827.2,599.5,1013.5,1008.3,855.9,670.2,555.5,424.8,257.7,311.2,556.8,362.1,629.1,773.9,149.9,56.3,383.9,583.6,181.0,576.8,294.3,297.4,114.3,156.9,650.2,1002.8,221.8,386.2,616.0,238.5,1073.4
