,0,1,2,3,4,5,6,7,8,9,10,11,12,13,14,15,16,17,18,19,20,21,22,23,24,25,26,27,28,29,30,31,32,33,34,35,36,37,38,39,40,41,42,43,44,45,46,47,48,49,50,51,52,53,54,55,56,57,58,59,60,61,62,63,64,65,66,67,68,69,70,71,72,73,74,75,76,77,78,79,80,81,82,83,84,85,86,87,88,89,90,91,92,93,94,95,96,97,98,99,100,101,102,103,104,105,106,107,108,109,110,111,112,113,114,115,116,117,118,119,120,121,122,123,124,125,126,127,128,129,130,131,132,133,134,135,136,137,138,139,140,141,142,143,144,145,146,147,148,149,150,151,152,153,154,155,156,157,158,159,160,161,162,163,164,165,166,167,168,169,170,171,172,173,174,175,176,177,178,179,180,181,182,183,184,185,186,187,188,189,190,191,192,193,194,195,196,197,198,199,200,201,202
0,0.0,1373.6,928.8,1380.0,1378.6,2148.6,586.1,967.1,1357.4,1008.3,1300.9,1143.3,1448.2,1091.2,1633.8,744.0,914.6,1367.1,1227.3,1907.3,1145.3,1153.6,1543.5,1674.3,2018.2,1262.5,2002.3,2102.0,1886.9,1568.1,1790.3,2013.1,2085.4,1204.0,1880.4,1965.1,1095.6,1553.1,1119.3,1411.2,2053.8,1167.9,1588.3,763.1,1170.1,1674.3,1595.5,1140.7,1062.3,912.8,1339.9,2031.5,923.0,1509.8,1032.7,1338.6,1719.5,1170.1,930.3,1573.5,2102.0,901.8,2016.5,1433.3,2039.5,1280.9,1808.5,1253.5,607.4,944.5,1457.3,1592.3,1241.0,1588.4,1876.3,958.2,1569.9,1175.4,1790.3,841.5,670.1,1959.9,1610.4,1535.7,1584.1,1146.0,1896.6,1181.0,635.4,1573.5,1549.1,858.8,1453.8,1337.1,2074.4,1992.4,1381.9,1381.9,788.3,1218.4,852.8,1325.2,697.6,1437.4,1229.2,1448.3,697.6,1689.1,1679.7,1057.4,1054.0,986.9,848.1,1237.3,1170.3,1142.3,1288.5,1476.5,1142.3,1550.5,592.0,1073.6,947.5,2010.7,880.8,801.0,900.2,1072.1,1368.5,1831.5,1091.6,1900.4,1584.1,1881.4,1556.5,1501.8,1542.3,1596.5,1201.0,2028.3,928.7,733.8,982.7,1640.0,2116.5,923.6,908.4,1285.6,1291.3,1588.3,919.0,1530.5,1235.7,911.8,1864.7,1071.6,1255.0,1155.9,1987.4,1284.0,1918.5,841.5,1521.9,1289.3,848.1,822.6,1964.8,1885.6,1406.1,1475.3,967.1,1123.0,1288.2,1274.5,1252.8,1463.6,2053.8,1475.3,936.3,1013.6,1338.6,1308.3,1713.5,997.9,1988.5,1635.2,802.7,1060.1,1363.4,1800.9,1449.0,1186.6,1383.9,746.3,1692.8,1648.5,1069.2,1160.1,1415.1,1532.7,1097.2,999.1,2085.4
1,1373.6,0.0,690.5,764.7,727.5,1007.2,999.3,597.5,706.3,593.7,359.4,499.0,540.4,511.4,280.0,841.4,541.0,223.2,627.7,765.9,228.2,509.3,417.2,320.6,876.8,216.7,860.9,960.6,748.3,214.3,789.0,874.5,944.0,383.1,741.8,823.7,572.2,414.5,331.8,222.3,912.4,697.3,231.4,892.0,453.5,535.7,241.7,343.2,585.0,677.1,373.8,890.0,896.5,483.2,625.8,492.9,811.7,453.5,692.0,456.4,960.6,762.5,875.1,533.0,898.1,160.2,667.1,378.7,1056.9,706.2,239.6,218.7,444.6,231.3,753.8,606.5,604.5,498.9,789.0,647.0,994.1,818.5,702.7,264.4,351.9,441.6,758.1,755.0,950.1,456.4,270.6,596.8,203.2,296.5,1019.6,851.0,766.7,227.7,667.3,343.6,966.7,801.7,966.7,527.8,251.8,297.0,966.7,335.3,446.1,534.0,374.6,598.6,664.2,370.5,454.4,438.0,765.1,516.4,438.0,642.8,993.5,775.9,640.8,869.2,574.8,863.3,555.4,356.4,753.2,690.1,447.3,761.8,230.4,740.0,202.8,384.6,425.2,339.5,654.2,1120.6,656.7,862.6,836.8,296.0,975.0,661.9,677.1,119.4,451.5,231.5,612.4,176.8,449.9,497.5,723.3,427.3,731.5,535.5,846.0,534.8,779.9,647.0,250.6,765.9,664.2,951.5,1057.0,744.2,128.3,218.3,597.5,524.0,530.6,384.3,277.6,529.3,912.4,218.3,653.6,805.9,492.9,784.9,424.2,666.3,847.1,300.8,911.7,368.4,355.0,659.5,75.5,663.2,552.1,709.3,339.1,294.7,458.0,862.4,281.7,456.0,722.3,429.5,944.0
2,928.8,690.5,0.0,649.4,1270.6,1677.9,792.8,443.7,1249.5,645.4,581.0,423.4,1160.2,652.1,950.7,634.9,149.5,647.2,1170.8,1436.6,462.2,433.7,823.6,991.2,1547.5,579.4,1531.5,1623.9,1199.4,885.0,1459.7,1325.6,1568.2,484.1,1192.9,1494.4,345.7,865.6,399.3,817.0,1583.0,1106.1,921.9,365.2,745.4,986.8,912.4,420.8,538.9,647.6,901.7,1560.7,525.1,1102.9,509.3,1016.5,1431.5,745.4,51.5,1076.1,1631.3,740.9,1545.7,864.8,1568.8,561.0,1337.8,533.6,901.8,15.7,881.9,909.1,521.1,921.8,1424.4,434.8,1224.3,540.8,1459.7,203.2,964.6,1489.1,1322.4,954.9,888.9,426.1,1209.1,677.9,743.6,1076.1,961.1,93.7,797.9,820.1,1690.3,1521.6,694.0,662.0,140.4,498.5,454.9,575.2,945.0,868.8,546.1,916.8,945.0,1006.0,1116.8,307.4,334.0,569.1,186.0,728.6,765.3,422.4,538.5,1136.2,422.4,1262.5,787.0,1011.7,424.1,1539.9,115.7,841.6,135.1,352.2,660.9,1360.7,371.7,1212.9,901.0,1410.7,873.4,1004.4,1044.9,901.3,1139.1,1740.3,531.8,335.8,584.7,944.8,1645.7,526.7,511.5,602.5,882.0,921.9,395.6,847.4,515.8,388.4,1393.9,351.6,505.0,788.4,1516.7,1058.4,1231.0,203.2,941.1,539.3,186.0,424.6,1676.8,1414.8,723.0,819.4,443.7,648.3,1054.2,554.6,578.6,1149.1,1583.0,819.4,624.1,579.4,1016.5,558.3,1094.9,644.7,1517.7,940.0,890.1,340.2,925.1,1330.1,765.9,436.7,815.4,182.5,1009.7,965.3,407.9,1098.2,839.8,907.0,495.7,279.1,1568.2
3,1380.0,764.7,649.4,0.0,1400.3,1234.3,1147.5,753.5,1379.2,830.9,653.3,608.9,1199.1,837.6,833.6,989.6,499.9,772.4,1300.5,1319.4,647.7,619.2,392.2,874.1,1388.8,764.8,1272.3,1140.1,715.6,550.4,1342.5,841.8,1084.4,669.6,709.1,1377.2,303.7,381.8,584.8,983.4,1424.3,1291.5,904.3,616.8,930.9,503.0,523.0,606.2,741.0,833.1,1073.9,1443.6,456.9,1137.5,781.8,1202.0,1380.3,930.9,651.0,1129.3,1252.2,926.4,1428.6,262.0,1351.4,746.5,1220.6,719.1,1220.7,665.1,940.5,891.5,706.6,904.2,1307.3,762.4,1206.4,726.3,1342.5,672.8,1158.0,1372.0,1256.5,937.3,412.8,611.5,725.4,199.0,1098.3,1129.3,943.5,555.7,940.8,1005.5,1437.2,1365.6,59.4,807.6,626.2,684.0,527.2,134.0,1130.5,266.1,731.6,969.9,1130.5,888.9,999.7,342.0,519.5,754.5,671.7,914.1,950.7,607.9,165.3,1170.7,607.9,1315.6,1141.6,1197.2,778.7,1286.8,533.7,1027.1,514.3,537.7,11.5,1243.6,557.2,729.1,783.9,1293.5,686.6,1057.5,1098.0,425.2,1327.0,1567.3,812.7,646.2,397.3,468.7,1265.7,817.8,833.1,788.0,1067.5,904.3,750.3,587.9,701.3,632.9,1276.8,537.1,159.8,973.8,1366.8,1243.9,747.2,672.8,923.4,166.1,671.7,557.4,1546.8,1297.7,889.4,919.2,753.5,833.8,1239.7,702.6,764.1,1183.6,1424.3,919.2,809.6,366.4,1202.0,198.0,977.8,830.2,1400.6,463.9,1075.5,525.7,1055.1,1213.0,748.3,212.7,212.6,668.2,892.6,848.2,593.3,1283.7,981.8,361.4,319.3,464.6,1084.5
4,1378.6,727.5,1270.6,1400.3,0.0,1076.8,880.2,964.1,21.2,659.9,1010.6,1079.2,376.3,648.1,754.6,923.4,1121.1,874.4,242.6,835.5,808.4,1089.5,1052.8,763.0,946.4,695.8,930.5,1030.1,1384.0,850.0,631.1,1277.5,1013.6,968.1,1377.4,893.3,1152.3,1050.2,916.7,524.7,982.0,210.7,591.7,1472.1,560.8,1171.4,877.4,928.2,951.6,754.6,433.6,959.6,1476.6,437.9,992.4,266.8,560.2,560.8,1272.2,512.1,1030.2,575.8,944.6,1168.6,967.7,811.4,736.7,1017.7,771.2,1286.3,494.2,604.5,1029.7,591.8,717.1,973.0,474.0,819.9,631.1,1202.6,708.5,888.0,462.6,539.1,987.5,1026.7,1372.6,1390.7,929.5,512.1,552.5,1177.0,567.2,450.5,915.2,920.6,1402.3,879.0,1247.4,982.5,1546.8,1381.9,681.0,1163.5,724.5,430.5,681.0,740.6,607.8,1114.1,954.7,822.7,1219.8,565.5,534.3,1023.0,1345.2,404.7,1023.0,404.0,886.1,355.2,1049.6,938.8,1154.9,577.6,1135.5,936.6,1388.8,759.7,1027.5,1390.2,791.5,809.6,838.4,483.9,495.9,975.1,269.1,869.1,880.9,1442.8,1417.0,931.7,1044.6,886.0,901.2,761.3,528.2,591.7,1090.3,812.4,1035.0,1042.2,792.8,1007.4,1311.7,555.3,915.6,212.2,1372.2,1202.6,525.3,1346.0,1219.8,1531.6,805.5,813.8,618.7,588.8,964.1,695.5,216.4,1035.5,717.5,391.8,982.0,588.8,731.1,1386.1,266.8,1365.0,641.7,672.0,916.7,936.4,626.0,948.5,431.2,729.1,689.8,1243.3,1187.7,1289.4,713.6,811.1,944.6,441.7,507.5,1091.6,1302.4,1009.6,1013.5
5,2148.6,1007.2,1677.9,1234.3,1076.8,0.0,1594.0,1462.0,1055.7,1172.7,1155.6,1486.5,700.5,1160.7,740.0,1436.1,1528.4,1210.1,977.0,241.3,1220.5,1496.7,894.4,748.3,263.7,1108.0,196.9,94.1,540.0,1010.4,709.0,413.8,149.9,1337.2,648.1,336.3,1491.4,852.5,1318.7,936.8,299.3,1046.7,927.3,1642.4,1073.4,752.6,1025.3,1297.3,1449.5,1267.3,840.2,322.7,1482.5,638.9,1490.3,977.6,746.7,1073.4,1679.4,654.0,127.1,1296.8,307.7,1002.6,226.4,1147.1,483.8,1280.7,1541.3,1693.6,829.7,940.0,1398.8,927.3,673.7,1471.0,707.8,1317.8,709.0,1634.4,1478.5,331.0,757.9,874.6,915.1,1395.8,508.9,1224.6,1544.8,654.0,888.0,1584.2,956.7,921.0,463.4,240.6,1236.2,1214.6,1654.7,1245.6,1552.7,1321.6,1451.1,997.4,1136.6,766.0,1451.1,726.0,593.2,1521.4,1362.0,1335.5,1651.6,1063.4,1046.9,1392.1,1353.0,672.1,1392.1,829.2,1588.2,1125.3,1549.7,313.0,1562.2,1347.7,1542.8,1343.8,1222.7,403.8,1434.8,526.5,776.8,351.6,915.1,754.9,637.8,927.5,1003.5,593.6,1393.7,1671.8,1422.9,971.0,140.6,1398.8,1414.0,1125.2,999.5,927.2,1569.2,972.8,1404.1,1454.3,284.0,1414.7,1347.5,1068.0,241.7,923.1,508.4,1634.4,860.8,1353.7,1651.6,1583.0,573.1,368.2,1030.8,935.2,1462.0,1200.4,927.3,1204.9,1135.8,685.0,299.3,935.2,1243.8,1392.0,977.6,1385.6,627.1,1200.6,359.7,966.2,1396.1,1355.8,821.4,476.2,990.9,1400.4,1021.6,1696.7,699.0,796.5,1356.7,1211.8,843.0,925.5,1406.8,1416.9,149.8
6,586.1,999.3,792.8,1144.9,880.2,1594.0,0.0,412.9,859.1,422.1,1042.8,885.2,949.8,505.0,1271.8,157.9,778.7,1029.5,728.9,1352.7,772.3,895.5,1285.4,1280.2,1463.6,794.4,1447.7,1547.3,1661.2,1204.1,1291.9,1787.4,1530.8,945.9,1654.7,1410.5,841.2,1327.4,773.3,825.1,1499.2,669.6,1002.2,754.1,583.9,1448.6,1231.5,882.6,508.1,326.7,753.8,1476.8,914.0,1014.2,478.5,827.2,1221.1,583.9,794.4,987.4,1547.4,403.4,1461.9,1360.3,1484.9,930.9,1253.9,995.4,109.0,808.5,871.1,1014.9,982.9,1002.3,1340.6,404.0,1071.6,610.1,1291.9,589.6,171.8,1405.3,1112.0,949.6,1341.6,887.9,1671.0,1172.0,49.2,987.4,963.0,722.8,867.6,751.0,1576.0,1437.8,1189.5,1034.1,666.6,960.3,843.8,1070.7,199.2,1364.4,747.5,862.2,199.2,1257.8,1125.0,803.0,795.9,400.8,606.8,651.1,584.2,884.2,1034.1,978.1,884.2,1052.1,5.9,575.2,436.7,1456.0,744.9,302.6,764.3,779.5,1156.4,1276.9,833.5,1674.7,1220.1,1326.8,1192.5,915.6,956.2,1329.2,702.6,1529.9,342.6,724.8,973.7,1285.8,1561.8,337.5,322.3,911.4,705.1,1002.1,477.3,1166.5,977.6,512.1,1310.0,813.5,1000.5,569.8,1432.8,785.7,1692.8,589.6,935.7,1034.8,606.8,813.6,1466.4,1331.0,919.1,889.2,412.9,536.9,789.9,1016.4,741.7,965.2,1499.2,889.2,350.2,1004.6,827.2,1053.9,1158.9,421.5,1433.9,1290.5,304.3,791.5,777.2,1246.3,1074.8,932.2,1310.9,708.6,1230.8,1284.4,621.8,661.7,829.0,1368.9,991.2,741.0,1530.8
7,967.1,597.5,443.7,753.5,964.1,1462.0,412.9,0.0,942.9,305.9,651.4,493.8,884.8,318.5,876.2,255.0,418.5,636.3,825.9,1220.7,370.5,504.1,894.0,916.7,1331.6,392.5,1315.7,1415.4,1269.8,810.4,1226.9,1396.0,1398.8,554.5,1263.2,1278.5,449.7,936.0,381.4,603.9,1367.2,766.5,797.6,542.3,411.8,1057.2,837.8,491.1,95.2,271.3,621.8,1344.8,702.2,882.2,65.6,710.0,1156.1,411.8,445.3,855.4,1415.4,401.4,1329.9,968.9,1352.9,537.7,1121.9,604.0,521.9,459.4,666.6,809.6,591.5,797.7,1208.6,9.0,1003.5,208.2,1226.9,240.6,584.7,1273.3,1047.0,745.0,948.0,496.4,1279.5,782.0,363.7,855.4,758.4,373.8,646.5,604.7,1474.4,1305.8,798.1,640.9,317.5,568.9,631.9,679.2,605.5,972.9,345.7,701.4,605.5,931.5,993.1,411.5,405.7,210.1,257.8,405.1,431.6,492.8,642.6,913.1,492.8,987.1,407.1,672.2,87.6,1324.0,395.8,502.1,415.2,387.5,765.0,1144.9,442.1,1283.3,826.5,1194.8,798.9,783.6,824.2,935.6,799.6,1464.9,151.9,512.9,714.4,892.1,1429.8,146.8,131.6,509.5,555.9,797.6,128.2,772.9,586.2,163.0,1178.1,422.0,609.1,453.6,1300.8,751.9,1301.3,240.6,731.2,643.4,257.8,601.7,1401.4,1199.0,630.0,668.0,0.0,314.5,747.7,625.0,354.1,900.2,1367.2,668.0,284.6,683.5,710.0,662.4,1020.4,305.2,1301.9,896.9,550.5,399.5,645.2,1114.3,673.0,540.7,919.5,359.6,935.2,890.8,219.9,758.7,624.4,977.4,599.8,349.5,1398.8
8,1357.4,706.3,1249.5,1379.2,21.2,1055.7,859.1,942.9,0.0,638.7,989.4,1058.0,355.2,626.9,733.4,902.2,1100.0,853.2,221.4,814.3,787.2,1068.3,1031.7,741.8,925.3,674.7,909.3,1009.0,1362.8,828.8,609.9,1256.4,992.4,947.0,1356.3,872.1,1131.2,1029.0,895.6,503.5,960.8,189.5,570.6,1451.0,539.6,1150.2,856.2,907.0,930.4,733.4,412.4,938.5,1455.5,416.8,971.2,245.6,539.1,539.6,1251.0,491.0,1009.0,554.7,923.5,1147.5,946.5,790.3,715.5,996.5,750.1,1265.1,473.0,583.3,1008.5,570.6,695.9,951.9,452.9,798.7,609.9,1181.4,687.3,866.9,441.4,517.9,966.4,1005.5,1351.5,1369.5,908.3,491.0,531.3,1155.8,546.1,429.4,894.0,899.4,1381.1,857.8,1226.2,961.4,1525.7,1360.7,659.9,1142.3,703.3,409.3,659.9,719.4,586.7,1093.0,933.5,801.6,1198.6,544.3,513.1,1001.9,1324.1,383.5,1001.9,382.9,864.9,334.1,1028.5,917.7,1133.8,556.5,1114.4,915.4,1367.7,738.5,1006.3,1369.1,770.3,788.4,817.3,462.7,474.8,953.9,247.9,847.9,859.7,1421.6,1395.8,910.5,1023.5,864.8,880.1,740.2,507.0,570.5,1069.1,791.3,1013.8,1021.0,771.7,986.3,1290.5,534.1,894.4,191.0,1351.0,1181.4,504.1,1324.9,1198.6,1510.4,784.4,792.6,597.5,567.6,942.9,674.3,195.3,1014.3,696.4,370.6,960.8,567.6,709.9,1364.9,245.6,1343.9,620.6,650.8,895.5,915.3,604.9,927.4,410.1,707.9,668.6,1222.2,1166.6,1268.3,692.5,789.9,923.4,420.6,486.3,1070.4,1281.3,988.4,992.4
9,1008.3,593.7,645.4,830.9,659.9,1172.7,422.1,305.9,638.7,0.0,684.1,526.6,595.4,82.9,850.4,264.2,495.9,632.6,560.1,931.3,366.9,536.9,912.1,858.8,1042.3,379.4,1026.3,1126.0,1287.9,806.7,937.5,1373.3,1109.4,587.3,1281.3,989.1,527.1,954.1,377.8,403.0,1077.8,553.9,580.1,845.1,161.8,1075.3,834.1,523.9,293.4,95.4,332.4,1055.5,851.4,592.8,334.2,405.8,866.7,161.8,646.9,566.0,1126.0,188.7,1040.5,1046.3,1063.5,534.0,832.5,636.8,483.1,661.1,449.0,592.8,624.2,580.1,919.2,314.8,714.2,240.0,937.5,543.4,420.4,983.9,757.6,527.4,944.3,529.2,1297.6,859.4,372.9,566.0,540.8,551.7,445.5,328.8,1185.1,1016.4,875.5,637.1,620.4,601.7,921.6,756.6,392.9,1050.3,341.9,440.8,392.9,836.4,703.7,488.9,402.1,163.6,560.6,229.0,162.0,525.6,720.0,623.7,525.6,697.7,416.3,459.5,390.5,1034.7,529.7,289.5,510.3,383.9,842.4,855.5,474.9,1301.4,822.8,905.4,795.2,494.3,534.8,931.8,586.6,1175.5,221.8,815.8,791.8,888.4,1140.5,226.9,242.1,505.8,283.0,580.0,431.1,769.1,619.0,394.9,888.7,454.8,686.5,148.4,1011.4,447.7,1319.4,543.4,513.6,720.8,560.6,904.6,1112.0,909.6,497.0,467.1,305.9,114.8,443.5,657.8,319.6,610.8,1077.8,467.1,71.9,760.8,405.8,739.8,737.5,92.6,1012.5,893.2,337.9,395.9,355.9,824.9,669.2,618.1,996.9,662.4,809.5,887.1,297.3,546.1,406.8,995.5,677.2,426.9,1109.4
10,1300.9,359.4,581.0,653.3,1010.6,1155.6,1042.8,651.4,989.4,684.1,0.0,371.4,899.8,618.2,619.1,884.9,431.5,190.5,910.8,1104.9,380.7,381.7,261.2,659.6,1215.9,369.2,1193.7,1061.5,637.0,464.0,1128.0,763.2,1005.8,200.2,630.4,1162.7,462.7,303.1,326.7,485.9,1251.4,980.4,590.8,782.5,606.0,424.4,436.7,160.2,638.9,731.0,641.6,1229.1,787.0,842.6,679.7,756.5,1165.8,606.0,582.5,815.8,1173.5,824.2,1214.1,421.6,1237.1,234.8,1006.1,143.6,1118.6,596.7,594.2,578.0,261.7,590.7,1092.8,660.3,963.9,589.3,1128.0,574.3,1055.9,1157.5,1042.0,623.8,326.5,258.7,646.7,643.7,993.6,815.8,630.0,487.3,466.8,560.0,1358.5,1190.0,655.3,225.7,557.8,108.5,857.2,692.2,1028.4,416.5,404.3,656.4,1028.4,674.4,785.2,424.5,282.1,652.4,591.5,523.0,607.1,255.1,655.6,875.8,255.1,1002.1,1036.9,1059.0,674.0,1208.1,465.3,925.0,445.9,300.2,641.8,1029.1,319.7,650.5,569.4,1079.0,541.8,744.0,784.6,338.9,937.3,1479.9,710.6,753.1,727.4,382.3,1187.0,715.7,730.9,382.9,676.4,590.8,645.6,501.6,267.0,530.7,1062.3,299.7,622.1,687.9,1185.0,798.4,668.5,574.3,609.9,656.4,591.5,842.0,1416.4,1083.2,391.9,488.3,651.4,614.4,794.2,49.3,430.1,888.7,1251.4,488.3,707.5,696.4,756.5,675.4,763.3,728.1,1186.1,377.6,973.4,288.2,665.1,998.5,434.8,553.7,440.7,599.8,678.1,633.7,491.2,1145.5,579.7,344.6,612.8,301.9,1005.8
11,1143.3,499.0,423.4,608.9,1079.2,1486.5,885.2,493.8,1058.0,526.6,371.4,0.0,968.7,460.7,759.3,727.3,273.9,437.7,979.4,1245.1,270.8,10.3,614.1,799.8,1356.1,387.9,1340.1,1414.4,989.9,693.6,1268.2,1116.1,1358.7,274.6,983.3,1302.9,305.2,656.0,189.8,625.6,1391.6,1031.9,730.5,624.9,554.0,777.2,720.9,211.2,481.3,573.4,710.3,1369.3,629.4,911.5,522.1,825.1,1240.1,554.0,425.0,884.7,1439.8,666.7,1354.3,774.5,1377.3,351.5,1146.3,324.1,961.1,439.1,690.5,717.7,311.5,730.4,1233.0,502.8,1032.8,431.7,1268.2,416.8,898.3,1297.7,1131.0,763.5,679.4,216.5,999.6,637.4,836.0,884.7,769.7,329.8,606.5,628.6,1498.9,1330.2,653.5,452.5,400.2,289.0,699.7,534.7,870.9,769.4,354.7,725.3,870.9,814.6,925.4,266.9,124.5,494.9,433.9,537.2,573.8,212.9,498.0,944.8,212.9,1071.1,879.4,937.5,516.5,1348.5,307.7,767.4,288.3,142.6,620.4,1169.3,51.7,1003.4,709.6,1219.2,682.0,812.9,853.5,691.8,1005.9,1548.9,553.0,595.6,569.8,735.2,1454.3,558.2,573.4,411.1,690.6,730.5,488.1,656.0,306.3,373.2,1202.5,71.8,464.5,596.9,1325.2,867.0,1021.4,416.8,749.6,498.8,433.9,684.4,1485.3,1223.4,531.6,628.0,493.8,456.9,862.8,345.0,387.2,957.7,1391.6,628.0,549.9,538.9,825.1,517.8,903.5,570.5,1326.3,730.5,815.9,130.7,733.7,1138.7,574.5,396.2,774.9,442.2,818.3,773.9,333.7,1024.0,648.3,697.5,455.2,144.3,1358.7
12,1448.2,540.4,1160.2,1199.1,376.3,700.5,949.8,884.8,355.2,595.4,899.8,968.7,0.0,583.4,378.3,858.9,1010.7,763.6,276.5,459.2,697.9,979.0,851.6,386.7,570.1,585.4,554.1,653.8,1027.4,648.7,435.8,901.2,637.3,857.7,1135.5,517.0,1041.9,848.9,806.3,414.2,605.7,346.2,404.7,1361.7,496.1,970.1,676.1,817.8,872.3,690.1,263.0,583.3,1366.2,61.6,913.1,277.2,365.0,496.1,1161.7,135.8,653.9,645.4,568.3,967.4,591.4,700.6,360.4,907.2,840.8,1175.9,307.1,417.4,919.2,404.7,447.0,893.7,121.8,740.6,435.8,1116.9,778.0,511.7,197.6,352.1,786.3,916.2,996.3,1189.4,967.5,135.8,365.5,1066.5,434.1,344.6,712.9,544.3,1201.0,768.2,1137.0,872.1,1436.4,1271.4,750.6,962.2,614.1,243.4,750.6,364.3,231.5,1003.7,844.3,758.2,1134.1,486.2,469.6,912.6,1234.8,28.4,912.6,196.0,955.7,424.8,972.4,562.5,1044.5,647.2,1025.1,826.1,1187.6,383.3,917.0,1013.9,415.1,433.3,553.4,236.7,119.6,773.8,303.0,673.8,816.4,1332.3,1306.5,730.4,668.3,821.5,836.7,650.9,422.2,404.6,1013.0,611.1,924.5,931.7,416.5,897.0,1201.2,490.8,539.3,222.6,995.8,1116.9,338.2,1235.6,1134.1,1421.2,610.3,437.4,508.2,412.6,884.8,623.2,226.8,924.7,613.2,15.5,605.7,412.6,666.6,1275.6,277.2,1254.6,265.4,623.4,540.4,735.2,695.6,838.1,244.2,352.7,502.8,1132.9,986.4,1179.0,337.3,434.8,834.1,511.3,320.4,890.3,1192.0,899.2,637.2
13,1091.2,511.4,652.1,837.6,648.1,1160.7,505.0,318.5,626.9,82.9,618.2,460.7,583.4,0.0,790.1,347.1,502.6,550.3,548.3,919.4,284.8,471.0,846.2,830.6,1030.3,296.5,1014.4,1114.0,1222.0,724.4,925.6,1348.2,1097.5,521.4,1215.4,977.2,533.8,888.2,311.9,390.5,1065.9,618.0,567.6,853.6,115.7,1009.4,751.8,458.0,306.0,178.4,320.5,1043.5,858.1,580.9,346.8,394.0,854.8,115.7,653.7,554.1,1114.1,255.2,1028.5,1006.6,1051.6,451.7,820.6,570.9,549.6,667.8,436.5,580.3,558.4,567.6,907.2,327.4,702.2,174.3,925.6,559.0,486.9,971.9,745.7,514.9,862.0,463.3,1231.7,866.1,455.8,554.1,528.3,558.4,433.0,316.3,1173.1,1004.5,882.2,554.8,628.9,535.8,928.3,763.4,459.4,1001.5,259.6,428.9,459.4,824.5,691.7,495.6,336.2,246.5,576.2,146.1,116.0,459.7,726.7,611.8,459.7,685.8,499.2,526.1,406.1,1022.7,536.4,356.0,517.0,318.1,849.1,843.6,409.0,1235.5,740.5,893.5,712.9,482.3,522.9,849.5,574.8,1163.6,304.7,824.3,798.5,806.1,1128.5,309.8,325.0,423.5,270.5,567.5,446.7,686.8,553.1,400.6,876.7,388.9,693.2,137.9,999.5,435.9,1253.5,559.0,501.1,727.5,576.2,913.1,1100.1,897.7,484.4,454.5,318.5,49.0,431.7,591.9,237.3,598.9,1065.9,454.5,154.9,767.6,394.0,746.5,725.6,159.1,1000.6,810.9,404.4,330.0,343.9,813.0,586.9,624.8,1003.6,670.9,797.5,804.8,303.0,612.6,394.3,929.6,683.9,391.1,1097.4
14,1633.8,280.0,950.7,833.6,754.6,740.0,1271.8,876.2,733.4,850.4,619.1,759.3,378.3,790.1,0.0,1113.9,801.2,482.9,654.8,498.6,506.9,769.5,486.1,87.5,609.6,495.3,593.6,693.3,817.2,283.2,521.7,940.6,676.7,642.8,810.7,556.4,832.4,483.4,591.5,498.6,645.1,724.4,419.6,1152.2,732.1,604.6,310.6,602.9,863.7,945.1,518.0,622.8,1081.8,316.7,904.5,655.4,559.5,732.1,952.2,331.8,693.3,974.6,607.8,601.9,630.8,419.9,399.8,638.4,1219.0,966.4,455.9,406.9,704.3,419.5,486.5,885.1,385.6,777.6,521.7,907.2,1156.3,551.2,435.7,452.6,420.8,701.3,826.9,823.9,1222.6,331.8,458.8,857.0,456.1,572.8,752.4,583.7,835.5,487.4,927.5,603.3,1152.0,920.9,1128.8,596.7,530.5,443.8,1128.8,68.1,178.9,794.2,634.8,877.2,924.4,649.2,724.7,697.7,952.3,349.9,697.7,507.0,1265.9,803.0,901.0,602.0,835.0,1025.4,815.6,616.6,822.0,422.8,707.6,830.7,49.6,472.7,187.9,432.7,315.6,408.3,681.3,882.5,935.4,1122.8,1022.2,364.9,707.8,940.5,955.7,398.0,677.2,419.7,872.6,245.6,709.6,757.7,456.0,687.5,946.8,745.8,578.7,600.8,848.8,907.2,438.8,953.0,924.4,1182.3,852.0,476.9,404.7,434.6,876.2,802.7,605.1,644.0,556.2,362.8,645.1,434.6,921.6,991.3,655.4,984.9,157.0,878.4,579.8,369.7,1073.8,628.6,499.2,392.2,263.7,923.4,620.9,969.5,71.8,69.3,718.2,889.5,497.2,524.8,982.5,689.7,676.7
15,744.0,841.4,634.9,987.0,923.4,1436.1,157.9,255.0,902.2,264.2,884.9,727.3,858.9,347.1,1113.9,0.0,620.7,871.6,784.3,1194.8,614.4,737.6,1127.5,1122.3,1305.7,636.5,1289.8,1389.4,1503.3,1046.2,1201.0,1629.5,1372.9,788.0,1496.8,1252.6,683.3,1169.5,615.4,667.2,1341.3,724.9,844.3,733.3,426.0,1290.7,1073.5,724.7,350.2,168.8,595.9,1318.9,893.2,856.3,320.6,669.3,1130.2,426.0,636.5,829.5,1389.5,359.7,1303.9,1202.4,1327.0,773.0,1096.0,837.5,266.9,650.6,713.2,857.0,825.0,844.4,1182.6,246.1,977.6,452.1,1201.0,431.7,329.7,1247.3,1021.1,791.7,1183.7,730.0,1513.1,1015.5,108.7,829.5,805.1,564.9,709.7,593.0,1448.5,1279.9,1031.6,876.2,508.7,802.4,823.0,912.8,357.1,1206.5,589.6,704.3,357.1,1099.9,967.1,645.1,637.9,242.9,448.9,493.2,426.3,726.3,876.2,887.2,726.3,961.2,152.0,630.5,278.8,1298.1,586.9,460.5,606.4,621.6,998.5,1119.0,675.6,1516.8,1062.2,1168.9,1034.6,757.7,798.3,1171.3,757.9,1439.0,184.7,703.9,947.9,1127.9,1403.9,179.6,164.4,753.5,547.2,844.2,319.4,1008.6,819.7,354.2,1152.1,655.6,842.6,411.9,1274.9,711.2,1534.9,431.7,777.8,876.9,448.9,792.8,1375.5,1173.1,761.2,731.3,255.0,379.0,706.9,858.5,583.8,874.3,1341.3,731.3,192.3,917.0,669.3,896.0,1001.0,263.6,1276.0,1132.6,462.2,633.6,619.3,1088.4,916.9,774.3,1153.0,550.7,1072.9,1126.5,463.9,717.0,671.1,1210.9,833.3,583.0,1372.8
16,914.6,541.0,149.5,499.9,1121.1,1528.4,778.7,418.5,1100.0,495.9,431.5,273.9,1010.7,502.6,801.2,620.7,0.0,497.7,1021.3,1287.1,312.8,284.2,674.1,841.7,1398.0,429.9,1382.0,1474.4,1049.9,735.5,1310.2,1176.1,1418.7,334.6,1043.4,1344.9,196.2,716.1,249.9,667.5,1433.6,956.6,772.4,351.0,596.0,837.3,762.9,271.3,406.0,498.1,752.2,1411.2,510.9,953.5,446.8,867.0,1282.0,596.0,151.0,926.7,1481.8,591.4,1396.2,715.3,1419.3,411.5,1188.3,384.1,887.6,165.2,732.5,759.7,371.6,772.3,1274.9,420.6,1074.8,391.3,1310.2,189.0,823.0,1339.6,1172.9,805.4,739.4,276.6,1059.7,528.4,729.4,926.7,811.6,55.8,648.4,670.6,1540.8,1372.2,544.5,512.5,126.3,349.0,440.7,425.7,795.6,719.4,396.6,767.3,795.6,856.5,967.3,158.0,184.5,419.6,171.8,579.1,615.8,272.9,389.1,986.7,272.9,1113.0,772.8,862.2,409.9,1390.4,33.8,692.2,14.4,202.7,511.4,1211.3,222.2,1063.4,751.6,1261.2,724.0,854.9,895.5,751.9,989.6,1590.8,477.8,321.6,460.8,795.3,1496.2,482.9,497.3,453.0,732.5,772.5,381.5,697.9,366.3,297.9,1244.4,202.2,355.5,638.9,1367.2,908.9,1081.5,189.0,791.6,389.9,171.8,410.5,1527.3,1265.4,573.5,670.0,418.5,498.8,904.7,405.1,429.1,999.6,1433.6,670.0,474.6,429.9,867.0,408.9,945.4,495.2,1368.3,790.5,740.6,190.7,775.6,1180.6,616.4,287.2,665.9,168.3,860.2,815.9,258.4,948.7,690.3,757.6,346.2,129.7,1418.8
17,1367.1,223.2,647.2,772.4,874.4,1210.1,1029.5,636.3,853.2,632.6,190.5,437.7,763.6,550.3,482.9,871.6,497.7,0.0,774.6,968.7,267.1,448.0,380.3,523.4,1079.7,255.5,1063.7,1163.4,756.1,417.2,991.8,882.3,1124.9,266.4,749.6,1026.5,529.0,422.3,258.1,349.7,1115.2,844.2,454.6,848.7,492.3,543.5,444.5,226.5,623.8,715.9,505.5,1092.9,853.2,706.4,664.6,620.3,1029.6,492.3,648.8,679.6,1163.4,801.3,1077.9,540.7,1100.9,98.6,869.9,209.9,1095.7,662.9,458.0,441.8,327.9,454.5,956.6,645.3,827.7,537.7,991.8,640.6,1032.9,1021.3,905.8,487.6,445.6,324.9,765.8,762.8,980.3,679.6,493.8,553.6,330.6,423.8,1222.5,1053.8,774.4,36.0,624.0,174.7,923.5,758.5,1005.5,535.6,290.6,520.2,1005.5,538.2,649.0,490.7,323.4,637.4,657.7,409.3,493.4,321.3,721.8,739.6,321.3,865.9,1023.6,922.8,660.7,1072.1,531.5,902.1,512.1,305.2,760.9,892.9,386.0,769.6,433.2,942.8,405.6,607.8,648.4,458.0,801.1,1343.7,695.6,819.4,793.6,498.9,1177.9,700.7,715.9,246.8,562.7,454.6,632.3,379.6,333.2,517.4,926.1,365.9,688.3,574.3,1048.8,662.2,787.6,640.6,473.8,722.6,657.7,908.2,1280.2,947.0,255.7,352.1,636.3,562.8,658.0,215.4,316.4,752.5,1115.2,352.1,692.4,762.7,620.3,741.6,627.1,705.2,1049.9,496.7,950.5,317.2,528.9,862.3,298.6,620.0,559.8,666.0,541.9,497.5,477.9,1009.3,443.5,463.7,679.0,368.1,1124.9
18,1227.3,627.7,1170.8,1300.5,242.6,977.0,728.9,825.9,221.4,560.1,910.8,979.4,276.5,548.3,654.8,784.3,1021.3,774.6,0.0,735.7,708.6,989.7,953.0,663.2,846.6,596.0,830.7,930.3,1284.2,750.2,618.7,1177.7,913.8,868.3,1277.6,793.5,1052.5,950.3,816.9,424.9,882.2,125.3,491.9,1372.3,461.0,1071.6,777.6,828.4,813.4,615.5,333.8,859.8,1376.8,338.1,854.2,167.0,547.8,461.0,1172.4,412.3,930.4,424.5,844.8,1068.8,867.9,711.6,636.9,917.9,619.9,1186.5,394.4,504.7,929.9,492.0,704.6,834.9,398.3,720.1,618.7,1063.5,557.2,788.2,438.8,439.3,887.7,926.9,1272.8,1290.9,778.1,412.3,452.7,1077.1,467.4,350.7,902.7,820.8,1302.5,779.2,1147.6,882.7,1447.0,1282.1,529.7,1063.7,624.7,330.7,529.7,640.8,508.0,1014.3,854.9,683.6,1080.7,465.7,434.5,923.2,1245.4,304.9,923.2,378.8,734.8,203.9,910.5,839.0,1055.1,426.3,1035.7,836.8,1289.0,659.9,927.7,1290.4,691.7,709.8,738.6,384.1,396.1,875.3,82.1,856.6,741.8,1343.0,1317.2,831.9,944.8,746.9,762.1,661.5,428.4,491.9,951.2,712.6,935.2,915.0,693.0,907.6,1211.9,455.5,815.8,112.4,1272.4,1063.5,425.5,1246.2,1080.7,1431.8,793.1,714.0,518.9,489.0,825.9,595.7,116.6,935.7,617.7,292.0,882.2,489.0,592.0,1286.3,167.0,1265.2,541.9,520.7,816.9,836.6,474.7,848.7,331.4,629.3,590.0,1143.5,1087.9,1189.6,613.8,711.3,817.4,290.4,407.7,991.8,1202.6,909.8,913.7
19,1907.3,765.9,1436.6,1319.4,835.5,241.3,1352.7,1220.7,814.3,931.3,1104.9,1245.1,459.2,919.4,498.6,1194.8,1287.1,968.7,735.7,0.0,979.2,1255.4,971.9,507.0,169.6,866.6,95.0,226.3,644.8,769.1,467.7,518.6,254.7,1128.7,752.9,242.1,1318.3,957.3,1077.4,695.5,205.1,805.3,685.9,1638.1,832.1,857.5,796.5,1088.7,1208.2,1026.0,598.9,228.6,1567.7,397.6,1249.0,736.3,505.4,832.1,1438.1,412.7,194.7,1055.5,213.6,1087.7,132.2,905.8,242.5,1124.3,1300.0,1452.2,588.4,698.7,1190.2,686.0,432.4,1229.7,466.5,1076.5,467.7,1393.1,1237.2,236.9,516.6,633.3,906.6,1187.2,613.8,1309.8,1303.5,412.7,646.7,1342.9,715.4,679.7,330.3,146.4,1321.4,973.3,1413.3,1089.1,1637.9,1406.8,1209.7,1082.6,895.3,524.7,1209.7,484.6,351.9,1280.1,1120.6,1094.1,1410.3,822.1,805.6,1183.6,1438.1,430.8,1183.6,587.9,1346.8,883.9,1308.3,179.9,1320.9,1106.3,1301.5,1102.5,1307.9,162.5,1193.4,631.3,535.5,257.4,673.8,513.6,396.5,894.2,762.2,460.5,1152.3,1608.7,1508.0,850.8,209.1,1157.4,1172.7,883.9,758.1,685.9,1327.9,731.5,1195.5,1213.0,42.6,1173.4,1432.6,826.7,80.1,681.7,613.3,1393.1,619.5,1438.9,1410.3,1668.1,440.0,216.6,789.5,693.8,1220.7,959.1,686.0,1129.8,894.4,443.7,205.1,693.8,1002.5,1477.1,736.3,1470.8,385.7,959.3,265.5,855.5,1154.7,1114.5,580.1,234.8,749.5,1409.3,1106.8,1455.4,457.7,555.1,1115.4,970.4,601.7,1010.7,1468.4,1175.5,254.7
20,1145.3,228.2,462.2,647.7,808.4,1220.5,772.3,370.5,787.2,366.9,380.7,270.8,697.9,284.8,506.9,614.4,312.8,267.1,708.6,979.2,0.0,281.1,586.8,547.4,1090.1,117.1,1074.2,1173.8,962.6,441.2,1002.3,1088.8,1157.3,283.9,956.0,1037.0,344.0,628.7,122.0,354.8,1125.7,778.2,459.6,663.8,298.6,750.0,468.6,243.9,358.0,450.1,439.4,1103.3,668.2,640.7,398.8,554.3,969.3,298.6,463.8,613.9,1173.9,539.4,1088.4,747.2,1111.4,168.5,880.4,333.4,833.8,477.9,419.7,446.9,345.4,459.6,967.0,379.5,762.0,272.1,1002.3,418.8,771.1,1031.8,860.2,492.7,578.8,273.4,972.3,676.2,723.1,613.9,498.9,368.6,335.7,357.8,1232.9,1064.3,692.3,271.6,439.0,298.3,738.5,573.5,743.6,742.1,83.9,454.5,743.6,562.2,673.0,305.8,146.3,371.6,435.9,266.4,325.0,269.8,536.9,674.0,269.8,800.3,766.5,810.2,412.5,1082.5,346.5,640.2,327.1,128.2,659.2,903.4,219.1,976.1,457.3,953.3,429.7,542.1,582.7,566.3,735.1,1278.1,429.7,634.4,608.6,522.9,1188.3,434.8,450.1,140.3,419.8,459.7,384.1,403.6,350.7,269.3,936.5,199.0,503.3,380.5,1059.3,596.2,994.1,418.8,478.8,537.6,435.9,723.2,1214.5,957.5,260.8,357.2,370.5,297.2,592.0,354.3,116.4,686.9,1125.7,357.2,426.6,577.7,554.3,556.7,651.1,443.3,1060.4,527.7,688.6,140.1,462.9,872.8,303.7,435.0,766.3,481.1,565.9,521.6,229.7,896.8,377.5,670.2,494.0,201.2,1157.3
21,1153.6,509.3,433.7,619.2,1089.5,1496.7,895.5,504.1,1068.3,536.9,381.7,10.3,979.0,471.0,769.5,737.6,284.2,448.0,989.7,1255.4,281.1,0.0,624.3,810.1,1366.3,398.2,1350.4,1424.7,1000.1,703.8,1278.5,1126.4,1368.9,284.8,993.6,1313.2,315.4,666.3,200.1,635.9,1401.9,1042.1,740.7,635.2,564.3,787.5,731.2,221.5,491.6,583.7,720.5,1379.6,639.7,921.8,532.4,835.4,1250.3,564.3,435.3,895.0,1450.1,677.0,1364.6,784.8,1387.6,361.8,1156.6,334.4,971.3,449.4,700.8,728.0,321.8,740.7,1243.3,513.1,1043.1,442.0,1278.5,427.0,908.6,1308.0,1141.3,773.7,689.6,226.8,1009.9,647.7,846.3,895.0,780.0,340.0,616.8,638.9,1509.2,1340.5,663.8,462.7,410.5,299.2,709.9,544.9,881.1,779.6,365.0,735.6,881.1,824.9,935.6,277.2,134.8,505.1,444.2,547.5,584.1,223.2,508.3,955.0,223.2,1081.4,889.7,947.8,526.8,1358.8,318.0,777.7,298.6,152.9,630.7,1179.6,62.0,1013.6,719.9,1229.5,692.3,823.2,863.8,702.1,1016.1,1559.2,563.3,605.9,580.1,745.5,1464.5,568.4,583.7,421.3,700.9,740.8,498.3,666.3,316.5,383.5,1212.8,82.1,474.8,607.2,1335.5,877.3,1031.7,427.0,759.9,509.1,444.2,694.7,1495.6,1233.7,541.9,638.3,504.1,467.1,873.1,355.3,397.5,967.9,1401.9,638.3,560.2,549.2,835.4,528.1,913.8,580.8,1336.6,740.8,826.1,140.9,744.0,1149.0,584.8,406.4,785.2,452.5,828.6,784.2,344.0,1034.3,658.6,707.8,465.5,154.6,1369.0
22,1543.5,417.2,823.6,392.2,1052.8,894.4,1285.4,894.0,1031.7,912.1,261.2,614.1,851.6,846.2,486.1,1127.5,674.1,380.3,953.0,971.9,586.8,624.3,0.0,526.6,1049.0,575.2,932.5,800.3,375.8,202.9,995.0,502.0,744.6,442.8,369.3,1029.7,649.3,42.0,534.3,635.9,1084.5,1022.7,556.8,800.3,812.0,163.2,175.5,402.9,881.5,973.6,726.4,1096.1,640.4,790.0,922.3,905.9,1032.8,812.0,825.2,781.8,912.3,1066.9,1081.1,160.5,1011.6,424.6,873.1,386.2,1361.3,839.3,593.0,544.0,504.3,556.7,959.8,903.0,858.9,817.2,995.0,817.0,1298.5,1024.5,909.0,589.8,65.3,501.3,385.5,382.5,1236.2,781.8,596.0,730.0,593.3,710.0,1097.3,1025.8,394.1,415.4,800.4,351.1,710.6,479.5,1271.0,155.3,610.3,622.4,1271.0,541.4,652.2,667.1,524.7,895.1,834.1,729.1,813.1,497.7,510.8,823.2,497.7,968.1,1279.6,1101.3,916.7,946.9,707.9,1167.6,688.5,542.8,380.6,896.1,562.4,389.3,436.4,946.0,339.1,710.0,750.6,77.7,979.5,1227.5,953.2,829.7,580.8,121.2,925.9,958.3,973.6,535.2,865.1,556.8,888.3,240.4,509.6,773.4,929.3,542.3,505.4,894.0,1027.0,899.1,407.3,817.0,575.9,511.6,834.1,740.9,1207.0,950.2,541.9,571.7,894.0,842.4,903.3,310.5,636.1,836.1,1084.5,571.7,950.1,549.9,905.9,543.5,630.3,970.7,1053.1,116.4,1216.0,530.8,707.6,865.5,400.8,558.3,179.5,842.4,545.1,500.7,733.9,1187.8,634.3,83.4,564.7,544.5,744.6
23,1674.3,320.6,991.2,874.1,763.0,748.3,1280.2,916.7,741.8,858.8,659.6,799.8,386.7,830.6,87.5,1122.3,841.7,523.4,663.2,507.0,547.4,810.1,526.6,0.0,617.9,535.9,602.0,701.7,857.7,323.7,530.1,949.0,685.1,683.3,851.2,564.8,873.0,523.9,632.0,539.2,653.5,732.8,460.1,1192.8,759.5,645.1,351.1,643.4,904.2,953.5,526.4,631.2,1122.4,325.1,945.0,663.8,567.9,759.5,992.8,340.2,701.7,983.0,616.2,642.4,639.2,460.4,408.2,678.9,1227.4,1006.9,496.4,447.4,744.9,460.1,494.9,925.7,394.0,818.1,530.1,947.8,1164.7,559.6,444.1,493.2,461.3,741.9,867.5,864.4,1231.0,340.2,499.4,897.6,496.6,607.2,760.8,592.1,876.1,528.0,968.0,643.8,1192.6,961.4,1137.2,637.2,571.0,452.2,1137.2,76.5,187.2,834.8,675.3,917.8,964.9,689.7,733.1,738.2,992.8,358.3,738.2,515.4,1274.3,811.4,941.5,610.4,875.5,1033.8,856.1,657.2,862.6,431.2,748.1,871.2,90.2,481.1,228.4,441.1,324.0,448.9,689.7,890.9,975.9,1163.4,1062.7,405.4,716.2,981.1,996.3,438.6,685.6,460.2,913.1,286.2,750.2,798.3,464.4,728.0,987.3,754.2,587.1,609.2,889.3,947.8,479.3,993.6,964.9,1222.8,860.4,485.3,445.3,475.1,916.7,843.2,613.4,684.5,596.8,371.2,653.5,475.1,930.0,1031.8,663.8,1025.5,165.4,886.8,588.2,410.2,1082.2,669.1,507.6,400.6,304.2,964.0,661.5,1010.0,80.2,109.8,758.7,897.9,529.2,565.4,1023.0,730.2,685.1
24,2018.2,876.8,1547.5,1388.8,946.4,263.7,1463.6,1331.6,925.3,1042.3,1215.9,1356.1,570.1,1030.3,609.6,1305.7,1398.0,1079.7,846.6,169.6,1090.1,1366.3,1049.0,617.9,0.0,977.6,195.5,248.7,694.5,880.0,587.4,568.3,304.4,1239.6,802.6,121.6,1429.2,1007.0,1188.3,806.4,35.6,916.3,796.9,1749.0,943.0,907.1,907.4,1199.7,1319.1,1136.9,709.8,108.0,1637.0,508.5,1359.9,847.2,625.1,943.0,1549.0,523.6,136.6,1166.4,93.0,1157.1,74.1,1016.7,362.2,1235.2,1410.9,1563.2,699.3,809.6,1301.1,796.9,552.1,1340.6,577.4,1187.4,587.4,1504.0,1348.1,116.3,627.5,744.2,1017.6,1298.1,663.4,1379.1,1414.4,523.6,757.6,1453.8,826.3,790.6,477.3,25.8,1390.7,1084.2,1524.3,1200.1,1707.3,1476.1,1320.7,1151.9,1006.2,635.6,1320.7,595.6,462.8,1391.0,1231.6,1205.1,1521.2,933.0,916.5,1294.5,1507.5,541.7,1294.5,698.8,1457.7,994.9,1419.3,326.9,1431.8,1217.3,1412.4,1213.4,1377.3,207.5,1304.3,681.0,646.4,136.8,784.7,624.5,507.4,1005.1,873.1,607.5,1263.2,1719.6,1577.4,961.7,173.4,1268.4,1283.6,994.8,869.1,796.8,1438.8,842.4,1306.4,1323.9,212.2,1284.3,1502.0,937.6,89.4,792.7,662.9,1504.0,730.4,1508.3,1521.2,1737.5,587.0,153.4,900.4,804.8,1331.6,1070.0,796.9,1240.8,1005.4,554.6,35.6,804.8,1113.4,1546.5,847.2,1540.1,496.7,1070.2,144.9,966.5,1265.7,1225.4,691.0,354.5,860.5,1520.2,1176.2,1566.3,568.6,666.1,1226.3,1081.4,712.6,1080.0,1561.3,1286.5,304.3
25,1262.5,216.7,579.4,764.8,695.8,1108.0,794.4,392.5,674.7,379.4,369.2,387.9,585.4,296.5,495.3,636.5,429.9,255.5,596.0,866.6,117.1,398.2,575.2,535.9,977.6,0.0,961.6,1061.3,951.0,429.6,889.8,1077.2,1044.8,272.3,944.5,924.5,461.1,617.2,220.9,244.5,1013.1,665.7,438.2,780.9,236.8,738.4,457.0,232.4,380.0,472.1,326.9,990.8,785.4,528.2,420.8,441.7,856.7,236.8,580.9,501.4,1061.4,545.8,975.8,735.7,998.8,156.9,767.9,321.8,840.2,595.1,307.2,435.4,333.8,438.3,854.5,401.5,649.5,285.6,889.8,535.9,777.4,919.2,747.6,385.6,567.2,330.8,960.8,793.4,745.2,501.4,399.0,485.7,287.0,245.3,1120.4,951.7,809.5,260.1,556.1,286.7,855.6,690.6,750.0,730.5,61.8,342.0,750.0,550.7,639.0,422.9,263.5,393.6,553.1,153.8,237.9,327.2,654.0,561.4,327.2,687.7,788.5,744.3,480.2,970.0,463.7,646.6,444.3,245.3,776.3,790.8,336.2,964.5,445.7,840.7,418.1,429.6,470.2,554.8,622.5,1165.5,451.8,751.5,725.7,511.3,1075.8,456.9,472.1,128.7,307.2,438.1,494.3,392.1,339.1,379.4,824.0,316.2,620.4,318.8,946.8,483.6,982.6,535.9,371.8,654.8,553.1,840.4,1102.0,844.9,249.2,308.6,392.5,310.7,479.4,342.8,60.9,574.3,1013.1,308.6,448.6,694.8,441.7,673.8,639.6,449.7,947.8,516.1,695.0,257.3,350.3,760.2,292.1,552.1,754.8,598.2,554.4,510.0,281.8,830.8,265.0,658.6,611.2,318.3,1044.7
26,2002.3,860.9,1531.5,1272.3,930.5,196.9,1447.7,1315.7,909.3,1026.3,1193.7,1340.1,554.1,1014.4,593.6,1289.8,1382.0,1063.7,830.7,95.0,1074.2,1350.4,932.5,602.0,195.5,961.6,0.0,181.8,578.0,864.0,562.6,451.8,187.9,1223.6,686.1,268.1,1413.3,890.5,1172.3,790.5,231.1,900.3,780.9,1680.4,927.0,790.6,891.4,1183.7,1303.2,1121.0,693.9,254.5,1520.5,492.5,1344.0,831.3,600.4,927.0,1533.1,507.7,151.2,1150.4,239.6,1040.6,158.2,1000.8,337.4,1219.2,1394.9,1547.2,683.3,793.6,1285.2,781.0,527.4,1324.7,561.5,1171.5,562.6,1488.1,1332.2,262.8,611.6,728.3,953.1,1282.2,546.9,1262.6,1398.4,507.7,741.7,1437.9,810.3,774.7,294.1,172.4,1274.3,1068.3,1508.3,1184.1,1590.8,1359.6,1304.7,1035.4,990.3,619.6,1304.7,579.6,446.9,1375.1,1215.6,1189.1,1505.2,917.1,900.6,1278.5,1391.0,525.8,1278.5,682.9,1441.8,978.9,1403.3,143.7,1415.8,1201.3,1396.4,1197.5,1260.8,257.4,1288.4,564.5,630.5,283.4,768.7,608.5,491.5,965.5,857.1,424.2,1247.3,1703.7,1460.9,945.7,164.7,1252.4,1267.6,978.9,853.1,780.8,1422.8,826.5,1290.5,1308.0,137.6,1268.3,1385.5,921.7,106.1,776.7,546.5,1488.1,714.5,1391.8,1505.2,1621.0,403.7,300.0,884.5,788.8,1315.7,1054.1,780.9,1224.8,989.4,538.7,231.1,788.8,1097.5,1430.0,831.3,1423.6,480.7,1054.3,291.5,950.5,1249.7,1209.4,675.1,329.8,844.5,1438.4,1059.7,1550.3,552.6,650.1,1210.3,1065.4,696.6,963.6,1444.8,1270.5,187.8
27,2102.0,960.6,1623.9,1140.1,1030.1,94.1,1547.3,1415.4,1009.0,1126.0,1061.5,1414.4,653.8,1114.0,693.3,1389.4,1474.4,1163.4,930.3,226.3,1173.8,1424.7,800.3,701.7,248.7,1061.3,181.8,0.0,445.8,958.5,662.3,319.6,55.7,1243.1,553.9,321.2,1397.2,758.3,1272.0,890.1,284.2,1000.0,880.6,1548.3,1026.7,658.5,931.1,1203.2,1402.9,1220.7,793.6,307.7,1388.4,592.2,1443.7,931.0,700.0,1026.7,1625.5,607.3,112.0,1250.1,292.7,908.4,211.3,1100.4,437.1,1186.6,1494.6,1639.6,783.0,893.3,1304.6,880.7,627.1,1424.3,661.1,1271.2,662.3,1587.7,1431.8,316.0,711.2,828.0,820.9,1301.6,414.8,1130.5,1498.1,607.3,841.4,1530.3,910.0,874.3,369.3,225.5,1142.1,1168.0,1600.7,1151.4,1458.6,1227.5,1404.4,903.3,1090.0,719.3,1404.4,679.3,546.5,1435.5,1315.3,1288.8,1604.9,1016.8,1000.2,1298.0,1258.8,625.5,1298.0,782.5,1541.5,1078.6,1503.0,218.9,1508.2,1301.0,1488.8,1297.1,1128.6,357.1,1362.7,432.4,730.2,336.5,868.4,708.2,591.1,833.4,956.8,499.5,1347.0,1577.7,1328.7,876.8,125.5,1352.1,1367.3,1078.5,952.8,880.5,1522.5,926.2,1309.9,1407.6,268.9,1342.6,1253.3,1021.4,226.6,876.4,414.3,1587.7,814.1,1259.6,1604.9,1488.8,478.9,353.1,984.1,888.5,1415.4,1153.7,880.6,1110.8,1089.1,638.4,284.2,888.5,1197.2,1297.8,931.0,1291.5,580.4,1154.0,344.6,872.1,1349.4,1309.1,774.8,429.5,944.2,1306.2,927.5,1642.7,652.3,749.8,1310.0,1165.1,796.3,831.4,1312.7,1344.8,55.7
28,1886.9,748.3,1199.4,715.6,1384.0,540.0,1661.2,1269.8,1362.8,1287.9,637.0,989.9,1027.4,1222.0,817.2,1503.3,1049.9,756.1,1284.2,644.8,962.6,1000.1,375.8,857.7,694.5,951.0,578.0,445.8,0.0,534.0,1035.9,126.2,390.1,818.6,108.1,767.1,972.7,333.8,910.1,967.0,730.1,1353.8,887.9,1123.8,1187.8,212.6,506.6,778.7,1257.3,1349.4,1057.6,753.5,963.9,965.8,1298.1,1237.1,1073.6,1187.8,1201.0,980.9,557.9,1442.7,738.5,483.9,657.2,800.4,810.7,762.0,1737.1,1215.1,924.2,875.2,880.1,887.8,1000.6,1278.8,1034.7,1193.0,1035.9,1192.8,1674.3,761.8,1084.8,920.9,396.4,877.1,453.0,705.9,1612.0,980.9,927.1,1105.7,924.4,1041.2,742.9,671.3,717.6,791.2,1176.2,726.9,1034.1,803.0,1646.8,478.8,986.1,953.5,1646.8,872.5,920.1,1010.9,900.5,1270.9,1209.9,1104.9,1188.9,873.5,834.3,999.0,873.5,1156.1,1655.4,1432.4,1292.5,592.5,1083.7,1543.4,1064.3,918.6,704.1,730.7,938.2,13.5,767.6,782.3,670.2,1041.1,964.7,408.9,1310.7,873.0,1329.0,1153.1,904.2,452.3,571.4,1334.1,1349.4,866.3,1196.2,888.0,1264.1,571.6,885.4,1149.2,645.5,918.1,828.8,1269.8,672.5,1230.2,31.6,1192.8,907.1,835.1,1209.9,1064.3,852.5,784.8,873.0,902.9,1269.8,1218.2,1234.4,686.3,1011.9,1011.9,730.1,902.9,1325.9,873.3,1237.1,867.0,954.0,1346.5,790.4,447.5,1591.8,906.6,1038.8,803.1,732.0,881.7,503.0,1218.2,876.2,831.9,1109.7,1518.9,965.5,406.9,888.1,920.3,390.2
29,1568.1,214.3,885.0,550.4,850.0,1010.4,1204.1,810.4,828.8,806.7,464.0,693.6,648.7,724.4,283.2,1046.2,735.5,417.2,750.2,769.1,441.2,703.8,202.9,323.7,880.0,429.6,864.0,958.5,534.0,0.0,792.2,660.2,902.8,577.1,527.5,826.9,766.7,200.2,525.8,433.0,915.6,819.8,353.9,958.5,666.4,321.4,27.4,537.1,797.9,890.0,523.6,893.2,798.6,587.1,838.8,703.0,829.9,666.4,886.5,578.9,963.8,975.5,878.2,318.7,901.3,354.2,670.3,572.7,1269.8,900.7,390.1,341.2,638.6,353.8,756.9,819.4,656.0,711.9,792.2,841.5,1207.1,821.6,706.1,386.9,137.6,635.6,543.8,540.7,1154.8,578.9,393.1,791.3,390.4,507.2,1022.8,854.1,552.3,421.7,861.8,537.6,868.9,637.7,1179.6,313.5,464.8,419.5,1179.6,338.5,449.3,728.5,569.1,811.5,858.7,583.5,667.3,632.0,669.1,620.3,632.0,765.2,1198.2,898.4,835.3,872.4,769.3,1076.2,749.9,550.9,538.9,693.2,641.8,547.5,233.5,743.2,136.2,507.1,547.7,125.1,776.6,1153.0,869.7,987.9,739.0,81.7,978.2,874.8,890.0,332.3,662.2,354.0,806.9,37.6,643.9,692.0,726.4,621.8,663.6,748.4,849.2,696.2,565.6,841.5,373.1,669.8,858.7,899.1,1122.5,747.3,339.0,368.9,810.4,737.0,700.4,513.4,490.5,633.2,915.6,368.9,866.5,708.1,703.0,701.7,427.4,879.3,850.2,86.5,1124.6,562.9,504.8,662.6,197.9,716.5,337.7,903.8,342.2,297.9,652.5,984.9,431.5,241.6,722.9,624.0,902.9
