,0,1,2,3,4,5,6,7,8,9,10,11,12,13,14,15,16,17,18,19,20,21,22,23,24,25,26,27,28,29,30,31,32,33,34,35,36,37,38,39,40,41,42,43,44,45,46,47,48,49,50,51,52,53,54,55,56,57,58,59,60,61,62,63,64,65,66,67,68,69,70,71,72,73,74,75,76,77,78,79,80,81,82,83,84,85,86,87,88,89,90,91,92,93,94,95,96,97,98,99,100,101,102,103,104,105,106,107,108,109,110,111,112,113,114,115,116,117,118,119,120,121,122,123,124,125,126,127,128,129,130,131,132,133,134,135,136,137,138,139,140,141,142,143,144,145,146,147,148,149,150,151,152,153,154,155,156,157,158,159,160,161,162,163,164,165,166,167,168,169,170,171,172,173,174,175,176,177,178,179,180,181,182,183,184,185,186,187,188,189,190,191,192,193,194,195,196,197,198,199,200,201,202
0,0.0,580.1,515.0,874.7,1026.3,924.0,663.6,1335.4,973.4,666.4,936.1,428.5,1141.7,1362.9,1018.3,451.0,1119.1,970.0,952.1,452.6,877.1,938.7,887.8,1478.5,837.9,826.1,810.3,1089.4,893.0,1535.3,781.9,485.4,1358.7,682.1,895.5,1244.1,688.1,1085.5,939.2,840.4,771.7,974.7,844.5,840.0,1124.7,1114.7,883.2,898.4,524.8,1021.0,934.5,517.3,1108.8,899.1,908.3,549.6,1086.4,701.0,1395.8,862.2,660.6,989.2,1410.2,1497.0,1323.0,1472.6,645.1,798.2,1127.1,885.2,727.9,821.8,1488.4,1381.2,868.8,756.5,1469.2,1263.6,689.7,803.2,882.5,1233.2,1424.9,678.7,1145.3,825.6,1465.7,1481.1,1576.2,1240.1,439.7,1509.6,1108.7,639.2,1394.9,1063.5,667.3,928.4,1142.5,938.7,1102.7,1142.9,1514.4,1420.1,1436.8,1320.6,1088.1,726.1,929.6,659.7,561.7,860.9,903.6,521.9,1410.2,1346.5,654.3,1044.5,1347.1,1536.1,1229.4,1108.7,851.8,721.9,818.2,1508.4,1334.6,920.6,892.4,800.6,1419.7,1474.8,864.0,1113.7,1157.5,1465.3,895.5,1221.4,963.1,773.2,1145.5,418.7,681.5,710.6,735.5,680.3,849.7,1430.9,819.7,908.3,498.0,923.4,808.0,1510.3,881.2,1414.4,1015.6,1385.4,1480.7,1171.5,963.8,1234.5,987.8,1506.4,863.8,1497.0,1218.6,835.3,895.7,663.4,1156.0,1518.6,510.1,1258.8,635.7,968.1,1515.0,847.0,884.3,925.5,939.2,890.8,1443.3,1474.9,967.9,688.1,1536.1,773.3,894.2,1047.5,1507.6,849.7,773.7,1385.1,1094.8,1487.4,810.9,569.6,1387.3,1335.4,1527.0,721.3,1513.9
1,580.1,0.0,393.0,330.6,482.2,615.3,488.4,791.3,429.3,454.4,666.5,151.6,597.6,818.8,501.7,245.9,602.5,867.7,423.4,663.4,643.5,705.1,343.7,934.4,342.3,316.7,436.1,560.7,391.7,1062.5,550.9,403.0,1146.5,656.3,661.9,700.0,463.3,556.8,705.6,606.8,392.3,653.4,332.1,425.0,803.4,598.1,388.8,354.3,319.7,504.4,390.4,312.2,941.0,355.0,379.6,344.5,569.8,307.7,851.7,358.0,537.2,445.1,866.1,1116.3,778.9,928.5,286.6,564.6,598.4,390.8,245.2,424.6,944.3,1169.0,635.2,212.4,1144.1,741.1,272.6,572.2,338.4,689.1,1188.4,261.6,910.1,592.0,921.6,937.0,1032.1,793.0,234.6,1103.7,592.1,481.6,850.8,546.9,341.4,697.4,598.4,705.1,558.6,821.6,970.3,876.0,1176.5,776.5,544.0,243.4,385.5,484.5,344.4,627.3,670.0,396.7,866.1,802.4,286.4,723.2,1134.9,992.0,1017.2,592.1,307.7,374.6,323.6,964.3,1122.4,376.5,398.0,567.0,875.6,930.7,335.3,792.4,836.2,921.2,661.9,677.3,419.0,542.2,628.9,161.4,655.7,441.0,361.0,455.5,615.9,886.8,325.3,379.6,415.6,428.5,313.4,966.2,650.2,870.3,471.5,1173.2,936.6,850.2,804.9,765.2,459.1,1091.4,347.2,1116.3,1006.4,601.7,662.1,534.4,611.9,974.5,720.9,714.7,485.1,424.0,970.9,613.4,340.2,677.1,705.6,657.2,899.2,1138.4,423.8,463.3,992.0,539.7,350.1,503.4,963.5,615.9,396.4,1172.9,550.7,1125.9,577.3,624.7,843.2,791.3,982.9,487.7,969.8
2,515.0,393.0,0.0,687.6,748.6,717.3,389.0,969.0,749.5,422.0,764.9,241.4,864.0,1010.2,639.4,147.1,740.2,865.2,573.2,347.8,726.8,788.4,700.7,1112.1,459.0,447.2,539.9,710.5,514.1,1240.2,631.6,87.4,1229.8,577.3,745.2,877.7,363.9,706.6,788.9,690.1,493.1,755.7,465.6,525.8,905.7,735.8,504.3,711.3,145.9,642.1,670.9,80.8,1004.0,712.0,529.4,170.7,707.5,322.1,1118.1,483.3,555.8,802.1,1043.8,1294.0,956.6,1194.9,266.2,647.9,748.2,506.3,349.0,528.4,1210.7,1252.3,718.5,569.4,1321.8,918.8,310.8,652.9,695.4,866.8,1296.0,299.8,1010.8,675.3,1099.3,1114.7,1209.8,970.7,158.4,1281.4,729.8,394.8,1117.2,684.6,288.4,778.1,862.7,788.4,875.5,923.9,1148.0,1053.7,1307.9,1031.5,786.5,347.2,708.0,385.1,182.8,710.6,753.3,84.3,1043.8,980.1,275.4,825.5,1218.2,1169.7,1100.5,729.8,664.7,366.5,439.3,1142.0,1205.7,716.0,513.5,650.3,1053.3,1108.4,485.1,894.7,938.5,1098.9,745.2,855.0,776.0,622.9,766.6,231.6,576.7,341.6,380.1,356.1,699.4,1064.5,440.8,529.4,100.0,544.5,429.1,1143.9,730.9,1136.7,737.9,1256.5,1114.3,952.5,859.0,942.9,608.9,1269.1,484.9,1294.0,1089.7,685.0,745.4,558.6,876.2,1152.2,405.3,892.4,391.3,781.0,1148.6,696.7,697.2,775.2,788.9,740.5,1076.9,1316.1,746.3,363.9,1169.7,623.0,707.1,769.8,1141.2,699.4,418.3,1256.2,815.0,1303.6,660.6,464.8,1109.6,969.0,1160.6,571.0,1147.5
3,874.7,330.6,687.6,0.0,191.8,531.6,673.5,500.9,138.9,639.5,587.9,446.2,307.2,528.4,325.2,540.5,348.8,834.9,244.8,926.8,652.7,674.9,53.3,644.0,390.3,388.5,555.5,303.9,354.4,772.1,736.0,697.6,942.0,841.4,688.7,409.6,648.4,300.0,712.3,616.0,577.4,480.1,331.9,610.1,552.9,344.4,450.8,63.9,566.4,314.7,100.0,606.8,736.5,64.6,241.5,541.6,340.3,492.8,561.3,368.9,722.3,178.5,575.7,825.9,488.5,638.1,471.7,657.8,310.3,448.8,422.4,544.1,653.9,926.2,644.4,190.2,853.7,450.7,457.7,757.3,7.8,398.7,898.0,446.7,659.6,685.2,631.2,646.6,741.7,502.6,529.2,813.3,338.4,666.7,560.4,370.4,526.5,882.5,308.0,674.9,268.2,571.1,679.9,585.6,886.1,486.1,253.6,428.5,95.1,669.6,529.5,636.5,678.4,691.3,575.7,512.0,471.5,472.7,930.4,701.6,812.7,338.4,52.7,559.7,404.8,673.9,917.9,86.1,441.6,660.2,585.2,640.3,285.8,541.9,585.7,630.8,670.3,386.9,152.4,727.3,375.2,456.0,840.8,626.1,546.1,640.6,589.3,596.4,457.2,241.5,710.2,429.2,415.0,675.8,835.3,579.9,181.1,937.5,646.2,599.7,923.9,474.8,255.8,801.0,306.1,825.9,801.9,694.9,671.3,719.5,321.5,684.1,930.5,424.3,670.2,157.4,680.5,592.0,49.8,598.5,712.3,666.4,608.8,848.0,133.4,648.4,701.6,672.5,59.7,213.0,673.1,589.3,581.5,937.8,260.3,835.5,670.5,809.8,552.8,500.9,692.5,672.8,679.4
4,1026.3,482.2,748.6,191.8,0.0,475.9,700.9,309.1,80.1,634.1,532.2,597.8,115.4,350.3,269.8,676.5,236.2,722.3,175.4,907.0,597.3,619.2,166.9,452.2,357.3,366.1,500.1,163.2,321.4,580.3,712.7,758.6,829.4,818.1,633.3,217.8,675.8,141.7,656.6,560.6,572.0,424.4,309.5,571.3,384.8,231.8,417.8,210.3,602.7,202.1,133.8,667.8,623.9,178.2,219.2,577.9,227.7,529.1,426.3,335.9,699.0,229.3,383.9,634.1,296.7,503.1,508.0,602.4,118.5,415.8,400.1,488.7,518.9,734.4,589.0,341.8,661.9,258.9,494.0,734.0,199.6,206.9,706.2,483.0,547.0,629.8,439.4,454.8,549.9,310.8,680.8,621.5,225.8,661.3,425.4,269.3,562.8,859.2,116.2,619.2,206.1,408.8,488.1,393.8,694.3,351.1,61.8,410.5,96.7,697.0,565.8,581.1,622.7,752.3,383.9,320.2,507.8,360.1,817.8,509.8,700.1,225.8,204.3,584.8,377.0,482.1,805.3,136.9,408.6,604.8,393.4,448.5,263.5,429.3,417.6,439.0,614.6,195.1,203.2,704.0,262.6,607.6,817.5,662.4,571.2,668.0,533.9,404.6,429.4,219.2,771.2,396.2,387.2,484.0,812.0,444.9,10.7,745.7,454.4,487.1,811.3,283.0,143.2,609.2,283.7,634.1,689.3,639.5,615.9,696.2,129.7,492.3,910.7,232.5,664.8,208.2,488.7,536.6,163.4,542.8,656.6,611.0,417.0,656.2,80.6,675.8,509.8,617.1,132.1,96.4,481.3,533.9,606.6,746.0,68.5,643.7,615.1,790.0,417.8,309.1,500.7,618.7,487.6
5,924.0,615.3,717.3,531.6,475.9,0.0,386.1,602.2,476.8,295.3,82.1,730.9,575.0,643.4,206.4,645.2,308.5,465.4,304.0,504.0,168.7,169.1,506.7,745.3,276.3,301.9,182.8,398.4,223.6,749.1,309.7,727.3,572.5,415.1,204.7,404.5,410.6,394.5,206.5,132.0,275.2,72.1,284.1,306.8,246.7,312.7,231.8,550.1,571.4,274.1,431.6,636.5,367.0,518.0,330.6,546.6,249.4,399.7,845.4,257.3,296.0,569.1,677.0,710.8,589.8,922.2,484.2,173.8,436.1,229.8,384.4,194.3,852.1,595.0,160.4,681.6,683.0,385.6,470.2,331.0,539.4,433.8,638.7,459.2,353.4,201.2,732.5,747.9,807.7,362.1,656.5,723.4,306.7,322.5,844.5,207.4,433.4,456.2,550.6,169.1,602.8,264.9,781.2,686.9,650.6,664.7,474.4,394.8,468.7,382.2,534.5,152.5,172.6,721.0,677.0,613.3,484.0,166.5,560.9,802.9,443.2,306.7,544.1,363.4,296.0,775.2,548.4,476.7,222.6,176.2,686.5,741.6,292.2,235.7,279.5,732.1,164.5,422.0,543.0,301.0,282.1,729.7,414.5,433.1,349.8,402.8,105.3,697.7,292.6,330.6,739.9,191.6,306.2,777.1,409.0,864.0,465.2,599.2,747.5,293.5,554.4,356.5,339.7,720.2,271.9,710.8,432.4,210.9,174.1,293.2,525.1,785.4,507.7,419.2,326.0,548.0,781.8,108.0,503.2,92.7,206.5,169.2,710.1,688.7,477.3,410.6,802.9,201.1,471.9,497.1,774.4,105.3,385.2,598.9,502.9,701.2,186.5,387.0,836.9,602.2,793.8,202.7,780.7
6,663.6,488.4,389.0,673.5,700.9,386.1,0.0,905.9,701.8,90.8,433.7,411.2,816.3,947.1,508.1,316.9,620.9,629.5,525.5,311.1,405.3,466.9,686.6,1049.0,349.3,345.9,260.1,647.4,384.1,1084.9,312.7,399.0,908.3,296.4,423.7,732.3,82.3,643.5,467.4,368.6,196.1,424.5,403.1,264.4,574.5,616.5,283.1,697.2,243.1,522.8,632.1,308.2,702.8,697.9,490.6,218.3,576.9,185.9,1070.4,373.0,274.9,769.6,980.7,1046.6,893.5,1147.2,227.4,326.4,685.1,285.1,310.2,267.0,1155.8,930.8,397.0,555.3,1018.8,713.4,272.0,334.0,681.3,761.6,974.5,261.0,681.2,353.8,1036.2,1051.6,1143.5,689.9,328.2,1059.2,610.5,63.6,1069.5,534.9,152.2,459.2,799.6,466.9,827.8,592.7,1084.9,990.6,986.4,968.4,723.4,308.4,669.2,3.9,206.2,389.1,431.8,392.7,980.7,917.0,236.6,494.3,896.7,1106.6,779.0,610.5,650.6,116.1,329.6,1078.9,884.2,677.2,292.3,328.8,990.2,1045.3,446.3,563.5,607.3,1035.8,423.7,749.8,743.5,304.0,609.6,401.4,295.8,104.8,129.7,74.5,377.9,1001.4,277.2,490.6,411.6,323.3,319.4,1080.8,412.0,1089.0,690.2,935.0,1051.2,621.3,566.7,684.3,561.2,1056.0,427.8,1046.6,768.2,363.5,423.9,277.7,813.1,1089.1,314.8,747.0,60.1,748.5,1085.5,375.2,683.1,444.3,467.4,419.0,1013.8,1024.5,702.3,82.3,1106.6,301.5,672.4,722.1,1078.1,377.9,167.9,934.7,751.9,1037.0,339.1,194.1,1061.9,905.9,1097.5,249.5,1084.4
7,1335.4,791.3,969.0,500.9,309.1,602.2,905.9,0.0,389.2,815.1,658.5,906.9,313.9,107.8,450.8,896.9,417.2,777.3,395.8,1084.6,770.9,745.5,476.0,369.5,577.7,586.5,681.1,283.9,541.8,491.2,890.3,979.0,811.5,995.7,806.9,225.9,896.2,262.4,782.9,734.2,753.0,550.7,529.9,752.3,392.9,412.8,638.2,519.4,823.1,383.1,442.9,888.2,678.9,487.3,439.6,798.3,408.7,749.5,349.1,556.3,876.6,521.7,294.8,545.0,98.4,425.9,728.4,776.0,239.2,636.2,620.5,669.7,441.7,645.3,762.6,650.9,572.8,267.0,714.4,911.6,508.7,215.0,617.1,703.4,602.0,803.4,356.7,365.7,460.8,318.9,908.2,532.4,406.8,842.3,348.2,450.3,783.2,993.6,285.8,745.5,381.3,416.9,399.0,304.7,605.2,129.1,247.3,630.9,405.8,902.0,786.2,754.7,749.0,972.7,294.8,11.1,728.2,478.9,799.9,420.7,755.1,406.8,513.4,805.2,597.4,393.0,787.4,446.0,629.0,778.4,310.7,365.8,483.9,446.1,425.7,356.3,740.9,203.2,495.6,881.6,443.6,916.7,995.1,882.8,791.6,888.4,707.5,315.5,649.8,439.6,991.6,616.6,607.6,394.9,989.6,367.7,319.8,656.6,365.3,542.1,866.3,291.1,363.6,520.1,504.1,545.0,744.3,813.1,750.5,873.8,240.1,403.2,1088.3,240.6,845.8,500.6,399.6,710.2,472.5,669.1,782.9,745.6,334.3,567.1,389.7,896.2,420.7,794.7,441.2,351.0,392.2,707.5,827.0,656.9,275.8,554.6,788.7,967.6,340.6,0.0,411.6,796.3,398.5
8,973.4,429.3,749.5,138.9,80.1,476.8,701.8,389.2,0.0,635.0,533.1,544.9,195.5,401.1,270.7,639.2,237.1,723.2,176.3,907.9,598.2,620.1,114.0,532.3,358.2,367.0,501.0,192.2,322.3,660.4,713.6,759.5,830.3,819.0,634.2,297.9,676.7,188.3,657.5,561.5,572.9,425.3,310.4,572.2,441.2,232.7,418.7,157.4,603.6,203.0,80.9,668.7,624.8,125.3,220.1,578.8,228.6,530.0,434.0,336.8,699.9,176.4,464.0,714.2,376.8,510.8,508.9,603.3,198.6,416.7,401.0,489.6,526.6,814.5,589.9,288.9,742.0,339.0,494.9,734.9,146.7,287.0,786.3,483.9,547.9,630.7,519.5,534.9,630.0,390.9,627.9,701.6,226.7,662.2,433.1,270.2,563.7,860.1,196.3,620.1,167.8,459.4,568.2,473.9,774.4,358.8,141.9,411.4,43.8,697.9,566.7,582.0,623.6,753.2,464.0,400.3,508.7,361.0,818.7,589.9,701.0,226.7,151.4,585.7,377.9,562.2,806.2,84.0,409.5,605.7,473.5,528.6,264.4,430.2,474.0,519.1,615.5,275.2,150.3,704.9,263.5,554.7,818.4,663.3,572.1,668.9,534.8,484.7,430.3,220.1,772.1,397.1,388.1,564.1,812.9,452.6,69.4,825.8,534.5,488.0,812.2,363.1,144.1,689.3,284.6,714.2,690.2,640.4,616.8,697.1,209.8,572.4,911.6,312.6,665.7,155.3,568.8,537.5,110.5,543.7,657.5,611.9,497.1,736.3,27.7,676.7,589.9,618.0,79.2,78.3,561.4,534.8,607.5,826.1,148.6,723.8,616.0,790.9,425.5,389.2,580.8,619.6,567.7
9,666.4,454.4,422.0,639.5,634.1,295.3,90.8,815.1,635.0,0.0,342.9,444.2,733.2,856.3,417.3,349.9,530.1,538.7,461.9,313.9,314.5,376.1,652.6,958.2,308.0,304.6,169.3,556.6,342.8,994.1,221.9,432.0,817.5,299.2,332.9,641.5,115.3,552.7,376.6,277.8,105.3,333.7,361.8,173.6,483.7,525.7,241.8,663.2,276.1,432.0,589.5,341.2,612.0,663.9,451.1,251.3,486.1,218.9,1003.6,331.7,208.2,727.0,889.9,955.8,802.7,1080.4,260.4,235.6,594.3,243.8,276.2,176.2,1065.0,840.0,306.2,521.3,928.0,622.6,303.6,243.2,647.3,670.8,883.7,292.6,590.4,263.0,945.4,960.8,1052.7,599.1,361.2,968.4,519.7,27.2,1002.7,444.1,185.2,368.4,708.8,376.1,761.0,501.9,994.1,899.8,895.6,877.6,632.6,274.4,626.6,86.9,239.2,298.3,341.0,425.7,889.9,826.2,269.6,403.5,805.9,1015.8,688.2,519.7,616.6,149.1,288.3,988.1,793.4,634.6,251.0,238.0,899.4,954.5,406.8,472.7,516.5,945.0,332.9,659.0,700.9,213.2,518.8,434.4,298.6,137.8,162.7,107.5,287.1,910.6,235.9,451.1,444.6,272.3,278.1,990.0,321.2,1022.2,623.4,844.2,960.4,530.5,475.9,593.5,497.6,965.2,386.5,955.8,677.4,272.7,333.1,205.4,722.3,998.3,317.6,656.2,30.7,705.9,994.7,284.4,649.1,353.5,376.6,328.2,923.0,933.7,635.5,115.3,1015.8,210.7,629.8,655.3,987.3,287.1,200.9,843.9,661.1,946.2,248.3,196.9,995.1,815.1,1006.7,158.7,993.6
10,936.1,666.5,764.9,587.9,532.2,82.1,433.7,658.5,533.1,342.9,0.0,782.1,631.3,699.7,262.7,692.8,364.8,383.3,360.3,516.1,149.8,87.0,563.0,801.6,353.9,379.5,230.4,454.7,301.2,667.0,321.8,756.2,490.4,427.2,185.8,460.8,458.2,450.8,124.4,95.7,322.8,128.4,361.7,355.3,303.0,369.0,309.4,606.4,619.0,330.4,487.9,684.1,284.9,574.3,386.9,594.2,305.7,448.2,901.7,334.9,308.1,625.4,733.3,628.7,646.1,978.5,532.7,154.9,492.4,307.4,433.0,241.9,908.4,512.9,141.5,733.4,600.9,441.9,518.7,343.1,595.7,490.1,556.6,507.7,271.4,182.3,788.8,804.2,725.6,418.4,704.1,641.3,363.0,370.1,900.8,263.7,481.9,468.3,606.9,87.0,659.1,321.2,837.5,743.2,568.5,721.0,530.7,443.4,525.0,429.8,582.1,133.6,90.5,768.6,733.3,669.6,532.5,222.8,478.8,859.2,361.1,363.0,600.4,411.9,373.6,831.5,466.3,533.0,300.2,157.3,742.8,797.9,369.8,292.0,335.8,788.4,82.4,478.3,599.3,313.1,338.4,777.3,426.6,480.7,398.3,450.4,122.4,754.0,341.2,386.9,768.8,269.2,383.2,833.4,421.1,920.3,521.5,517.1,803.8,331.3,472.3,412.8,396.0,638.1,349.5,628.7,350.3,192.0,92.0,305.3,581.4,792.6,519.8,475.5,373.6,604.3,838.1,119.7,559.5,10.6,124.4,87.1,766.4,606.6,533.6,458.2,859.2,213.2,528.2,553.4,830.7,122.4,433.7,516.8,559.2,619.1,167.6,399.1,893.2,658.5,829.0,214.8,759.7
11,428.5,151.6,241.4,446.2,597.8,730.9,411.2,906.9,544.9,444.2,782.1,0.0,713.2,934.4,617.3,94.3,718.1,982.9,539.0,511.8,758.7,820.3,459.3,1050.0,457.9,432.3,551.7,676.3,507.3,1178.1,666.1,251.4,1261.7,649.8,777.1,815.6,386.1,672.4,820.8,722.0,507.9,769.0,447.7,540.6,919.0,713.7,504.4,469.9,168.1,620.0,506.0,160.6,1056.2,470.6,495.2,192.9,685.4,344.3,967.3,473.6,628.3,560.7,981.7,1231.9,894.5,1044.1,288.4,679.8,714.0,506.4,360.8,540.2,1059.9,1284.2,750.4,328.0,1259.7,856.7,333.0,687.4,454.0,804.7,1304.0,322.0,1025.7,707.2,1037.2,1052.6,1147.7,908.6,83.0,1219.3,707.7,417.0,966.4,662.5,310.6,812.6,714.0,820.3,674.2,937.2,1085.9,991.6,1292.1,892.1,659.6,359.0,501.1,407.3,205.0,742.5,785.2,245.1,981.7,918.0,297.6,838.8,1250.1,1107.6,1132.4,707.7,423.3,388.7,439.2,1079.9,1237.6,492.1,513.6,682.2,991.2,1046.3,450.9,908.0,951.8,1036.8,777.1,792.9,534.6,657.4,744.5,9.8,649.2,363.8,402.3,378.3,731.3,1002.4,440.9,495.2,264.0,544.1,429.0,1081.8,765.4,985.9,587.1,1288.4,1052.2,965.8,920.1,880.8,574.7,1207.0,462.8,1231.9,1121.6,716.9,777.3,631.1,727.5,1090.1,569.3,830.3,413.5,539.6,1086.5,728.6,455.8,792.7,820.8,772.4,1014.8,1254.0,539.4,386.1,1107.6,654.9,465.7,619.0,1079.1,731.3,440.5,1288.1,666.3,1241.5,692.5,547.5,958.8,906.9,1098.5,602.9,1085.4
12,1141.7,597.6,864.0,307.2,115.4,575.0,816.3,313.9,195.5,733.2,631.3,713.2,0.0,304.2,368.9,791.9,335.3,774.0,290.8,1006.1,696.4,718.3,282.3,457.0,472.7,481.5,599.2,202.0,436.8,585.1,811.8,874.0,881.1,917.2,732.4,222.6,791.2,180.5,755.7,659.7,671.1,523.5,424.9,670.4,389.6,330.9,533.2,325.7,718.1,301.2,249.2,783.2,675.6,293.6,334.6,693.3,326.8,644.5,337.1,451.3,798.1,305.2,388.7,638.9,301.5,413.9,623.4,701.5,157.3,531.2,515.5,587.8,429.7,739.2,688.1,457.2,666.7,263.7,609.4,833.1,315.0,211.7,711.0,598.4,598.7,728.9,444.2,459.6,554.7,315.6,796.2,626.3,324.9,760.4,336.2,368.4,678.2,958.3,45.0,718.3,220.3,413.6,492.9,398.6,699.1,261.9,100.6,525.9,212.1,812.4,681.2,680.2,721.8,867.7,388.7,325.0,623.2,459.2,869.5,514.6,751.8,324.9,319.7,700.2,492.4,486.9,857.0,252.3,524.0,703.9,398.2,453.3,378.9,442.8,422.4,443.8,713.7,199.9,279.1,803.1,361.7,723.0,916.6,777.8,686.6,783.4,633.0,409.4,544.8,334.6,886.6,511.6,502.6,488.8,911.1,355.7,126.1,750.5,459.2,538.8,863.0,287.8,258.6,614.0,399.1,638.9,741.0,738.6,715.0,795.3,74.9,497.1,1009.8,237.3,763.9,284.1,493.5,635.7,278.8,641.9,755.7,710.1,421.8,661.0,196.0,791.2,514.6,716.2,247.5,125.2,486.1,633.0,722.0,750.8,72.1,648.5,714.2,889.1,328.6,313.9,505.5,717.8,492.4
13,1362.9,818.8,1010.2,528.4,350.3,643.4,947.1,107.8,401.1,856.3,699.7,934.4,304.2,0.0,492.0,938.1,458.4,818.5,437.0,1125.8,812.1,786.7,503.5,410.7,618.9,627.7,722.3,325.1,583.0,532.4,931.5,1020.2,852.7,1036.9,848.1,267.1,937.4,303.6,824.1,775.4,794.2,591.9,571.1,793.5,434.1,454.0,679.4,546.9,864.3,424.3,470.4,929.4,720.1,514.8,480.8,839.5,449.9,790.7,328.3,597.5,917.8,500.9,336.0,586.2,139.6,405.1,769.6,817.2,280.4,677.4,661.7,710.9,420.9,686.5,803.8,678.4,614.0,308.2,755.6,952.8,536.2,256.2,658.3,744.6,643.2,844.6,397.9,406.9,502.0,360.1,949.4,573.6,448.0,883.5,327.4,491.5,824.4,1034.8,327.0,786.7,360.5,458.1,440.2,345.9,646.4,108.3,288.5,672.1,433.3,943.2,827.4,795.9,790.2,1013.9,336.0,118.9,769.4,520.1,841.1,461.9,796.3,448.0,540.9,846.4,638.6,434.2,828.6,470.0,670.2,819.6,351.9,407.0,525.1,487.3,466.9,397.5,782.1,244.4,474.8,922.8,484.8,944.2,1036.3,924.0,832.8,929.6,748.7,356.7,691.0,480.8,1032.8,657.8,648.8,436.1,1030.8,346.9,361.0,697.8,406.5,583.3,907.5,332.3,404.8,561.3,545.3,586.2,785.5,854.3,791.7,915.0,281.3,444.4,1129.5,281.8,887.0,479.8,440.8,751.4,500.0,710.3,824.1,786.8,375.5,608.3,417.2,937.4,461.9,835.9,468.7,330.2,433.4,748.7,868.2,698.1,317.0,595.8,829.9,1008.8,319.8,107.8,452.8,837.5,439.7
14,1018.3,501.7,639.4,325.2,269.8,206.4,508.1,450.8,270.7,417.3,262.7,617.3,368.9,492.0,0.0,567.3,155.7,585.2,97.6,688.5,375.1,349.7,300.3,593.9,247.1,255.9,283.3,192.3,211.2,722.0,494.2,649.4,692.3,599.6,411.1,359.5,502.1,188.4,387.1,338.4,355.2,154.9,199.3,354.5,303.2,151.3,246.2,343.7,493.5,67.7,225.2,558.6,486.8,311.6,124.2,468.7,87.2,419.9,639.3,225.7,480.5,362.7,525.6,775.8,438.4,716.1,398.8,380.2,230.0,244.2,290.4,271.9,700.7,714.8,366.8,475.2,802.8,400.6,384.8,515.5,333.0,348.6,758.5,373.8,409.9,407.6,581.1,596.5,691.6,418.6,578.6,763.2,145.3,444.5,638.4,45.2,453.6,640.7,344.5,349.7,396.7,321.4,629.8,535.5,770.4,513.3,268.3,300.8,262.3,504.2,456.6,358.9,353.2,643.1,525.6,461.9,398.6,223.0,680.7,651.5,563.0,145.3,337.7,411.1,266.8,623.8,668.2,270.3,237.0,382.6,535.1,590.2,166.6,292.2,336.0,580.7,345.1,336.8,336.6,485.5,157.2,627.1,599.0,493.4,397.5,494.3,311.7,546.3,309.7,124.2,662.0,220.0,277.0,625.7,593.5,657.9,259.1,719.0,596.1,350.0,674.2,413.0,133.3,750.9,173.5,775.8,552.2,417.3,354.7,477.7,358.0,634.0,692.2,374.2,448.0,341.6,630.4,314.4,296.8,273.3,387.1,349.8,558.7,797.9,271.2,502.1,651.5,398.6,265.5,291.0,623.0,311.7,432.9,718.7,296.8,785.4,392.9,571.5,630.8,450.8,642.4,400.2,629.3
15,451.0,245.9,147.1,540.5,676.5,645.2,316.9,896.9,639.2,349.9,692.8,94.3,791.9,938.1,567.3,0.0,668.1,888.6,501.1,417.5,664.4,726.0,553.6,1040.0,386.9,375.1,467.8,638.4,442.0,1168.1,571.8,157.1,1167.4,555.5,682.8,805.6,291.8,634.5,726.5,627.7,421.0,683.6,393.5,453.7,833.6,663.7,432.2,564.2,73.8,570.0,598.8,66.3,961.9,564.9,457.3,98.6,635.4,250.0,1046.0,411.2,534.0,655.0,971.7,1221.9,884.5,1122.8,194.1,585.5,676.1,434.2,276.9,456.3,1138.6,1189.9,656.1,422.3,1249.7,846.7,238.7,593.1,548.3,794.7,1233.6,227.7,940.3,612.9,1027.2,1042.6,1137.7,898.6,11.3,1209.3,657.7,322.7,1045.1,612.5,216.3,718.3,790.6,726.0,768.5,851.8,1075.9,981.6,1245.5,959.4,714.4,275.1,595.4,313.0,110.7,648.2,690.9,150.8,971.7,908.0,203.3,753.4,1155.8,1097.6,1038.1,657.7,517.6,294.4,367.2,1069.9,1143.3,586.4,441.4,587.9,981.2,1036.3,413.0,822.6,866.4,1026.8,682.8,782.9,628.9,563.1,694.5,84.5,554.9,269.5,308.0,284.0,637.0,992.4,368.7,457.3,169.7,472.4,357.0,1071.8,671.1,1064.6,665.8,1194.1,1042.2,880.4,825.8,870.8,536.8,1197.0,412.8,1221.9,1027.3,622.6,683.0,536.8,804.1,1080.1,475.0,820.3,319.2,633.9,1076.5,634.3,550.1,703.4,726.5,678.1,1004.8,1244.0,633.7,291.8,1097.6,560.6,560.0,697.7,1069.1,637.0,346.2,1193.8,742.9,1231.5,598.2,453.2,1037.5,896.9,1088.5,508.6,1075.4
16,1119.1,602.5,740.2,348.8,236.2,308.5,620.9,417.2,237.1,530.1,364.8,718.1,335.3,458.4,155.7,668.1,0.0,554.9,179.1,790.6,477.2,451.8,323.9,560.3,347.9,356.7,396.1,158.7,312.0,688.4,596.3,750.2,662.0,701.7,513.2,325.9,614.9,154.8,489.2,440.5,468.0,257.0,300.1,467.3,272.9,4.4,359.0,367.3,594.3,98.1,290.8,659.4,456.5,335.2,222.9,569.5,89.9,520.7,605.7,326.5,582.6,386.3,492.0,742.2,404.8,682.5,499.6,482.3,196.4,357.0,391.2,384.7,667.1,684.5,468.9,498.8,770.0,367.0,485.6,617.6,356.6,315.0,728.2,474.6,379.6,509.7,547.5,562.9,658.0,388.3,679.4,729.6,10.4,557.3,604.8,110.5,554.4,742.8,310.9,451.8,363.1,291.1,596.2,501.9,740.1,479.7,234.7,401.6,253.7,617.0,557.4,461.0,455.3,743.9,492.0,428.3,499.4,192.7,650.4,617.9,532.7,10.4,361.3,523.9,367.6,590.2,637.9,293.9,349.8,484.7,501.5,556.6,267.2,261.9,305.7,547.1,447.2,303.2,360.2,587.6,26.4,727.9,701.1,606.2,510.3,607.1,413.8,512.7,420.0,222.9,762.8,332.8,377.8,592.1,695.6,624.3,225.5,688.7,562.5,319.7,643.9,382.7,146.9,717.3,274.3,742.2,521.9,519.4,456.8,579.8,324.4,600.4,794.3,340.6,560.8,365.2,596.8,416.5,320.4,375.4,489.2,451.9,525.1,764.3,237.6,614.9,617.9,500.7,289.1,257.4,589.4,413.8,545.7,688.4,263.2,751.8,495.0,673.6,597.2,417.2,608.8,502.3,595.7
17,970.0,867.7,865.2,834.9,722.3,465.4,629.5,777.3,723.2,538.7,383.3,982.9,774.0,818.5,585.2,888.6,554.9,0.0,665.2,517.4,486.7,347.7,810.0,920.4,719.9,716.5,537.2,644.8,684.5,565.3,316.8,835.6,388.7,568.2,522.7,579.6,654.0,640.9,402.8,432.6,518.6,477.2,745.0,586.9,420.2,559.1,653.6,853.4,814.8,584.2,776.9,868.6,138.8,821.3,709.0,790.0,519.4,646.4,1021.9,718.2,449.1,872.4,817.0,527.0,764.9,1006.1,730.9,491.8,682.5,655.6,689.5,548.7,929.3,411.2,478.4,934.6,499.2,560.7,716.9,295.5,842.7,608.9,454.9,705.9,175.3,519.2,907.6,765.5,623.9,537.2,899.9,539.6,553.1,565.9,1050.0,540.0,680.1,216.3,745.9,347.7,849.2,389.8,739.9,807.1,466.8,839.8,707.4,687.7,739.8,625.6,777.9,470.5,382.8,872.1,817.0,788.4,730.7,405.4,377.1,788.5,259.4,553.1,847.4,610.1,700.2,878.0,364.6,780.0,662.8,494.2,861.6,916.7,751.8,360.6,453.0,877.3,390.9,597.1,846.3,325.5,528.5,973.1,567.6,676.5,596.5,646.2,459.3,796.3,648.0,709.0,848.2,652.5,690.0,824.3,273.5,1003.3,711.6,415.4,850.3,235.2,89.0,531.6,633.0,536.4,732.8,527.0,248.6,528.9,428.9,446.3,700.2,690.9,459.9,594.3,569.4,851.3,789.6,456.6,806.5,372.7,402.8,424.0,863.9,504.9,723.7,654.0,788.5,475.8,775.2,743.5,851.6,459.3,631.9,415.1,735.9,517.4,504.5,540.1,1042.4,777.3,727.3,423.8,658.0
18,952.1,423.4,573.2,244.8,175.4,304.0,525.5,395.8,176.3,461.9,360.3,539.0,290.8,437.0,97.6,501.1,179.1,665.2,0.0,734.8,425.1,447.3,219.9,538.9,181.9,190.7,327.9,137.3,146.0,667.0,540.5,583.2,772.3,645.9,461.1,304.5,500.4,133.4,484.7,388.4,399.8,252.5,134.1,399.1,383.2,174.7,242.4,263.3,427.3,100.3,144.8,492.4,566.8,231.2,43.8,402.5,146.4,353.7,544.9,160.5,526.8,282.3,470.6,720.8,383.4,621.7,332.6,430.2,175.0,240.4,224.7,316.5,637.5,794.8,416.8,394.8,748.6,345.6,318.6,561.8,252.6,293.6,792.9,307.6,489.9,457.6,526.1,541.5,636.6,397.5,512.4,708.2,168.7,489.1,544.0,142.8,387.4,687.0,289.5,447.3,302.3,401.4,574.8,480.5,781.0,458.3,213.3,235.1,181.9,521.6,390.4,408.9,450.8,576.9,470.6,406.9,332.4,303.0,760.7,596.5,643.0,168.7,257.3,409.4,201.6,568.8,748.2,189.9,233.2,432.6,480.1,535.2,88.1,372.2,416.0,525.7,442.7,281.8,256.2,531.8,205.5,548.8,645.3,487.0,395.8,492.6,361.7,491.3,254.0,43.8,595.8,220.8,211.8,570.7,639.8,563.5,164.7,799.0,541.1,430.0,754.2,369.7,35.7,695.9,108.3,720.8,632.2,467.3,443.7,524.0,303.0,579.0,738.5,319.2,492.6,261.2,575.4,364.4,216.4,370.9,484.7,438.8,503.7,742.9,176.8,500.4,596.5,444.9,185.1,196.6,568.0,361.7,431.2,798.7,241.8,730.4,442.9,617.8,536.4,395.8,587.4,446.5,574.3
19,452.6,663.4,347.8,926.8,907.0,504.0,311.1,1084.6,907.9,313.9,516.1,511.8,1006.1,1125.8,688.5,417.5,790.6,517.4,734.8,0.0,457.1,518.7,937.5,1227.7,597.4,594.0,414.7,829.5,624.8,1082.7,340.3,318.2,906.1,229.5,475.5,886.9,335.6,825.6,519.2,420.4,396.1,576.1,651.2,464.4,729.1,794.8,531.1,950.5,416.3,704.9,862.4,351.2,656.2,948.8,737.7,441.1,731.5,439.2,1276.5,621.0,208.0,999.9,1159.4,1044.4,1072.2,1353.3,480.7,378.2,867.2,533.1,563.5,426.2,1334.5,928.6,448.8,808.6,1016.6,868.0,525.3,361.6,934.6,916.2,972.3,514.3,692.7,405.6,1214.9,1230.3,1141.3,844.5,428.8,1057.0,788.8,286.7,1275.6,689.5,405.5,486.8,981.7,518.7,1033.9,747.3,1257.3,1169.3,984.2,1147.1,905.5,561.7,899.5,307.2,453.2,440.9,483.6,354.7,1159.4,1095.7,489.9,648.9,894.5,1285.3,776.8,788.8,903.9,369.4,577.7,1257.6,882.0,907.5,540.3,380.6,1168.9,1224.0,693.4,718.1,761.9,1214.5,475.5,904.4,973.8,331.6,764.2,502.0,228.9,358.1,383.0,327.8,429.7,1180.1,525.5,737.7,330.8,551.6,567.5,1259.5,439.6,1295.1,896.3,932.8,1229.9,752.6,511.2,838.9,770.5,1053.8,673.1,1044.4,766.0,415.3,475.7,210.8,995.2,1208.3,57.5,901.6,283.2,978.8,1264.2,427.0,934.0,505.5,519.2,470.8,1192.5,1022.3,908.4,335.6,1285.3,353.3,902.7,928.2,1256.8,429.7,421.2,932.5,934.0,1034.8,390.9,117.0,1268.0,1084.6,1244.7,301.3,1175.4
20,877.1,643.5,726.8,652.7,597.3,168.7,405.3,770.9,598.2,314.5,149.8,758.7,696.4,812.1,375.1,664.4,477.2,486.7,425.1,457.1,0.0,152.4,627.8,914.0,367.8,393.4,228.6,519.8,315.1,770.4,262.8,697.2,593.8,368.2,36.0,573.2,429.8,515.9,152.9,54.1,294.4,240.8,375.6,353.5,415.4,481.4,323.3,671.2,590.6,395.2,552.7,655.7,388.3,639.1,428.0,565.8,418.1,422.2,966.8,348.8,249.1,690.2,845.7,732.1,758.5,1043.6,506.7,95.9,557.5,321.3,431.2,240.1,1020.8,616.3,8.3,710.4,704.3,554.3,492.7,284.1,660.5,602.5,660.0,481.7,374.8,105.9,901.2,916.6,829.0,530.8,675.7,744.7,475.4,341.7,965.9,376.1,455.9,409.3,672.0,152.4,724.2,433.6,945.0,855.6,671.9,833.4,595.8,441.6,589.8,401.4,553.7,16.2,117.3,733.7,845.7,782.0,506.5,335.2,582.2,971.6,464.5,475.4,665.2,385.9,387.5,943.9,569.7,597.8,314.1,98.3,855.2,910.3,383.7,404.4,448.2,900.8,109.2,590.7,664.1,254.1,450.8,748.9,367.6,452.3,372.3,422.0,63.4,866.4,339.4,428.0,709.8,283.1,381.4,945.8,362.1,985.4,586.6,620.5,916.2,434.7,516.8,525.2,460.8,741.5,363.4,732.1,453.7,96.2,109.4,246.3,685.5,896.0,460.8,587.9,345.2,669.1,950.5,60.7,624.3,139.2,152.9,104.5,878.8,710.0,598.7,429.8,971.6,154.2,593.0,618.5,943.1,63.4,407.7,620.2,624.3,722.5,108.6,340.1,958.3,770.9,932.4,155.8,863.1
21,938.7,705.1,788.4,674.9,619.2,169.1,466.9,745.5,620.1,376.1,87.0,820.3,718.3,786.7,349.7,726.0,451.8,347.7,447.3,518.7,152.4,0.0,650.0,888.6,429.4,455.0,290.2,541.7,376.7,631.4,324.4,758.8,454.8,429.8,188.4,547.8,491.4,537.8,55.1,98.3,356.0,215.4,437.2,415.1,390.0,456.0,384.9,693.4,652.2,417.4,574.9,717.3,249.3,661.3,473.9,627.4,392.7,483.8,988.7,410.4,310.7,712.4,820.3,593.1,733.1,1065.5,568.3,157.5,579.4,382.9,492.8,301.7,995.4,477.3,144.1,772.0,565.3,528.9,554.3,345.7,682.7,577.1,521.0,543.3,235.8,184.9,875.8,831.6,690.0,505.4,737.3,605.7,450.0,403.3,987.8,350.7,517.5,470.9,693.9,0.0,746.1,408.2,806.0,830.2,532.9,808.0,617.7,503.2,612.0,463.0,615.3,136.2,35.1,795.3,820.3,756.6,568.1,309.8,443.2,854.6,325.5,450.0,687.4,447.5,449.1,918.5,430.7,620.0,375.7,159.9,829.8,884.9,445.3,379.0,422.8,875.4,43.2,565.3,686.3,315.7,425.4,810.5,429.2,513.9,433.9,483.6,125.0,841.0,401.0,473.9,771.4,344.7,443.0,890.4,423.7,1007.3,608.5,481.5,890.8,295.7,436.7,499.8,483.0,602.5,425.0,593.1,314.7,194.6,94.6,307.9,668.4,757.0,522.4,562.5,406.8,691.3,855.7,122.3,646.5,76.4,55.1,89.7,853.4,571.0,620.6,491.4,854.6,215.8,615.2,640.4,917.7,125.0,469.3,481.2,646.2,583.5,170.2,401.7,980.2,745.5,793.4,217.4,724.1
22,887.8,343.7,700.7,53.3,166.9,506.7,686.6,476.0,114.0,652.6,563.0,459.3,282.3,503.5,300.3,553.6,323.9,810.0,219.9,937.5,627.8,650.0,0.0,619.1,365.4,363.6,530.6,279.0,329.5,747.2,743.2,710.7,917.1,848.6,663.8,384.7,661.5,275.1,687.4,591.1,590.5,455.2,307.0,601.8,528.0,319.5,425.9,71.8,579.5,289.8,75.1,619.9,711.6,11.3,216.6,554.7,315.4,505.9,536.4,344.0,729.5,153.6,550.8,801.0,463.6,613.2,484.8,632.9,285.4,423.9,397.5,519.2,629.0,901.3,619.5,203.3,828.8,425.8,470.8,764.5,61.1,373.8,873.1,459.8,634.7,660.3,606.3,621.7,716.8,477.7,542.3,788.4,313.5,679.8,535.5,345.5,539.6,889.7,283.1,650.0,243.3,546.2,655.0,560.7,861.2,461.2,228.7,407.9,70.2,682.7,542.6,611.6,653.5,704.4,550.8,487.1,484.6,447.8,905.5,676.7,787.8,313.5,65.8,572.8,379.9,649.0,893.0,61.2,416.7,635.3,560.3,615.4,260.9,517.0,560.8,605.9,645.4,362.0,127.5,734.5,350.3,469.1,848.0,639.2,559.2,653.7,564.4,571.5,432.3,216.6,723.3,404.3,390.1,650.9,842.5,555.0,156.2,912.6,621.3,574.8,899.0,449.9,230.9,776.1,281.2,801.0,777.0,670.0,646.4,726.7,296.6,659.2,941.2,399.4,683.3,132.5,655.6,567.1,3.5,573.6,687.4,641.5,583.9,823.1,108.5,661.5,676.7,647.6,34.8,188.1,648.2,564.4,594.6,912.9,235.4,810.6,645.6,820.5,527.9,476.0,667.6,649.2,654.5
23,1478.5,934.4,1112.1,644.0,452.2,745.3,1049.0,369.5,532.3,958.2,801.6,1050.0,457.0,410.7,593.9,1040.0,560.3,920.4,538.9,1227.7,914.0,888.6,619.1,0.0,720.8,729.6,824.2,427.0,684.9,358.2,1033.4,1122.1,678.5,1138.8,950.0,369.0,1039.3,405.5,926.0,877.3,896.1,693.8,673.0,895.4,536.0,555.9,781.3,662.5,966.2,526.2,586.0,1031.3,822.0,630.4,582.7,941.4,551.8,892.6,499.7,699.4,1019.7,681.5,176.7,412.0,325.5,483.9,871.5,919.1,382.3,779.3,763.6,812.8,407.1,512.3,905.7,794.0,439.8,410.1,857.5,1054.7,651.8,358.1,484.1,846.5,745.1,946.5,82.0,190.0,327.8,462.0,1051.3,399.4,549.9,985.4,549.8,593.4,926.3,1136.7,428.9,888.6,642.3,560.0,191.3,186.6,472.2,432.0,390.4,774.0,548.9,1045.1,929.3,897.8,892.1,1115.8,176.7,380.6,871.3,622.0,666.9,171.2,679.6,549.9,656.5,948.3,740.5,127.3,654.4,589.1,772.1,921.5,93.6,3.7,627.0,589.2,568.8,81.6,884.0,346.3,655.4,1024.7,586.7,1059.8,1138.2,1025.9,934.7,1031.5,850.6,197.4,792.9,582.7,1134.7,759.7,750.7,129.2,1132.7,481.1,462.9,523.6,99.6,685.2,1009.4,434.2,506.7,387.1,647.2,412.0,690.4,956.2,893.6,1016.9,383.2,232.6,1231.4,383.7,988.9,660.4,133.9,853.3,615.6,812.2,926.0,888.7,59.6,434.1,532.8,1039.3,171.2,937.8,584.3,548.6,329.4,850.6,970.1,523.9,418.9,421.6,931.8,1110.7,542.2,369.5,203.9,939.4,265.5
24,837.9,342.3,459.0,390.3,357.3,276.3,349.3,577.7,358.2,308.0,353.9,457.9,472.7,618.9,247.1,386.9,347.9,719.9,181.9,597.4,367.8,429.4,365.4,720.8,0.0,25.6,182.9,319.2,55.1,848.9,403.1,469.0,844.3,508.5,403.8,486.4,324.2,315.3,429.9,331.1,245.9,314.4,58.8,254.0,464.4,343.5,105.7,408.8,313.1,249.8,290.3,378.2,638.8,376.7,148.8,288.3,315.2,239.5,726.8,24.3,389.4,427.8,652.5,902.7,565.3,803.6,218.4,332.4,356.9,103.7,110.0,171.4,819.4,866.8,359.5,409.2,930.5,527.5,204.4,424.4,398.1,475.5,910.5,193.4,571.1,359.8,708.0,723.4,818.5,579.4,398.2,890.1,337.5,335.2,725.9,292.3,273.2,549.6,471.4,429.4,484.2,482.6,756.7,662.4,922.4,640.2,395.2,120.4,327.4,345.4,276.2,351.6,394.3,462.7,652.5,588.8,218.2,384.2,832.7,778.4,715.0,337.5,402.8,233.2,19.7,750.7,820.2,335.4,96.5,334.8,662.0,717.1,104.5,453.4,497.2,707.6,386.2,463.7,401.7,394.4,374.3,467.7,507.9,315.5,219.6,316.4,304.4,673.2,72.1,148.8,481.6,86.3,29.9,752.6,502.4,745.4,346.6,871.0,723.0,511.2,657.1,551.6,217.6,877.8,84.2,902.7,704.2,369.5,386.4,386.6,484.9,760.9,601.1,501.1,338.7,406.7,757.3,307.1,361.9,364.5,429.9,381.5,685.6,924.8,358.7,324.2,778.4,307.5,330.6,378.5,749.9,304.4,255.0,870.7,423.7,912.3,345.1,480.4,718.3,577.7,769.3,309.1,756.2
25,826.1,316.7,447.2,388.5,366.1,301.9,345.9,586.5,367.0,304.6,379.5,432.3,481.5,627.7,255.9,375.1,356.7,716.5,190.7,594.0,393.4,455.0,363.6,729.6,25.6,0.0,179.5,328.0,80.7,857.7,399.7,457.2,869.9,505.1,426.3,495.2,320.8,324.1,455.5,356.7,242.5,340.0,57.2,250.6,490.0,352.3,120.3,407.0,301.3,258.6,288.5,366.4,664.4,374.9,147.0,276.5,324.0,227.7,735.6,49.9,386.0,426.0,661.3,911.5,574.1,812.4,206.6,329.0,365.7,122.3,98.2,168.0,828.2,892.4,385.1,383.6,939.3,536.3,192.6,421.0,396.3,484.3,936.1,181.6,596.7,356.4,716.8,732.2,827.3,588.2,386.4,898.9,346.3,331.8,734.7,301.1,261.4,546.2,480.2,455.0,493.0,508.2,765.5,671.2,948.0,649.0,404.0,108.6,325.6,342.0,264.4,377.2,419.9,450.9,661.3,597.6,206.4,409.8,858.3,787.2,740.6,346.3,401.0,229.8,16.3,759.5,845.8,333.6,122.1,331.4,670.8,725.9,102.7,479.0,522.8,716.4,411.8,472.5,399.9,391.0,383.1,442.1,504.5,312.1,216.2,313.0,330.0,682.0,68.7,147.0,469.8,111.9,26.5,761.4,499.0,754.2,355.4,896.6,731.8,536.8,653.7,560.4,226.4,886.6,83.0,911.5,729.8,366.1,412.0,383.2,493.7,769.7,597.7,509.9,335.3,404.9,766.1,332.7,360.1,390.1,455.5,407.1,694.4,933.6,363.9,320.8,787.2,304.1,328.8,387.3,758.7,330.0,251.6,896.3,432.5,921.1,341.7,477.0,727.1,586.5,778.1,305.7,765.0
26,810.3,436.1,539.9,555.5,500.1,182.8,260.1,681.1,501.0,169.3,230.4,551.7,599.2,722.3,283.3,467.8,396.1,537.2,327.9,414.7,228.6,290.2,530.6,824.2,182.9,179.5,0.0,422.6,213.1,897.4,220.4,549.9,720.8,325.8,247.0,528.7,272.5,418.7,290.7,191.9,125.6,220.9,236.7,124.9,370.9,391.7,116.7,574.0,394.0,298.0,455.5,459.1,515.3,541.9,326.0,369.2,360.0,217.8,869.6,206.6,206.7,593.0,755.9,859.1,668.7,946.4,302.3,149.7,460.3,118.7,202.6,11.5,931.0,743.3,220.3,503.0,831.3,509.8,288.3,241.7,563.3,558.0,787.0,277.3,477.6,177.1,811.4,826.8,921.9,486.3,479.1,871.7,385.7,196.5,868.7,318.0,251.5,366.9,574.8,290.2,627.0,389.1,860.1,765.8,798.9,743.6,498.6,213.0,492.6,256.2,357.1,212.4,255.1,543.6,755.9,692.2,302.1,290.7,709.2,881.8,591.5,385.7,568.0,181.5,163.2,854.1,696.7,500.6,125.9,152.1,765.4,820.5,281.7,359.9,403.7,811.0,247.0,546.2,566.9,211.7,392.7,552.3,325.2,263.8,167.9,264.7,179.8,776.6,110.8,326.0,562.5,138.3,153.0,856.0,319.7,888.2,489.4,747.5,826.4,417.7,474.4,480.7,363.6,868.5,261.4,859.1,580.7,186.8,247.2,203.9,588.3,864.3,418.4,543.4,200.0,571.9,860.7,182.5,527.1,241.0,290.7,242.3,789.0,837.0,501.5,272.5,881.8,124.8,495.8,521.3,853.3,179.8,203.3,747.2,527.1,849.5,162.4,297.7,861.1,681.1,872.7,126.4,859.6
27,1089.4,560.7,710.5,303.9,163.2,398.4,647.4,283.9,192.2,556.6,454.7,676.3,202.0,325.1,192.3,638.4,158.7,644.8,137.3,829.5,519.8,541.7,279.0,427.0,319.2,328.0,422.6,0.0,283.3,555.1,635.2,720.5,751.9,740.6,555.8,192.6,637.7,21.5,579.1,483.1,494.5,346.9,271.4,493.8,359.6,154.3,379.7,322.4,564.6,124.6,245.9,629.7,546.4,290.3,181.1,539.8,150.2,491.0,539.1,297.8,621.5,341.4,358.7,608.9,271.5,610.6,469.9,524.9,63.1,377.7,362.0,411.2,533.8,709.2,511.5,453.9,636.7,233.7,455.9,656.5,311.7,181.7,681.0,444.9,469.5,552.3,414.2,429.6,524.7,285.6,649.7,596.3,148.3,583.8,538.2,191.8,524.7,781.7,177.6,541.7,318.2,381.0,462.9,368.6,669.1,346.4,101.4,372.4,208.8,643.5,527.7,503.6,545.2,714.2,358.7,295.0,469.7,282.6,740.3,484.6,622.6,148.3,316.4,546.7,338.9,456.9,727.8,249.0,370.5,527.3,368.2,423.3,225.4,351.8,392.4,413.8,537.1,169.9,315.3,626.5,185.1,686.1,740.0,624.3,533.1,629.9,456.4,379.4,391.3,181.1,733.1,358.1,349.1,458.8,734.5,557.7,173.9,720.5,429.2,409.6,733.8,257.8,105.1,584.0,245.6,608.9,611.8,562.0,538.4,618.7,191.1,467.1,833.2,207.3,587.3,320.3,463.5,459.1,275.5,465.3,579.1,533.5,391.8,631.0,192.7,637.7,484.6,539.6,244.2,212.5,456.1,456.4,568.5,720.8,129.9,618.5,537.6,712.5,530.6,283.9,475.5,541.2,462.4
28,893.0,391.7,514.1,354.4,321.4,223.6,384.1,541.8,322.3,342.8,301.2,507.3,436.8,583.0,211.2,442.0,312.0,684.5,146.0,624.8,315.1,376.7,329.5,684.9,55.1,80.7,213.1,283.3,0.0,813.0,430.5,524.1,791.6,535.9,351.1,450.5,359.0,279.4,377.2,278.4,280.7,261.7,60.5,284.3,411.7,307.6,101.0,372.9,368.2,213.9,254.4,433.3,586.1,340.8,112.9,343.4,279.3,294.6,690.9,33.7,416.8,391.9,616.6,866.8,529.4,767.7,273.5,320.2,321.0,99.0,165.1,201.7,783.5,814.1,306.8,458.6,894.6,491.6,259.5,451.8,362.2,439.6,857.8,248.5,518.4,347.6,672.1,687.5,782.6,527.1,453.3,854.2,301.6,370.0,690.0,256.4,328.3,577.0,435.5,376.7,448.3,429.9,720.8,626.5,869.7,604.3,359.3,175.5,291.5,380.2,331.3,298.9,341.6,517.8,616.6,552.9,273.3,331.5,780.0,742.5,662.3,301.6,366.9,268.0,74.8,714.8,767.5,299.5,91.8,322.6,626.1,681.2,68.6,400.7,444.5,671.7,333.5,427.8,365.8,421.8,338.4,517.1,535.3,350.3,254.4,351.2,251.7,637.3,127.2,112.9,536.7,74.8,85.0,716.7,529.8,709.5,310.7,818.3,687.1,458.5,684.5,515.7,181.7,841.9,48.3,866.8,651.5,357.3,333.7,414.0,449.0,725.0,628.5,465.2,373.5,370.8,721.4,254.4,326.0,311.8,377.2,328.8,649.7,888.9,322.8,359.0,742.5,334.9,294.7,342.6,714.0,251.7,289.8,818.0,387.8,876.4,332.9,507.8,682.4,541.8,733.4,336.5,720.3
29,1535.3,1062.5,1240.2,772.1,580.3,749.1,1084.9,491.2,660.4,994.1,667.0,1178.1,585.1,532.4,722.0,1168.1,688.4,565.3,667.0,1082.7,770.4,631.4,747.2,358.2,848.9,857.7,897.4,555.1,813.0,0.0,882.1,1250.2,320.3,1047.8,806.4,497.1,1109.4,533.6,686.5,716.3,974.0,760.9,801.1,1022.3,664.1,684.0,909.4,790.6,1094.3,654.3,714.1,1159.4,466.9,758.5,710.8,1069.5,679.9,1020.7,456.6,827.5,928.7,809.6,251.7,53.8,447.2,440.8,999.6,775.5,510.4,907.4,891.7,908.9,364.0,154.1,762.1,922.1,81.6,538.2,985.6,860.8,779.9,486.2,125.9,974.6,459.0,802.9,345.4,200.2,58.6,590.1,1179.4,41.2,678.0,1021.3,506.7,721.5,1054.4,781.6,557.0,631.4,770.4,673.5,174.6,241.8,114.0,553.7,518.5,902.1,677.0,1081.0,1057.4,754.2,666.5,1243.9,251.7,502.3,999.4,689.1,308.7,223.2,321.4,678.0,784.6,1065.5,868.6,312.7,296.2,717.2,900.2,777.9,357.0,354.5,755.1,644.3,696.9,312.0,674.6,474.4,783.5,890.8,714.8,1187.9,1047.2,1131.9,1051.9,1101.6,743.0,231.0,921.0,710.8,1262.8,887.8,878.8,259.0,838.8,438.0,591.0,165.4,285.0,518.9,654.3,562.3,634.8,28.9,775.3,53.8,332.2,812.6,712.6,925.9,511.3,125.6,1025.2,511.8,1024.8,788.5,224.3,740.3,743.7,656.4,686.5,707.7,298.6,75.9,660.9,1109.4,223.2,833.8,712.4,676.7,286.3,743.0,1087.3,165.7,547.0,63.4,788.2,1019.7,499.1,491.2,162.0,835.4,92.7
30,781.9,550.9,631.6,736.0,712.7,309.7,312.7,890.3,713.6,221.9,321.8,666.1,811.8,931.5,494.2,571.8,596.3,316.8,540.5,340.3,262.8,324.4,743.2,1033.4,403.1,399.7,220.4,635.2,430.5,882.1,0.0,602.0,705.5,251.4,281.2,692.6,337.2,631.3,324.9,226.1,201.8,381.8,456.9,270.1,534.8,600.5,336.8,759.7,498.0,510.6,668.1,563.1,455.6,754.5,543.4,473.2,537.2,329.6,1082.2,426.7,132.3,805.6,965.1,843.8,877.9,1159.0,414.1,183.9,672.9,338.8,372.7,231.9,1140.2,728.0,254.5,617.8,816.0,673.7,400.1,21.3,743.8,721.9,771.7,389.1,492.1,211.3,1020.6,1036.0,940.7,650.2,583.1,856.4,594.5,249.1,1081.3,495.2,363.3,146.5,787.4,324.4,839.6,553.0,1056.7,975.0,783.6,952.8,711.2,370.9,705.2,308.8,461.1,246.6,289.3,638.5,965.1,901.4,413.9,454.6,693.9,1091.0,576.2,594.5,713.1,293.3,383.4,1063.3,681.4,713.2,346.0,186.3,974.6,1029.7,499.1,523.8,567.6,1020.2,281.2,710.1,779.5,8.7,569.9,656.3,250.8,359.7,279.7,329.4,235.4,985.8,331.2,543.4,614.6,357.3,373.2,1065.2,99.3,1100.8,702.0,732.2,1035.6,552.0,254.0,644.6,576.2,853.2,478.8,843.8,565.4,221.0,281.4,129.5,800.9,1007.7,344.0,707.3,252.6,784.5,1069.9,232.7,739.7,311.2,324.9,276.5,998.2,821.7,714.1,337.2,1091.0,159.0,708.4,733.9,1062.5,235.4,315.1,731.9,739.7,834.2,196.6,223.3,1073.7,890.3,1044.1,107.0,974.8
