,0,1,2,3,4,5,6,7,8,9,10,11,12,13,14,15,16,17,18,19,20,21,22,23,24,25,26,27,28,29,30,31,32,33,34,35,36,37,38,39,40,41,42,43,44,45,46,47,48,49,50,51,52,53,54,55,56,57,58,59,60,61,62,63,64,65,66,67,68,69,70,71,72,73,74,75,76,77,78,79,80,81,82,83,84,85,86,87,88,89,90,91,92,93,94,95,96,97,98,99,100,101,102,103,104,105,106,107,108,109,110,111,112,113,114,115,116,117,118,119,120,121,122,123,124,125,126,127,128,129,130,131,132,133,134,135,136,137,138,139,140,141,142,143,144,145,146,147,148,149,150,151,152,153,154,155,156,157,158,159,160,161,162,163,164,165,166,167,168,169,170,171,172,173,174,175,176,177,178,179,180,181,182,183,184,185,186,187,188,189,190,191,192,193,194,195,196,197,198,199,200,201,202
0,0.0,993.1,670.8,997.5,1004.5,1559.4,424.1,698.1,989.2,727.9,938.7,825.0,1054.8,787.6,1180.4,537.8,660.6,986.1,893.7,1385.6,828.6,832.4,1113.3,1209.5,1465.3,913.0,1454.0,1525.9,1362.7,1133.0,1301.1,1453.6,1514.0,868.8,1357.9,1426.9,790.8,1122.1,807.8,1018.3,1490.8,852.8,1145.5,553.3,844.3,1209.4,1152.8,823.3,766.7,659.4,966.9,1474.8,668.5,1099.2,745.3,973.8,1250.0,844.3,671.8,1134.9,1525.8,653.5,1464.0,1036.0,1480.7,924.0,1314.2,904.6,439.5,682.1,1051.2,1150.7,895.5,1145.5,1362.9,691.5,1142.5,848.0,1301.1,607.8,484.6,1423.1,1171.6,1107.7,1144.6,827.1,1369.4,854.3,459.5,1134.9,1117.4,620.4,1048.9,964.8,1505.5,1446.6,998.9,996.6,569.6,879.3,618.0,955.9,504.4,1038.9,889.1,1044.8,504.4,1220.1,1221.4,763.3,760.7,712.8,612.7,893.0,844.5,824.5,929.6,1075.2,824.5,1128.4,428.3,781.1,684.0,1459.8,636.3,578.9,650.2,773.8,989.2,1330.8,787.8,1372.5,1144.8,1366.8,1124.7,1083.2,1112.4,1153.6,874.7,1472.3,671.0,532.1,711.5,1184.8,1536.1,667.3,656.3,929.7,931.8,1145.4,663.6,1106.0,891.7,658.4,1354.9,773.3,905.4,834.3,1443.3,934.5,1385.4,607.8,1097.8,930.2,612.7,596.2,1426.7,1369.9,1016.6,1064.4,698.1,810.4,937.5,919.7,903.9,1065.9,1490.8,1064.4,676.3,733.8,973.8,943.9,1245.8,722.8,1443.8,1181.4,580.1,765.1,983.7,1308.8,1047.4,856.3,1000.4,539.2,1222.9,1191.0,771.7,843.4,1021.0,1107.5,796.0,721.3,1513.9
1,993.1,0.0,497.3,550.6,525.9,725.4,719.8,430.4,510.6,427.6,258.7,359.3,389.0,368.3,201.6,606.1,389.5,160.7,454.1,551.6,164.5,366.7,300.4,230.7,631.3,156.1,620.0,691.9,539.0,154.2,568.0,629.9,680.0,275.8,534.2,592.9,412.1,298.4,238.8,160.0,656.8,504.1,166.7,644.4,326.6,385.7,174.0,247.1,421.4,487.5,269.1,640.8,647.6,347.9,450.8,355.1,584.2,326.6,498.3,328.5,691.8,549.1,630.0,383.9,646.7,115.4,480.2,272.6,763.1,508.6,172.7,157.6,320.1,166.7,542.6,437.0,435.2,359.2,568.0,468.1,718.0,589.1,505.8,190.3,253.3,318.1,545.7,543.6,684.4,328.5,194.8,429.7,146.4,213.5,734.2,612.6,552.0,163.8,480.5,247.3,698.1,577.2,698.2,380.0,181.4,213.8,698.2,241.3,321.2,384.6,269.8,431.1,480.5,266.8,327.3,315.5,550.9,371.9,315.5,462.6,715.6,562.5,463.3,625.8,413.8,623.7,399.9,256.7,542.3,496.8,322.1,548.8,166.0,532.8,145.9,276.8,306.0,244.3,473.1,806.5,472.9,623.2,604.6,213.1,702.1,476.6,487.6,86.0,325.0,166.8,442.9,127.2,323.9,360.1,520.9,307.6,526.7,385.7,609.3,385.2,561.7,468.1,180.4,551.5,480.5,687.3,760.9,535.9,92.5,157.2,430.4,377.3,382.2,276.6,200.0,381.2,656.8,157.2,470.6,582.3,355.1,565.2,305.4,479.8,609.8,216.5,658.5,265.4,255.8,474.8,54.3,477.6,397.5,510.9,244.1,212.2,332.0,624.8,202.9,328.2,520.1,309.2,679.9
2,670.8,497.3,0.0,467.7,915.0,1208.4,571.1,319.6,899.7,466.8,418.5,304.8,835.3,469.5,684.6,457.4,107.8,465.9,843.2,1034.6,332.8,312.2,593.1,713.7,1114.3,417.2,1103.0,1169.4,863.9,637.2,1051.0,954.8,1129.1,348.6,859.1,1075.9,249.0,623.3,287.6,588.3,1139.8,808.2,664.0,265.1,536.8,710.6,657.0,303.1,388.2,468.3,649.4,1123.8,380.3,794.2,366.8,732.1,1030.5,536.8,37.0,774.8,1174.8,535.6,1113.0,622.9,1129.7,403.8,963.2,384.4,649.5,11.3,634.9,654.9,375.3,664.0,1025.6,313.0,881.5,391.5,1051.0,146.5,694.6,1072.1,952.1,687.6,640.2,306.9,870.6,490.3,535.7,774.8,692.1,67.6,574.7,590.5,1217.2,1095.6,499.8,476.4,101.2,359.1,329.8,414.1,684.7,625.8,393.3,660.1,684.7,724.3,804.2,221.5,240.5,411.9,134.1,524.6,551.0,304.3,387.8,818.2,304.3,908.9,566.9,736.5,305.5,1108.8,83.5,610.2,97.4,253.6,476.0,979.8,267.6,873.7,649.0,1015.8,628.9,723.1,752.3,649.2,830.1,1252.8,383.2,243.9,423.3,680.4,1185.1,379.5,368.5,433.9,635.1,664.1,285.1,610.2,371.5,279.9,1003.9,253.1,363.6,567.6,1092.3,762.2,886.6,146.5,677.7,388.4,134.1,308.0,1207.2,1018.9,520.8,590.2,319.6,466.8,759.2,399.5,416.6,827.5,1139.8,590.2,451.4,419.2,732.1,402.1,788.4,466.3,1092.8,677.0,645.0,244.9,666.2,957.8,551.6,314.5,587.3,131.6,727.1,695.2,295.9,798.8,604.7,653.1,357.0,201.1,1129.2
3,997.5,550.6,467.7,0.0,1010.4,888.7,826.3,544.7,995.1,600.3,470.4,438.3,863.4,603.0,600.2,712.6,359.9,556.0,938.6,950.2,466.3,445.7,282.4,629.3,1000.0,550.7,916.2,820.9,515.4,396.4,966.6,606.3,780.6,482.1,510.6,991.5,218.7,274.8,421.1,707.9,1025.5,941.7,651.2,444.2,670.3,362.1,376.6,436.6,535.7,601.8,773.1,1039.4,329.0,819.0,565.1,865.6,993.7,670.3,468.7,813.0,901.5,669.1,1028.6,188.7,973.0,537.3,878.8,517.9,883.1,479.0,677.3,642.1,508.8,651.2,941.2,551.3,868.6,525.0,966.6,484.5,838.0,987.7,904.7,674.8,297.3,440.4,522.1,143.2,790.9,813.0,679.3,400.1,677.3,724.0,1034.9,983.3,42.8,581.3,450.9,492.6,379.5,96.4,818.2,191.6,526.8,698.3,818.2,639.9,719.8,246.2,374.0,545.4,483.8,658.1,684.5,437.8,119.1,843.0,437.8,947.1,822.1,870.0,560.7,926.5,384.2,743.7,370.3,387.1,8.3,895.4,401.1,525.2,564.6,931.4,494.3,761.3,790.5,306.3,957.6,1128.5,587.2,465.4,286.0,337.5,911.2,590.9,601.9,567.4,768.6,651.3,540.3,423.4,505.0,457.5,919.5,386.6,115.2,701.1,984.0,895.7,538.1,484.5,664.9,119.7,483.8,401.3,1113.7,934.5,640.4,661.8,544.7,600.3,892.7,506.0,550.1,852.3,1025.5,661.8,584.9,263.7,865.6,142.6,704.0,599.8,1008.4,334.1,778.5,378.4,759.8,873.4,538.8,153.2,153.1,481.3,642.7,610.8,429.4,932.3,706.9,260.2,229.9,334.6,780.7
4,1004.5,525.9,915.0,1010.4,0.0,777.7,643.4,694.4,15.3,475.2,727.7,777.0,273.1,466.7,545.5,664.8,807.2,629.7,174.8,603.9,582.2,784.4,760.2,551.4,683.6,501.1,672.3,744.2,998.8,614.0,454.4,922.1,732.3,697.2,994.0,645.2,829.8,758.2,660.1,378.0,709.1,151.7,428.0,1062.1,403.9,845.5,633.8,668.5,685.4,543.2,312.4,693.1,1065.3,317.5,714.8,192.1,403.3,403.9,916.0,370.9,744.1,424.3,682.3,843.7,699.0,584.4,532.5,733.0,565.0,926.3,357.9,437.1,741.5,428.0,516.2,701.0,341.3,590.5,454.4,865.7,519.9,641.4,333.0,390.2,713.1,739.5,990.8,1003.4,678.8,370.9,399.9,847.4,408.6,324.5,658.8,664.9,1011.8,632.8,898.2,707.7,1115.8,994.9,500.1,839.8,521.7,312.1,500.1,535.4,439.7,802.3,687.5,592.4,878.1,407.2,384.7,736.9,968.6,293.5,736.9,291.0,647.6,259.4,755.7,678.1,831.5,425.6,817.6,674.4,1002.1,549.1,739.8,1003.2,571.9,585.1,605.7,350.5,359.4,704.1,193.8,625.6,634.2,1040.9,1022.3,672.9,754.4,637.9,648.9,548.3,380.2,427.9,784.9,587.0,745.3,750.3,573.2,725.3,944.4,399.9,661.6,152.8,990.3,865.7,380.3,969.2,878.1,1105.0,580.0,588.2,445.5,424.1,694.4,500.7,155.8,745.6,516.8,284.2,709.1,424.1,526.3,1000.0,192.1,982.9,464.1,493.6,662.1,676.3,460.4,683.1,312.7,527.1,498.8,895.3,857.3,928.6,516.0,586.1,680.2,321.7,367.5,788.0,937.8,726.9,732.2
5,1559.4,725.4,1208.4,888.7,777.7,0.0,1147.8,1053.0,762.4,844.5,832.1,1070.4,504.6,835.9,533.0,1034.1,1100.6,871.5,705.9,173.8,879.0,1077.8,644.1,538.9,190.1,797.9,141.8,67.8,388.8,727.6,510.6,297.9,108.1,962.8,466.6,242.3,1073.9,613.9,949.6,674.8,215.6,755.9,667.6,1182.7,773.1,542.1,738.3,934.1,1044.0,912.5,605.0,232.6,1067.5,460.2,1073.4,706.2,537.7,773.1,1209.4,471.0,91.6,933.8,221.8,722.0,163.1,826.2,348.4,922.2,1119.9,1219.7,597.5,676.7,1007.1,667.6,485.2,1059.6,509.8,949.1,510.6,1179.2,1074.8,238.5,545.9,629.8,659.0,1005.1,366.6,881.7,1112.4,471.0,639.5,1140.8,688.9,663.3,334.0,173.4,890.1,874.6,1191.6,896.9,1118.0,951.6,1055.0,718.1,818.5,551.7,1055.0,522.9,427.2,1095.7,980.9,961.7,1191.6,765.8,753.9,1002.5,974.3,484.2,1002.5,597.2,1143.6,814.3,1116.1,225.6,1124.9,980.5,1111.0,967.8,880.4,290.8,1033.2,379.0,559.4,253.2,659.1,543.7,459.5,668.0,724.9,427.6,1003.5,1203.9,1024.5,699.2,101.3,1007.2,1018.2,810.4,719.6,667.5,1129.9,700.6,1010.9,1047.1,204.5,1018.7,970.4,769.2,174.1,666.9,366.1,1179.2,619.9,974.9,1191.6,1139.8,412.8,265.2,742.3,673.4,1053.0,864.5,669.9,867.7,818.0,493.5,215.6,673.4,895.6,1002.2,706.2,997.8,451.6,864.5,259.2,695.8,1015.3,976.5,591.7,343.0,713.6,1008.4,735.6,1222.0,503.5,573.6,977.0,876.6,607.1,666.3,1015.0,1020.3,108.0
6,424.1,719.8,571.1,826.3,643.4,1147.8,0.0,297.5,628.1,303.8,752.9,639.2,693.7,363.5,915.6,113.7,560.9,743.2,532.6,974.0,556.2,646.6,927.5,921.5,1053.7,572.0,1042.4,1114.3,1198.3,868.8,940.0,1289.2,1102.4,683.0,1193.5,1015.3,607.6,957.7,558.8,594.2,1079.2,491.7,721.4,545.1,420.2,1045.0,888.6,637.5,366.1,235.3,542.8,1063.2,660.3,730.2,344.7,595.6,888.9,420.2,572.1,710.8,1114.2,292.4,1052.4,981.5,1069.1,672.1,902.6,718.8,78.4,582.4,627.1,730.5,709.7,721.4,965.0,290.9,781.4,439.3,940.0,424.6,123.5,1011.5,810.5,683.6,967.9,641.3,1205.0,846.1,35.4,710.8,693.3,520.7,624.8,540.7,1144.4,1035.0,858.4,746.3,480.1,693.5,609.8,772.7,143.3,984.4,538.4,620.7,143.3,905.5,809.8,580.1,574.9,288.7,437.0,468.9,420.4,638.7,746.4,714.1,638.7,767.3,4.2,420.0,314.6,1048.2,536.6,217.8,550.5,563.2,834.6,919.2,602.0,1208.1,880.6,955.2,860.5,659.1,688.3,958.9,513.6,1111.2,246.9,523.9,703.3,927.7,1124.5,243.2,232.2,656.4,507.7,721.3,343.8,841.8,705.9,368.8,943.3,587.5,722.2,410.2,1031.7,573.4,1221.0,424.6,673.7,747.0,437.0,588.0,1065.6,958.3,661.7,640.3,297.5,386.3,576.4,733.9,534.1,704.8,1079.2,640.3,252.2,725.6,595.6,760.7,834.2,303.3,1032.2,931.1,219.0,571.9,559.6,897.2,774.1,673.1,945.9,510.5,886.1,926.8,447.9,482.3,596.9,987.5,715.6,535.5,1102.3
7,698.1,430.4,319.6,544.7,694.4,1053.0,297.5,0.0,679.1,220.2,471.3,357.6,637.1,229.3,631.0,183.8,303.4,458.3,602.5,879.2,266.8,365.0,645.9,660.1,958.9,282.6,947.6,1019.5,916.7,583.6,883.4,1007.6,1007.6,401.4,911.9,920.5,326.0,676.1,274.8,434.9,984.4,561.6,574.1,392.5,296.6,763.4,603.4,355.9,68.6,195.4,448.0,968.4,507.7,635.4,47.2,511.5,832.3,296.6,320.6,616.0,1019.4,289.0,957.6,699.9,974.3,387.2,807.8,437.2,375.9,330.9,479.8,583.0,428.1,574.1,870.2,6.6,722.7,149.9,883.4,173.1,421.0,916.7,753.9,536.3,682.7,359.7,923.4,567.3,262.1,616.0,546.0,269.2,465.5,435.4,1061.8,940.2,576.8,461.4,228.6,411.9,457.2,491.1,438.1,702.8,249.0,505.0,438.1,670.7,715.0,298.5,292.3,151.4,185.5,291.8,310.8,357.1,464.8,657.5,357.1,710.7,293.3,489.9,63.1,953.4,285.1,363.6,299.0,279.2,553.0,824.4,320.4,926.5,595.4,860.4,575.3,564.3,593.5,673.7,583.5,1054.6,109.6,371.3,518.5,642.5,1029.7,105.9,94.9,367.0,400.5,574.0,92.3,556.6,424.3,117.3,848.5,305.9,440.6,326.6,936.9,541.6,939.4,173.1,526.4,465.4,185.5,435.4,1009.0,863.5,453.9,481.0,0.0,226.4,538.6,452.3,255.1,648.2,984.4,481.0,204.8,496.2,511.5,479.1,734.8,219.7,937.4,645.9,398.4,287.9,464.8,802.4,484.7,391.5,664.3,259.0,673.5,641.6,158.5,552.2,449.6,705.9,434.0,253.9,1007.5
8,989.2,510.6,899.7,995.1,15.3,762.4,628.1,679.1,0.0,459.9,712.4,761.7,257.8,451.4,530.2,649.5,791.9,614.4,159.5,588.6,566.9,769.1,744.9,536.1,668.3,485.8,657.0,728.9,983.5,598.7,439.1,906.8,717.0,681.9,978.7,629.9,814.5,742.9,644.8,362.7,693.8,136.4,412.7,1046.8,388.6,830.2,618.5,653.2,670.1,527.9,297.1,677.8,1050.0,302.2,699.5,176.8,388.0,388.6,900.7,355.6,728.8,409.0,667.0,828.4,683.7,569.1,517.2,717.7,549.7,911.0,342.6,421.8,726.2,412.7,500.9,685.7,326.0,575.2,439.1,850.4,504.6,626.1,317.7,374.9,697.8,724.2,975.5,988.1,663.5,355.6,384.6,832.1,393.3,309.2,643.5,649.6,996.5,617.5,882.9,692.4,1100.5,979.6,484.8,824.5,506.4,296.8,484.8,520.1,424.4,787.0,672.2,577.1,862.8,391.9,369.4,721.6,953.3,278.2,721.6,275.7,632.3,244.1,740.4,662.8,816.2,410.3,802.3,659.1,986.8,533.8,724.5,987.9,556.6,569.8,590.4,335.2,344.1,688.8,178.5,610.3,618.9,1025.6,1007.0,657.6,739.1,622.6,633.6,533.0,364.9,412.6,769.6,571.7,730.0,735.0,557.9,710.0,929.1,384.6,646.3,137.5,975.0,850.4,365.0,953.9,862.8,1089.7,564.7,572.9,430.2,408.8,679.1,485.4,140.5,730.3,501.5,268.9,693.8,408.8,511.0,984.7,176.8,967.6,448.8,478.3,646.8,661.0,445.1,667.8,297.4,511.8,483.5,880.0,842.0,913.3,500.7,570.8,664.9,306.4,352.2,772.7,922.5,711.6,716.9
9,727.9,427.6,466.8,600.3,475.2,844.5,303.8,220.2,459.9,0.0,492.8,379.1,428.6,59.7,612.3,190.1,359.0,455.5,403.4,670.7,264.1,386.5,656.6,618.2,750.4,273.4,739.1,811.0,927.4,580.8,674.9,988.9,799.1,422.9,922.6,712.0,381.6,686.8,272.1,290.4,775.9,408.4,417.6,610.4,116.4,774.1,600.6,377.4,211.2,68.5,239.5,759.9,617.1,426.9,240.6,292.3,623.8,116.4,467.8,407.5,810.9,135.8,749.1,755.5,765.8,384.4,599.3,458.7,349.8,478.1,323.3,426.7,449.6,417.6,661.7,226.8,514.2,172.8,674.9,391.0,304.7,708.2,545.4,379.8,679.9,381.2,934.1,622.9,268.4,407.5,389.5,399.2,321.0,236.9,853.3,731.7,632.4,458.6,446.5,433.4,667.6,546.7,284.9,758.4,246.2,317.4,284.9,602.2,506.5,354.1,289.6,117.7,403.4,165.1,116.6,378.6,520.4,449.0,378.6,502.2,299.6,336.7,281.0,744.9,383.3,210.4,369.4,276.5,608.6,615.9,341.9,937.2,592.6,651.9,572.5,355.8,385.0,670.9,422.4,846.1,159.5,589.2,574.1,639.7,821.2,163.2,174.2,364.2,203.9,417.5,310.2,553.8,445.8,284.2,640.0,327.4,496.2,106.9,728.4,322.4,950.1,391.0,369.9,521.0,403.4,653.3,800.5,655.0,357.9,336.5,220.2,82.5,319.4,473.8,230.3,439.7,775.9,336.5,51.6,551.8,292.3,534.7,530.9,66.5,728.9,643.1,245.2,285.2,256.3,593.9,481.9,447.1,719.9,476.9,582.8,638.8,214.1,399.0,293.1,716.6,489.6,309.5,799.0
10,938.7,258.7,418.5,470.4,727.7,832.1,752.9,471.3,712.4,492.8,0.0,267.5,647.7,445.2,445.7,639.2,310.7,137.0,655.9,795.7,274.4,274.9,188.0,474.8,875.4,266.0,859.6,764.3,458.8,334.2,812.1,549.7,724.0,144.1,454.0,837.0,333.3,218.2,235.3,349.7,900.9,705.9,425.4,565.6,436.5,305.5,314.4,115.4,462.3,528.4,462.1,884.9,568.8,606.6,491.7,544.8,839.2,436.5,419.5,587.2,844.9,595.7,874.1,303.7,890.8,169.1,724.3,103.5,809.7,429.8,427.9,416.3,188.4,425.4,786.7,477.9,693.9,424.4,812.1,413.7,764.6,833.2,750.2,449.0,235.1,186.4,465.5,463.4,717.5,587.2,453.5,350.9,336.1,403.2,978.3,856.7,471.8,162.3,401.7,78.2,619.3,498.4,744.8,299.8,291.3,472.5,744.8,485.4,565.3,305.8,203.2,472.0,426.1,376.7,437.2,183.8,472.1,630.6,183.8,721.3,748.7,764.3,487.3,869.9,335.0,670.3,321.1,216.3,462.1,740.9,230.3,468.6,410.1,776.9,390.0,535.5,564.7,244.1,674.9,1065.2,513.8,544.4,525.8,275.3,854.6,517.5,528.5,275.7,487.2,425.5,466.9,361.2,192.2,384.1,765.0,215.8,447.9,495.6,853.4,574.9,481.5,413.7,439.1,472.7,426.1,608.5,1019.6,780.0,282.2,351.6,471.3,442.5,571.9,35.6,309.9,639.9,900.9,351.6,511.5,503.5,544.8,486.4,549.5,526.4,853.9,271.9,705.1,207.6,478.9,718.9,313.0,398.8,317.3,432.1,488.2,456.3,356.0,826.6,417.4,248.0,441.3,217.4,724.1
11,825.0,359.3,304.8,438.3,777.0,1070.4,639.2,357.6,761.7,379.1,267.5,0.0,697.3,331.5,546.6,525.5,197.0,314.9,705.2,896.6,194.8,7.4,442.1,575.7,976.3,279.2,965.0,1018.4,712.9,499.2,913.0,803.8,978.1,197.6,708.1,937.9,219.6,472.3,136.6,450.3,1001.8,754.6,526.0,451.9,398.8,559.6,519.0,152.1,348.6,414.7,511.4,985.8,455.1,656.2,378.0,594.1,892.5,398.8,305.8,636.8,1036.8,482.0,975.0,557.8,991.7,252.8,825.2,233.4,696.0,316.1,496.9,516.9,224.3,526.0,887.6,364.2,743.5,310.7,913.0,300.0,650.9,934.1,814.1,549.6,489.2,155.9,719.6,460.9,603.8,636.8,554.1,237.2,436.7,452.5,1079.2,957.6,470.4,325.4,288.0,208.1,505.6,384.7,631.1,553.9,255.3,522.1,631.1,586.3,666.2,192.1,89.5,358.3,312.4,386.6,413.0,153.3,358.4,680.2,153.3,770.9,635.0,682.9,373.6,970.8,221.3,556.6,207.4,102.6,446.6,841.8,37.2,722.7,511.0,877.8,490.9,585.1,614.3,498.2,724.2,1114.8,400.1,430.7,412.1,529.4,1047.1,403.8,414.8,295.9,497.1,526.1,353.2,472.2,220.5,270.4,865.9,51.7,334.2,429.6,954.3,624.2,735.6,300.0,539.7,359.0,312.4,494.8,1069.2,880.9,382.8,452.2,357.6,328.8,621.2,248.5,278.6,689.5,1001.8,452.2,397.8,389.8,594.1,372.7,650.4,412.7,954.8,526.0,591.4,93.9,528.2,819.8,413.6,285.1,557.9,318.4,589.1,557.2,242.3,745.2,466.7,502.1,327.6,103.7,978.2
12,1054.8,389.0,835.3,863.4,273.1,504.6,693.7,637.1,257.8,428.6,647.7,697.3,0.0,420.0,272.4,618.2,727.5,549.7,201.3,330.8,502.5,704.7,613.2,278.3,410.5,421.4,399.2,471.1,739.9,467.0,313.7,649.0,459.2,617.5,817.7,372.1,750.1,611.2,580.4,298.3,436.0,251.3,291.1,982.4,357.2,698.5,486.8,588.8,628.1,496.6,189.1,420.0,985.6,44.4,657.5,201.6,262.6,357.2,836.3,97.8,471.0,474.6,409.2,696.7,425.9,504.4,259.4,653.3,615.3,846.6,221.0,300.2,661.8,291.1,321.8,643.7,87.7,533.2,313.7,804.0,570.2,368.3,142.2,253.3,566.1,659.8,717.7,856.4,696.5,97.8,263.0,767.7,312.4,248.0,513.4,391.8,864.8,552.8,818.5,628.0,1036.1,915.2,550.4,692.8,442.0,175.2,550.4,262.3,166.6,722.6,607.8,545.8,816.4,349.9,338.0,657.2,888.9,20.4,657.2,141.0,697.9,309.7,700.2,405.0,751.8,475.9,737.9,594.7,855.1,276.0,660.1,730.1,298.8,312.0,398.5,170.5,86.3,557.1,220.3,484.9,587.6,961.2,942.6,525.9,481.3,591.3,602.3,468.6,303.7,291.0,729.4,440.0,665.6,670.6,300.1,645.6,864.7,353.3,388.5,162.3,717.2,804.0,243.4,889.5,816.4,1025.3,439.3,315.1,365.8,296.9,637.1,448.6,165.3,665.6,441.5,11.1,436.0,296.9,479.7,920.3,201.6,903.2,191.0,448.6,389.0,529.3,510.7,603.4,175.8,254.0,361.9,815.6,710.3,848.9,242.9,313.0,600.5,372.0,230.6,641.0,858.1,647.2,459.1
13,787.6,368.3,469.5,603.0,466.7,835.9,363.5,229.3,451.4,59.7,445.2,331.5,420.0,0.0,568.9,249.8,361.7,396.2,394.9,662.1,204.9,338.9,609.0,598.0,741.8,213.7,730.5,802.4,879.8,521.5,666.3,970.7,790.5,375.3,875.0,703.4,384.3,639.2,224.5,281.3,767.3,444.9,408.5,616.6,83.3,726.5,541.3,329.8,220.3,128.2,230.9,751.3,619.8,418.3,249.7,283.8,615.2,83.3,470.5,398.9,802.3,183.6,740.5,724.7,757.2,325.1,590.7,411.1,397.6,480.8,314.2,417.6,402.0,408.5,653.1,235.9,505.6,125.4,666.3,402.4,352.5,699.6,536.8,370.7,620.6,333.6,886.5,625.6,328.1,398.9,380.4,401.9,311.9,227.8,844.7,723.1,635.1,399.3,452.7,385.8,670.3,549.4,332.7,720.8,186.9,308.8,332.7,593.6,497.9,356.8,242.0,177.4,414.8,105.4,83.5,331.0,523.1,440.4,331.0,493.6,359.3,384.5,292.4,736.3,386.0,258.2,372.1,228.9,611.3,607.3,294.3,889.6,533.3,643.3,513.2,347.2,376.4,611.6,413.9,837.5,219.2,595.4,576.8,580.4,812.6,222.9,233.9,304.9,194.8,408.4,321.6,494.5,398.2,288.3,631.4,279.8,498.9,99.2,719.8,313.9,902.5,402.4,360.8,523.7,414.8,659.5,791.9,646.4,348.8,327.4,229.3,35.1,310.9,426.2,171.0,431.1,767.3,327.4,111.3,554.5,283.8,537.4,522.3,114.3,720.3,583.8,293.0,237.6,247.7,585.3,422.6,449.8,722.6,483.1,574.2,579.5,218.2,446.8,284.0,669.0,492.3,281.4,790.4
14,1180.4,201.6,684.6,600.2,545.5,533.0,915.6,631.0,530.2,612.3,445.7,546.6,272.4,568.9,0.0,801.9,576.8,347.7,473.7,359.2,365.1,554.0,350.0,62.9,438.9,356.7,427.6,499.5,588.6,203.8,375.6,677.4,487.6,462.8,583.8,400.5,599.4,348.0,425.8,358.9,464.4,523.7,302.2,831.7,527.2,435.3,223.6,434.1,622.0,680.3,372.8,448.4,779.0,228.0,651.4,474.0,402.7,527.2,685.6,238.8,499.4,701.6,437.6,433.5,454.3,302.4,287.8,459.6,887.7,695.9,328.3,293.1,507.1,302.2,350.2,637.6,277.6,559.8,375.6,655.4,842.6,396.7,313.7,325.8,302.9,505.1,595.3,593.2,880.2,238.8,330.3,617.0,328.3,412.4,541.8,420.2,601.6,350.8,667.8,434.3,829.5,663.1,822.8,429.6,382.0,319.5,822.8,48.9,128.8,571.9,457.1,631.7,667.8,467.4,521.7,502.5,685.8,252.0,502.5,365.0,911.4,582.1,650.6,433.4,601.1,748.3,587.2,444.0,591.9,304.4,509.4,598.4,35.6,340.4,135.3,311.5,227.3,293.9,492.7,635.4,673.5,810.5,736.0,262.7,509.7,677.2,688.2,286.6,487.4,302.3,630.2,176.8,510.9,547.4,328.5,494.9,681.9,537.0,416.9,434.7,611.3,655.4,315.9,686.4,667.8,851.3,613.5,343.5,291.4,312.8,631.0,577.9,437.7,463.6,400.6,261.3,464.4,312.8,663.4,713.7,474.0,709.3,113.0,632.3,417.4,266.1,783.1,452.7,359.5,282.4,189.8,664.9,447.1,698.2,51.7,49.8,519.3,644.4,357.9,377.8,707.4,496.5,487.5
15,537.8,606.1,457.4,712.6,664.8,1034.1,113.7,183.8,649.5,190.1,639.2,525.5,618.2,249.8,801.9,0.0,447.2,629.5,572.4,860.3,442.5,532.9,813.8,807.8,940.0,458.3,928.7,1000.6,1084.6,755.1,864.5,1175.5,988.7,569.3,1079.8,901.6,493.9,844.0,445.1,480.5,965.5,531.5,607.7,530.0,306.5,931.3,774.9,523.8,252.4,121.6,429.1,949.5,645.2,616.5,231.0,481.9,813.4,306.5,458.4,597.1,1000.5,258.9,938.7,867.8,955.4,558.4,788.9,605.1,192.1,468.7,513.4,616.8,596.0,607.7,851.3,177.2,703.8,325.6,864.5,310.9,237.2,897.8,735.0,569.9,854.2,527.6,1091.3,735.2,78.3,597.1,579.6,407.0,511.1,427.0,1042.9,921.3,744.7,632.6,366.4,579.8,594.7,659.0,257.0,870.7,424.7,507.0,257.0,791.8,696.1,466.4,461.2,175.0,323.3,355.2,306.7,525.0,632.7,638.6,525.0,691.8,109.5,459.8,200.9,934.5,422.9,331.5,436.8,449.5,720.9,805.5,488.3,1094.4,766.9,841.5,746.8,545.4,574.6,845.2,553.4,1035.7,133.2,508.8,686.4,814.0,1010.8,129.5,118.5,542.7,394.0,607.6,230.1,728.1,592.2,255.1,829.6,473.8,608.5,296.5,918.0,512.0,1107.3,310.9,560.0,633.3,323.3,572.9,990.1,844.6,548.0,526.6,183.8,272.6,509.0,620.2,420.4,629.3,965.5,526.6,138.5,664.1,481.9,647.0,720.5,189.6,918.5,817.4,332.7,458.2,445.9,783.5,660.4,559.4,832.2,396.8,772.4,813.1,334.2,522.1,483.2,873.8,601.9,421.8,988.6
16,660.6,389.5,107.8,359.9,807.2,1100.6,560.9,303.4,791.9,359.0,310.7,197.0,727.5,361.7,576.8,447.2,0.0,358.1,735.4,926.8,225.0,204.4,485.3,605.9,1006.5,309.4,995.2,1061.6,756.1,529.4,943.2,847.0,1021.3,240.8,751.3,968.1,141.2,515.5,179.8,480.5,1032.0,700.4,556.2,254.9,429.0,602.8,549.2,195.3,294.4,360.5,541.6,1016.0,370.1,686.4,323.8,624.3,922.7,429.0,108.8,667.0,1067.0,427.8,1005.2,515.1,1021.9,296.0,855.4,276.6,639.3,119.1,527.1,547.1,267.5,556.2,917.8,302.8,773.7,283.7,943.2,136.3,596.7,964.3,844.3,579.8,532.4,199.1,762.8,382.5,525.5,667.0,584.3,40.2,466.9,482.7,1109.4,987.8,392.0,368.6,91.0,251.3,319.6,306.3,576.9,518.0,285.5,552.3,576.9,616.5,696.4,113.7,132.7,304.1,123.9,416.8,443.2,196.5,280.0,710.4,196.5,801.1,556.7,628.7,295.3,1001.0,24.3,502.4,10.4,145.8,368.2,872.0,159.8,765.9,541.2,908.0,521.1,615.3,644.5,541.4,722.3,1145.0,345.9,233.7,333.7,572.6,1077.3,349.6,358.3,326.1,527.3,556.3,274.9,502.4,263.7,216.2,896.1,145.3,255.8,459.8,984.5,654.4,778.8,136.3,569.9,280.6,123.9,297.8,1099.4,911.1,413.0,482.4,303.4,359.0,651.4,291.7,308.8,719.7,1032.0,482.4,343.6,311.4,624.3,294.3,680.6,358.5,985.0,569.2,537.2,137.1,558.4,850.0,443.8,206.7,479.5,121.4,619.3,587.4,188.1,691.0,496.9,545.3,249.2,93.3,1021.4
17,986.1,160.7,465.9,556.0,629.7,871.5,743.2,458.3,614.4,455.5,137.0,314.9,549.7,396.2,347.7,629.5,358.1,0.0,557.9,697.7,192.4,322.3,273.6,376.8,777.4,184.0,766.1,838.0,544.4,300.3,714.1,635.3,809.6,191.5,539.6,739.0,380.7,303.8,185.7,251.7,802.9,607.9,327.4,613.0,354.5,391.1,320.1,162.8,449.3,515.4,364.1,786.9,616.2,508.6,478.7,446.8,741.2,354.5,466.9,489.2,837.9,577.0,776.1,389.3,792.8,71.1,626.3,150.9,791.0,477.2,329.9,318.3,235.8,327.4,688.7,464.9,595.9,387.1,714.1,461.1,745.9,735.2,652.2,351.0,320.7,233.8,551.1,549.0,707.8,489.2,355.5,398.3,238.1,305.2,880.3,758.7,557.4,25.9,449.1,125.6,666.7,545.8,726.1,385.4,209.3,374.5,726.1,387.4,467.3,353.2,232.8,459.0,473.5,294.7,355.2,231.2,519.5,532.6,231.2,623.3,739.0,666.3,477.6,771.9,382.4,651.6,368.5,219.7,547.7,642.9,277.7,554.2,312.1,678.9,292.0,437.5,466.7,329.7,576.9,967.2,500.8,591.8,573.2,359.2,848.2,504.5,515.5,177.7,405.2,327.5,457.2,273.3,239.6,374.4,667.0,263.2,495.3,413.6,755.4,476.9,567.1,461.1,341.1,520.1,473.5,655.9,921.6,682.0,184.2,253.6,458.3,405.2,473.9,154.9,227.9,541.9,802.9,253.6,498.5,550.9,446.8,533.8,451.5,507.7,755.9,357.5,686.4,228.4,380.9,620.9,215.0,446.2,402.9,479.5,390.2,358.3,346.3,728.6,319.4,333.6,488.7,264.8,809.7
18,893.7,454.1,843.2,938.6,174.8,705.9,532.6,602.5,159.5,403.4,655.9,705.2,201.3,394.9,473.7,572.4,735.4,557.9,0.0,532.1,510.4,712.6,688.4,479.6,611.8,429.3,600.5,672.4,927.0,542.2,447.6,850.3,660.5,625.4,922.2,573.4,758.0,686.4,588.3,306.2,637.3,90.2,356.2,990.3,332.1,773.7,562.0,596.7,593.5,450.8,240.6,621.3,993.5,245.7,622.9,120.3,396.5,332.1,844.2,299.1,672.3,313.5,610.5,771.9,627.2,512.6,460.7,661.2,454.2,854.5,286.1,365.3,669.7,356.2,509.4,609.1,289.0,518.7,447.6,773.3,409.1,569.6,318.1,318.4,641.3,667.7,919.0,931.6,568.0,299.1,328.1,775.6,336.8,252.7,652.0,593.1,940.0,561.0,826.4,635.9,1044.0,923.1,389.3,768.0,449.9,240.3,389.3,463.6,367.9,730.5,615.7,500.0,785.7,335.4,312.9,665.1,896.8,221.7,665.1,274.9,536.8,148.6,663.3,606.3,759.7,314.8,745.8,602.6,930.3,477.3,668.0,931.4,500.1,513.3,533.9,278.7,287.6,632.3,59.2,618.8,541.8,969.1,950.5,601.1,682.6,545.5,556.5,476.5,308.4,356.1,692.5,515.2,673.5,666.5,501.4,653.5,872.6,328.1,589.8,81.0,918.5,773.3,308.5,897.4,785.7,1033.2,573.2,516.4,373.7,352.3,602.5,428.9,84.0,673.8,445.0,212.4,637.3,352.3,433.9,928.2,120.3,911.1,392.3,382.8,590.3,604.5,349.6,611.3,240.9,455.3,427.0,823.5,785.5,856.8,444.2,514.3,596.4,210.9,295.7,716.2,866.0,655.1,660.4
19,1385.6,551.6,1034.6,950.2,603.9,173.8,974.0,879.2,588.6,670.7,795.7,896.6,330.8,662.1,359.2,860.3,926.8,697.7,532.1,0.0,705.2,904.0,700.0,365.1,122.1,624.1,68.4,162.8,464.4,553.8,336.8,373.5,183.7,812.8,542.2,174.3,949.4,689.5,775.8,501.0,147.6,582.1,493.8,1181.7,599.3,617.7,573.6,784.1,870.2,738.7,431.2,164.6,1129.0,286.4,899.6,532.4,363.9,599.3,1035.6,297.2,140.2,760.0,153.8,783.5,95.1,652.4,174.6,809.6,946.1,1045.9,423.7,502.9,857.1,493.8,311.4,885.8,336.0,775.3,336.8,1005.4,901.0,170.5,372.1,456.0,652.9,855.1,442.2,943.2,938.6,297.2,465.7,967.0,515.1,489.5,237.9,105.4,951.6,700.8,1017.8,784.3,1179.5,1013.1,881.2,779.6,644.7,377.9,881.2,349.1,253.4,921.9,807.1,787.9,1017.8,592.0,580.1,852.5,1035.8,310.4,852.5,423.4,969.8,640.5,942.3,129.5,951.1,806.7,937.2,794.0,941.9,117.0,859.4,454.6,385.6,185.2,485.3,369.9,285.7,643.9,551.1,331.5,829.7,1160.5,1086.0,612.7,150.5,833.4,844.4,636.6,545.8,493.7,956.1,526.8,860.9,873.3,30.7,844.9,1031.9,595.4,57.7,493.1,441.7,1005.4,446.1,1036.4,1017.8,1201.3,316.7,156.1,568.5,499.6,879.2,690.7,496.1,813.6,644.2,319.7,147.6,499.6,721.8,1063.7,532.4,1059.3,277.8,690.7,191.2,616.1,841.5,802.7,417.9,169.2,539.8,1014.9,797.1,1048.2,329.7,399.8,803.2,702.8,433.3,727.8,1057.4,846.5,183.6
20,828.6,164.5,332.8,466.3,582.2,879.0,556.2,266.8,566.9,264.1,274.4,194.8,502.5,204.9,365.1,442.5,225.0,192.4,510.4,705.2,0.0,202.2,422.5,394.2,784.9,84.4,773.6,845.5,693.3,317.7,721.6,784.2,833.6,204.5,688.5,746.5,247.6,452.7,87.8,255.5,810.4,560.4,331.2,479.9,215.2,540.0,337.5,175.8,257.8,323.9,316.6,794.4,483.1,461.4,287.2,399.3,697.7,215.2,333.8,442.0,845.4,388.2,783.6,538.2,800.3,121.3,633.8,240.3,602.2,344.1,302.1,322.1,248.8,331.2,696.2,273.4,548.7,195.7,721.6,303.6,557.1,742.7,619.3,354.8,416.8,196.9,700.0,488.9,520.8,442.0,359.3,265.2,241.9,257.7,887.8,766.2,498.4,195.5,316.0,215.0,533.6,412.7,537.3,534.3,60.5,327.3,537.3,404.8,484.7,220.1,105.3,267.5,316.0,191.8,234.4,194.3,386.4,485.4,194.3,576.1,552.0,589.1,298.8,779.4,249.3,462.8,235.4,92.2,474.6,650.4,157.6,703.1,329.5,686.4,309.4,390.3,419.5,407.8,529.4,920.0,309.3,458.7,440.1,376.6,855.7,313.0,324.0,101.1,302.3,331.3,278.4,290.7,252.6,195.6,674.5,143.1,362.2,274.3,762.9,429.4,716.0,303.6,344.9,387.0,316.0,522.8,874.4,689.5,188.0,257.4,266.8,213.8,426.4,255.4,83.8,494.7,810.4,257.4,307.0,417.8,399.3,400.7,468.9,318.9,763.4,380.0,497.6,100.9,333.4,628.4,218.8,313.1,551.8,346.4,407.6,375.7,167.5,651.4,271.9,482.5,355.6,144.7,833.5
21,832.4,366.7,312.2,445.7,784.4,1077.8,646.6,365.0,769.1,386.5,274.9,7.4,704.7,338.9,554.0,532.9,204.4,322.3,712.6,904.0,202.2,0.0,449.5,583.1,983.7,286.6,972.4,1025.8,720.3,506.6,920.4,811.2,985.5,205.0,715.5,945.3,227.0,479.7,144.0,457.7,1009.2,762.0,533.4,459.3,406.2,567.0,526.4,159.5,356.0,422.1,518.8,993.2,462.5,663.6,385.4,601.5,899.9,406.2,313.2,644.2,1044.2,489.4,982.4,565.2,999.1,260.2,832.6,240.8,703.4,323.5,504.3,524.3,231.7,533.4,895.0,371.6,750.9,318.1,920.4,307.4,658.3,941.5,821.5,557.0,496.6,163.3,727.0,468.3,611.2,644.2,561.5,244.6,444.1,459.9,1086.6,965.0,477.8,332.8,295.4,215.5,513.0,392.1,638.5,561.3,262.7,529.5,638.5,593.7,673.6,199.5,96.9,365.7,319.8,394.0,420.4,160.7,365.8,687.6,160.7,778.3,642.4,690.3,381.0,978.2,228.7,564.0,214.8,110.0,454.0,849.2,44.6,730.1,518.4,885.2,498.3,592.5,621.7,505.6,731.6,1122.2,407.5,438.1,419.5,536.8,1054.5,411.2,422.2,303.3,504.5,533.5,360.6,479.6,227.9,277.8,873.3,59.1,341.6,437.0,961.7,631.6,743.0,307.4,547.1,366.4,319.8,502.2,1076.6,888.3,390.2,459.6,365.0,336.2,628.6,255.9,286.0,696.9,1009.2,459.6,405.2,397.2,601.5,380.1,657.8,420.1,962.2,533.4,598.8,101.3,535.6,827.2,421.0,292.5,565.3,325.8,596.5,564.6,249.7,752.6,474.1,509.5,335.0,111.1,985.6
22,1113.3,300.4,593.1,282.4,760.2,644.1,927.5,645.9,744.9,656.6,188.0,442.1,613.2,609.0,350.0,813.8,485.3,273.6,688.4,700.0,422.5,449.5,0.0,379.1,755.4,414.1,671.6,576.3,270.8,146.2,716.4,361.7,536.0,318.7,266.0,741.3,467.6,30.2,384.5,457.7,780.9,738.4,401.0,576.4,584.6,117.5,126.4,290.0,636.9,703.0,522.9,789.2,461.2,568.8,666.3,652.4,743.5,584.6,594.1,562.8,656.9,770.3,778.4,115.7,728.4,305.7,628.6,278.1,984.3,604.4,427.1,391.9,363.0,401.0,691.0,652.5,618.4,588.2,716.4,588.3,939.2,737.5,654.5,424.6,47.1,361.0,277.5,275.4,892.1,562.8,429.1,525.5,427.1,511.2,790.3,738.7,283.8,298.9,576.3,252.8,511.7,345.3,919.4,111.8,439.4,448.1,919.4,389.7,469.6,480.4,377.8,646.6,600.7,524.8,585.3,358.4,368.0,592.8,358.4,696.9,923.3,796.8,661.9,681.9,509.6,844.9,495.7,390.9,274.1,645.2,404.9,280.6,314.4,681.2,244.1,511.1,540.3,56.1,707.4,883.9,688.4,597.6,418.2,87.3,666.6,692.1,703.1,385.4,622.7,401.1,641.5,173.2,366.8,558.7,669.3,390.4,364.1,643.7,739.4,649.4,293.5,588.3,414.7,368.6,600.7,533.5,869.1,684.3,390.2,411.6,645.9,606.3,652.4,223.6,458.0,602.1,780.9,411.6,686.1,395.9,652.4,391.5,453.8,701.0,758.2,83.9,879.7,382.2,509.6,623.2,288.6,402.1,129.3,606.7,392.5,360.6,530.6,859.1,456.7,60.0,408.7,392.0,536.1
23,1209.5,230.7,713.7,629.3,551.4,538.9,921.5,660.1,536.1,618.2,474.8,575.7,278.3,598.0,62.9,807.8,605.9,376.8,479.6,365.1,394.2,583.1,379.1,0.0,444.8,385.8,433.5,505.4,617.7,232.9,381.5,683.3,493.5,491.9,612.9,406.4,628.5,377.1,454.9,388.0,470.3,529.6,331.3,860.8,546.8,464.4,252.7,463.2,651.1,686.2,378.7,454.3,808.1,233.9,680.5,479.9,408.6,546.8,714.7,244.7,505.3,707.5,443.5,462.6,460.2,331.5,293.7,488.7,893.6,725.0,357.4,322.2,536.2,331.3,356.1,666.7,283.5,588.9,381.5,684.5,848.5,402.6,319.6,354.9,332.0,534.2,624.4,622.3,886.1,244.7,359.4,646.1,357.4,437.0,547.7,426.1,630.7,379.9,696.9,463.4,858.6,692.2,828.7,458.7,411.1,325.4,828.7,54.8,134.7,601.0,486.2,660.8,696.9,496.5,527.6,531.6,714.9,257.9,531.6,370.9,917.3,588.0,679.7,439.3,630.2,754.2,616.3,473.1,621.0,310.3,538.5,627.5,64.7,346.3,164.4,317.4,233.2,323.0,498.6,641.3,702.6,839.6,765.1,291.8,515.6,706.3,717.3,315.7,493.3,331.4,659.3,205.9,540.0,576.5,334.4,524.0,711.0,542.9,422.8,440.6,640.4,684.5,345.0,715.5,696.9,880.4,619.4,349.4,320.5,341.9,660.1,607.0,443.6,492.7,429.7,267.2,470.3,341.9,669.3,742.8,479.9,738.4,118.9,638.2,423.3,295.2,789.0,481.8,365.4,288.3,218.9,694.0,476.2,727.3,57.6,78.9,548.4,650.3,380.8,406.9,736.5,525.6,493.4
24,1465.3,631.3,1114.3,1000.0,683.6,190.1,1053.7,958.9,668.3,750.4,875.4,976.3,410.5,741.8,438.9,940.0,1006.5,777.4,611.8,122.1,784.9,983.7,755.4,444.8,0.0,703.8,140.9,179.1,500.1,633.5,422.9,409.2,219.4,892.5,577.9,87.6,1029.1,725.2,855.5,580.7,25.5,661.8,573.5,1261.4,679.0,653.4,653.3,863.8,949.9,818.4,510.9,77.9,1178.8,366.1,979.3,612.1,450.0,679.0,1115.3,376.9,98.5,839.7,67.1,833.3,53.4,732.1,260.7,889.3,1025.8,1125.6,503.4,582.6,936.8,573.5,397.5,965.5,415.7,855.0,422.9,1085.1,980.7,83.8,451.8,535.7,732.6,934.8,477.9,993.0,1018.3,376.9,545.4,1046.7,594.8,569.2,343.8,18.7,1001.4,780.5,1097.5,864.0,1229.3,1062.9,960.9,829.4,724.4,457.6,960.9,428.8,333.1,1001.6,886.8,867.6,1097.5,671.7,659.8,932.2,1085.6,390.1,932.2,503.1,1049.5,720.2,1022.0,235.4,1030.8,886.4,1016.9,873.7,991.7,149.6,939.1,490.3,465.3,98.5,565.0,449.6,365.4,723.6,630.8,437.4,909.4,1240.2,1135.8,692.4,125.0,913.1,924.1,716.3,625.5,573.4,1035.8,606.5,940.6,953.0,152.8,924.6,1081.7,675.1,64.4,572.8,477.4,1085.1,525.8,1086.2,1097.5,1251.1,422.6,110.5,648.2,579.3,958.9,770.4,575.8,893.3,723.9,399.4,25.5,579.3,801.5,1113.5,612.1,1109.1,357.5,770.4,104.5,695.8,921.2,882.4,497.6,255.3,619.5,1094.6,846.9,1127.9,409.4,479.5,882.9,782.5,513.0,777.6,1126.3,926.2,219.3
25,913.0,156.1,417.2,550.7,501.1,797.9,572.0,282.6,485.8,273.4,266.0,279.2,421.4,213.7,356.7,458.3,309.4,184.0,429.3,624.1,84.4,286.6,414.1,385.8,703.8,0.0,692.5,764.4,684.9,309.3,640.5,775.8,752.5,196.1,680.1,665.4,332.0,444.3,159.0,176.1,729.3,479.3,315.3,564.3,170.5,531.6,329.1,167.4,273.6,339.7,235.5,713.3,567.5,380.3,303.0,318.2,616.6,170.5,418.2,360.9,764.3,393.0,702.5,529.8,719.2,112.9,552.7,231.9,607.0,428.5,221.0,313.7,240.4,315.3,615.1,289.2,467.6,205.8,640.5,388.0,561.9,661.6,538.2,277.5,408.4,238.4,691.6,573.3,536.6,360.9,287.2,349.6,206.7,176.6,806.7,685.1,582.8,187.1,400.4,206.6,618.0,497.1,542.1,525.9,44.4,246.2,542.1,396.4,459.9,304.5,189.7,283.3,400.4,110.7,171.2,235.8,470.8,404.3,235.8,495.0,567.8,537.7,345.7,698.3,333.7,467.6,319.8,176.6,559.0,569.3,242.0,694.7,321.1,605.3,301.0,309.2,338.4,399.4,448.3,838.9,325.1,543.1,524.5,368.2,774.6,328.8,339.8,92.7,221.2,315.2,355.8,282.3,244.2,273.0,593.4,227.5,446.6,229.6,681.8,348.3,707.6,388.0,267.6,471.4,400.4,607.2,793.3,608.4,179.6,222.2,282.6,223.9,345.3,247.0,43.9,413.6,729.3,222.2,322.8,502.2,318.2,485.1,460.5,323.7,682.3,371.6,502.4,185.3,252.3,547.3,210.4,397.5,543.4,430.8,399.2,367.3,202.9,600.0,190.8,474.1,440.0,229.1,752.4
26,1454.0,620.0,1103.0,916.2,672.3,141.8,1042.4,947.6,657.0,739.1,859.6,965.0,399.2,730.5,427.6,928.7,995.2,766.1,600.5,68.4,773.6,972.4,671.6,433.5,140.9,692.5,0.0,130.8,416.3,622.2,405.2,325.4,135.6,881.2,494.1,193.1,1017.8,641.4,844.2,569.4,166.4,650.5,562.2,1210.2,667.7,569.6,642.0,852.5,938.6,807.1,499.6,183.4,1095.0,354.8,968.0,600.8,432.3,667.7,1104.0,365.6,108.8,828.4,172.6,749.5,113.9,720.8,243.0,878.0,1014.5,1114.3,492.1,571.3,925.5,562.2,379.8,954.2,404.4,843.7,405.2,1073.8,969.4,189.3,440.5,524.4,686.5,923.5,394.1,909.2,1007.0,365.6,534.1,1035.4,583.5,557.9,211.8,124.2,917.6,769.2,1086.2,852.7,1145.5,979.1,949.6,745.6,713.1,446.3,949.6,417.5,321.8,990.3,875.5,856.3,1086.2,660.4,648.5,920.9,1001.8,378.8,920.9,491.8,1038.2,708.9,1010.7,103.4,1019.5,875.1,1005.6,862.4,907.9,185.4,927.8,406.5,454.0,204.0,553.7,438.3,354.1,695.5,619.5,305.4,898.1,1228.9,1052.0,681.1,118.5,901.8,912.8,705.0,614.2,562.1,1024.5,595.2,929.3,941.7,99.1,913.3,997.9,663.8,76.5,561.5,393.6,1073.8,514.5,1002.4,1086.2,1167.3,290.6,216.0,636.9,568.0,947.6,759.1,564.5,882.0,712.6,388.1,166.4,568.0,790.2,1029.7,600.8,1025.3,346.2,759.1,210.0,684.5,909.9,871.1,486.3,237.6,608.2,1035.9,763.1,1116.6,398.1,468.2,871.6,771.2,501.7,693.8,1042.5,914.9,135.5
27,1525.9,691.9,1169.4,820.9,744.2,67.8,1114.3,1019.5,728.9,811.0,764.3,1018.4,471.1,802.4,499.5,1000.6,1061.6,838.0,672.4,162.8,845.5,1025.8,576.3,505.4,179.1,764.4,130.8,0.0,321.0,690.3,477.1,230.1,40.3,895.0,398.8,231.3,1006.1,546.1,916.1,641.3,204.6,722.4,634.1,1114.9,739.6,474.3,670.5,866.3,1010.5,879.0,571.5,221.6,999.7,426.7,1039.9,672.7,504.2,739.6,1170.4,437.5,80.6,900.3,210.8,654.2,152.1,792.7,314.9,854.4,1086.4,1180.7,564.0,643.2,939.3,634.1,451.7,1026.1,476.3,915.6,477.1,1145.7,1041.3,227.5,512.4,596.3,591.2,937.3,298.8,813.9,1078.9,437.5,606.0,1101.8,655.4,629.8,266.2,162.4,822.3,841.1,1152.6,829.1,1050.2,883.8,1021.5,650.3,785.0,518.2,1021.5,489.4,393.7,1033.6,947.4,928.2,1158.1,732.3,720.4,934.7,906.5,450.7,934.7,563.7,1110.1,780.8,1082.6,157.8,1085.9,947.0,1072.0,934.3,812.6,257.3,981.2,311.2,525.9,242.2,625.6,510.2,426.0,600.2,691.4,359.8,970.0,1136.1,956.7,631.4,90.3,973.7,984.7,776.9,686.1,634.0,1096.4,667.1,943.1,1013.6,193.5,966.7,902.6,735.7,163.1,633.4,298.3,1145.7,586.4,907.1,1158.1,1072.0,345.0,254.2,708.8,639.9,1019.5,831.0,636.4,799.9,784.5,460.0,204.6,639.9,862.1,934.4,672.7,930.0,418.1,831.0,248.2,628.0,981.8,943.0,558.2,309.5,680.1,940.6,667.8,1183.0,470.0,540.1,943.5,843.1,573.6,598.5,947.2,968.3,40.2
28,1362.7,539.0,863.9,515.4,998.8,388.8,1198.3,916.7,983.5,927.4,458.8,712.9,739.9,879.8,588.6,1084.6,756.1,544.4,927.0,464.4,693.3,720.3,270.8,617.7,500.1,684.9,416.3,321.0,0.0,384.8,745.9,90.9,280.7,589.5,77.8,552.3,700.6,240.6,655.3,696.3,525.6,977.0,639.6,809.4,855.4,153.3,365.0,560.8,907.7,973.8,761.5,542.6,694.2,695.5,937.1,891.0,773.0,855.4,864.9,706.3,401.6,1041.1,531.8,348.7,473.1,576.5,583.7,548.9,1255.1,875.2,665.7,630.5,633.8,639.6,720.5,923.3,745.1,859.0,745.9,859.1,1210.0,548.5,781.2,663.2,285.7,631.8,326.2,508.4,1162.9,706.3,667.7,796.3,665.7,749.8,535.0,483.4,516.8,569.7,847.1,523.6,744.7,578.3,1190.2,344.8,710.2,686.7,1190.2,628.3,662.5,728.1,648.6,917.4,871.5,795.6,856.1,629.2,601.0,719.5,629.2,832.5,1194.1,1035.4,932.7,426.6,780.4,1115.7,766.5,661.7,507.1,526.1,675.7,9.8,553.0,563.2,482.7,749.7,694.8,294.7,946.0,628.6,959.2,830.6,651.2,325.9,411.3,962.9,973.9,624.0,861.3,639.7,912.3,411.8,637.6,829.5,465.0,661.2,597.1,914.5,484.1,888.0,22.7,859.1,653.3,601.6,871.5,766.5,613.8,565.2,628.8,650.2,916.7,877.1,891.0,494.4,728.8,728.8,525.6,650.2,956.9,628.9,891.0,624.5,686.9,971.8,569.2,322.5,1150.5,653.0,748.2,578.3,527.2,635.1,362.3,877.5,631.1,599.2,801.4,1097.7,695.3,293.0,641.7,662.8,280.8
29,1133.0,154.2,637.2,396.4,614.0,727.6,868.8,583.6,598.7,580.8,334.2,499.2,467.0,521.5,203.8,755.1,529.4,300.3,542.2,553.8,317.7,506.6,146.2,232.9,633.5,309.3,622.2,690.3,384.8,0.0,570.2,475.7,650.0,415.4,380.0,595.1,552.0,144.2,378.4,311.5,659.0,592.2,254.8,690.4,479.8,231.5,19.8,386.7,574.6,640.7,376.7,643.0,575.2,422.6,604.0,506.2,597.3,479.8,638.2,416.6,694.0,702.3,632.2,229.7,648.9,255.0,482.4,412.2,916.3,648.5,280.9,245.7,459.7,254.8,544.8,590.2,472.2,512.4,570.2,608.0,871.2,591.3,508.3,278.4,99.1,457.7,391.5,389.4,833.4,416.6,282.9,569.6,280.9,365.0,736.4,614.8,397.8,303.4,620.4,386.9,625.7,459.3,851.4,225.8,334.6,301.9,851.4,243.5,323.4,524.5,409.7,584.3,620.4,420.0,480.5,455.1,482.0,446.6,455.1,550.7,864.6,650.6,603.2,628.0,553.7,776.9,539.8,396.6,388.1,499.0,462.0,394.6,168.2,535.0,97.9,364.9,394.1,90.1,561.2,830.0,626.1,711.6,532.2,58.9,704.3,629.8,640.8,239.2,476.5,254.9,582.8,27.0,463.5,500.0,523.1,447.5,478.1,538.9,611.5,503.2,407.5,608.0,268.5,482.6,620.4,647.5,808.1,538.1,244.0,265.4,583.6,530.5,506.2,369.8,353.2,455.9,659.0,265.4,623.8,509.9,506.2,505.5,307.6,633.0,612.0,62.3,811.7,405.3,363.4,477.0,142.4,516.1,243.3,650.8,246.3,214.4,471.9,712.9,310.5,174.0,522.7,449.1,650.1
30,1301.1,568.0,1051.0,966.6,454.4,510.6,940.0,883.4,439.1,674.9,812.1,913.0,313.7,666.3,375.6,864.5,943.2,714.1,447.6,336.8,721.6,920.4,716.4,381.5,422.9,640.5,405.2,477.1,745.9,570.2,0.0,655.0,465.2,829.2,823.7,384.5,965.8,714.4,792.2,517.4,448.4,455.3,510.2,1198.1,603.5,801.7,590.0,800.5,874.4,742.9,435.4,432.4,1145.4,302.8,903.8,447.9,77.7,603.5,1052.0,313.6,477.0,720.9,421.6,799.9,431.9,668.8,229.6,826.0,861.6,1062.3,440.1,519.3,873.5,510.2,112.4,890.0,271.1,779.5,0.0,1021.8,816.5,380.7,174.2,472.4,669.3,871.5,723.7,959.6,942.8,313.6,482.1,983.4,531.5,494.3,376.2,404.2,968.0,717.2,1034.2,800.7,1195.9,1029.5,796.7,796.0,661.1,394.3,796.7,365.5,269.8,938.3,823.5,792.1,1034.2,596.2,584.3,868.9,1052.2,326.8,868.9,172.7,944.2,556.0,946.5,411.0,967.5,722.2,953.6,810.4,958.3,282.0,875.8,736.1,402.0,324.4,501.7,386.3,302.1,660.3,466.6,343.0,833.9,1176.9,1102.4,629.1,487.3,837.6,848.6,653.0,550.0,510.1,972.5,543.2,877.3,889.7,306.1,861.3,1048.3,599.6,394.5,408.6,723.2,1021.8,462.5,1052.8,1034.2,1217.7,297.4,321.1,584.9,516.0,883.4,694.9,411.6,830.0,660.6,324.8,448.4,516.0,726.0,1080.1,447.9,1075.7,294.2,694.9,401.4,632.5,757.0,819.1,422.1,167.6,556.2,1031.3,813.5,1064.6,346.1,416.2,819.6,618.3,449.7,744.2,1073.8,862.9,465.1
