,0,1,2,3,4,5,6,7,8,9,10,11,12,13,14,15,16,17,18,19,20,21,22,23,24,25,26,27,28,29,30,31,32,33,34,35,36,37,38,39,40,41,42,43,44,45,46,47,48,49,50,51,52,53,54,55,56,57,58,59,60,61,62,63,64,65,66,67,68,69,70,71,72,73,74,75,76,77,78,79,80,81,82,83,84,85,86,87,88,89,90,91,92,93,94,95,96,97,98,99,100,101,102,103,104,105,106,107,108,109,110,111,112,113,114,115,116,117,118,119,120,121,122,123,124,125,126,127,128,129,130,131,132,133,134,135,136,137,138,139,140,141,142,143,144,145,146,147,148,149,150,151,152,153,154,155,156,157,158,159,160,161,162,163,164,165,166,167,168,169,170,171,172,173,174,175,176,177,178,179,180,181,182,183,184,185,186,187,188,189,190,191,192,193,194,195,196,197,198,199,200,201,202
0,0.0,1445.5,1960.0,2076.9,1542.3,1588.3,1466.9,1434.1,958.2,1938.2,908.7,1017.5,962.3,1023.7,1472.6,1378.6,740.1,2013.1,848.1,813.6,2028.6,1832.0,1301.7,1828.4,1206.4,1453.8,1158.7,1160.1,740.1,1192.8,1177.5,1532.9,1510.9,589.3,1173.4,763.1,2030.5,1749.3,1353.5,833.2,1525.7,1319.9,2021.6,1592.3,1864.8,1602.8,1558.5,1201.8,2133.3,1728.4,2056.3,1264.4,569.3,1761.3,1352.9,1674.8,1581.9,1529.5,1015.4,2031.5,1568.1,890.3,1208.5,1521.2,1569.9,589.3,1762.6,1700.4,1569.0,1223.8,2016.9,1865.7,2036.6,1970.3,1549.0,923.6,1333.1,1822.7,1560.4,607.7,1553.1,1806.6,942.3,1033.8,838.2,1102.5,1145.1,920.5,849.8,711.9,1892.1,1562.9,655.2,1743.2,1521.7,1588.4,1163.9,1802.5,1474.2,1146.0,1246.3,928.2,1732.5,798.5,918.6,1465.5,1326.2,1865.7,1228.0,1183.2,1747.0,1097.2,1063.9,1316.4,1545.2,810.5,1640.0,822.6,2028.6,2013.1,1728.7,1687.5,1881.1,1138.5,1571.8,640.2,1130.4,1491.9,1347.2,1347.2,1000.3,1404.7,947.3,1160.4,2157.1,1708.9,1596.5,910.4,1264.4,1047.4,1423.8,978.8,1560.3,1790.3,1348.1,737.5,930.7,1571.8,1987.8,1801.7,1352.7,930.0,1510.3,1002.1,1165.1,1229.8,1380.0,1221.3,958.2,1064.1,2075.4,838.2,2026.6,1674.3,1475.2,1868.1,1562.7,1214.2,970.5,2002.6,1194.9,1723.4,1657.9,1535.7,1421.9,1419.5,1263.1,685.8,950.6,1011.1,999.2,1463.6,1160.9,1174.1,834.4,689.0,1579.2,745.2,499.1,693.9,903.7,891.7,1987.6,1489.0,1863.4,1196.9,943.6,712.6,625.9,1521.3,760.1,999.1,2085.4
1,1445.5,0.0,546.0,662.8,96.8,192.6,326.7,316.9,505.7,524.1,824.2,740.5,625.5,422.6,77.0,427.7,723.8,599.1,922.1,841.9,821.1,929.9,739.9,414.3,540.0,222.1,772.1,562.6,723.8,346.2,568.9,137.2,393.7,938.0,376.0,1149.7,790.9,354.0,343.4,861.4,685.5,309.8,607.6,475.1,450.8,485.6,162.8,970.8,719.3,314.4,642.3,277.8,876.3,347.3,649.7,260.8,464.7,84.0,670.8,617.4,122.6,741.2,650.2,75.7,276.1,938.0,555.1,446.8,310.2,462.5,602.9,963.7,622.6,556.2,648.3,664.2,954.4,408.7,164.7,837.8,651.1,392.6,809.9,549.0,875.0,539.6,703.3,667.3,654.8,733.7,478.1,230.2,919.9,841.2,254.5,192.7,1008.7,528.6,357.0,704.2,926.3,703.3,524.9,1017.9,669.1,246.9,395.3,963.7,271.5,453.4,539.5,979.9,622.3,630.1,247.9,653.5,532.6,1209.1,821.1,599.1,314.7,433.9,979.1,344.0,126.2,805.3,688.6,680.7,355.1,355.1,694.3,197.2,640.5,617.5,770.0,806.9,576.0,592.5,277.8,700.0,281.5,796.9,179.2,516.4,1082.3,1006.7,950.1,126.2,573.8,494.9,338.8,569.5,64.8,585.6,342.5,670.3,1001.3,955.5,736.4,677.4,873.0,875.0,900.5,420.8,29.7,966.0,117.1,417.3,617.2,945.8,551.5,821.3,243.9,140.0,59.6,211.9,701.2,780.4,970.0,435.2,668.8,200.9,378.5,787.5,935.8,953.7,133.6,700.4,979.2,788.4,819.2,586.8,573.6,186.8,961.4,276.5,962.9,922.3,819.6,681.1,685.4,687.1,671.3
2,1960.0,546.0,0.0,460.6,449.2,738.5,777.8,776.4,1051.7,206.1,1370.2,1286.5,1171.5,968.5,622.9,888.2,1219.9,111.3,1462.9,1387.8,675.3,896.1,1209.7,254.0,1075.6,768.0,1313.1,1023.1,1219.9,806.6,1104.6,683.2,764.5,1484.0,836.5,1690.7,588.7,492.9,803.9,1407.4,1056.3,770.3,119.8,630.0,269.3,856.4,708.8,1341.6,315.8,360.1,158.3,738.3,1422.2,198.9,1119.6,285.1,835.6,535.6,1211.8,129.6,459.9,1287.1,1185.8,527.3,519.1,1484.0,610.0,585.7,558.1,1008.4,400.6,929.8,134.8,277.4,1019.1,1210.1,1325.3,318.1,710.7,1383.7,1021.9,153.4,1355.9,1009.5,1416.1,1085.6,1239.0,1213.3,1200.7,1279.6,252.2,776.1,1465.8,884.3,800.4,738.7,1379.5,541.3,727.8,1239.9,1297.1,1249.3,579.8,1559.0,1215.1,542.3,865.1,855.3,732.0,989.1,594.4,1521.0,1163.4,1100.0,793.8,1149.5,903.4,1720.8,675.3,111.3,453.6,572.8,767.7,890.0,511.3,1351.3,1224.3,1051.5,886.6,886.6,1240.2,555.3,1186.5,1163.5,470.3,939.9,946.9,1138.4,738.3,1246.0,827.5,1342.9,725.1,529.1,1482.4,1547.8,1491.1,511.3,86.0,507.6,799.2,1030.0,516.4,1131.6,888.5,1140.1,1372.1,1496.6,1282.3,1218.5,573.4,1416.1,600.9,559.7,539.7,780.8,454.5,963.3,1163.2,646.2,1087.1,925.5,382.8,686.0,605.5,641.3,1171.1,1326.3,1511.1,981.2,1209.9,496.4,924.5,1328.6,1476.7,1499.6,471.0,1246.3,1493.6,1334.4,1365.2,1132.7,85.8,732.8,764.1,822.4,1504.0,1468.3,1365.6,1052.0,1231.4,1228.2,371.7
3,2076.9,662.8,460.6,0.0,566.0,855.4,745.3,893.3,1168.6,254.5,1487.1,1403.4,1288.4,1085.4,739.8,999.4,1336.8,388.0,1579.8,1504.7,214.7,792.8,1326.6,350.1,1192.5,884.9,1430.0,1140.0,1336.8,923.5,1221.5,800.1,881.4,1600.9,953.4,1761.1,128.1,609.8,920.8,1524.3,1037.2,887.2,442.3,746.9,247.0,973.3,825.7,1322.5,374.2,477.0,372.6,855.2,1539.1,388.2,1236.5,402.0,952.5,652.5,1328.7,452.2,576.8,1404.0,1302.7,644.2,636.0,1600.9,579.1,702.6,675.0,1125.3,59.9,826.6,457.3,183.2,1007.7,1327.0,1306.1,426.2,827.5,1500.6,971.2,418.9,1472.8,1126.4,1533.0,1202.5,1355.9,1330.2,1317.6,1396.5,261.4,893.0,1582.7,781.1,917.3,855.6,1360.4,619.0,844.7,1356.7,1278.0,1366.1,548.9,1675.9,1332.0,659.2,982.0,752.1,848.9,1106.0,563.5,1525.5,1280.3,1216.9,910.7,1266.4,1020.3,1701.7,214.7,388.0,570.5,689.7,664.5,1006.9,628.1,1468.2,1341.2,1032.4,1003.5,1003.5,1357.1,672.2,1303.4,1280.3,367.1,836.7,1046.2,1255.3,855.2,1362.9,944.4,1459.7,842.0,606.8,1463.3,1664.7,1608.0,628.1,374.6,615.7,847.0,1146.9,633.3,1248.5,1005.4,1257.0,1353.0,1562.2,1399.2,1335.4,470.2,1533.0,497.7,676.6,656.6,677.5,571.4,1080.2,1280.1,543.0,1204.0,822.2,499.7,802.9,722.4,739.1,1287.9,1443.2,1627.9,1098.1,1326.8,613.3,1041.4,1445.5,1593.5,1616.5,587.9,1363.2,1610.5,1451.3,1482.1,1249.6,408.3,849.7,660.9,939.3,1620.9,1585.2,1482.5,1032.9,1348.3,1345.1,268.5
4,1542.3,96.8,449.2,566.0,0.0,289.4,394.9,413.7,602.5,427.4,921.0,837.3,722.3,519.4,173.8,495.9,820.6,502.3,1018.9,938.7,780.7,1026.7,836.7,317.5,636.8,318.9,868.9,630.9,820.6,414.4,665.7,234.0,490.5,1034.8,444.3,1246.5,694.1,257.2,411.7,958.2,782.3,378.1,510.8,394.3,354.0,582.4,259.6,1067.6,622.5,217.6,545.5,346.1,973.1,250.5,746.5,164.0,561.5,86.4,767.6,520.6,25.8,838.0,747.0,78.2,179.3,1034.8,500.5,350.0,213.4,559.3,506.1,1060.5,525.8,459.5,745.1,760.9,1051.2,311.9,261.5,934.6,747.9,295.8,906.7,617.2,971.8,636.4,800.1,764.1,751.6,830.5,381.3,327.0,1016.7,938.0,351.3,289.5,1105.5,431.8,453.8,801.0,1023.1,800.1,470.3,1114.7,765.9,150.1,492.1,1058.1,339.8,550.2,484.9,1076.7,719.1,726.9,344.7,750.3,629.4,1305.9,780.7,502.3,217.9,337.1,970.5,440.8,62.1,902.1,785.4,777.5,451.9,451.9,791.1,163.1,737.3,714.3,673.2,903.7,672.8,689.3,346.1,796.8,378.3,893.7,276.0,419.6,1179.1,1103.5,1046.9,62.1,477.0,398.1,407.0,637.8,67.2,682.4,439.3,767.1,1098.0,1052.3,833.2,774.2,776.2,971.8,803.7,324.0,90.5,983.6,20.3,514.1,714.0,849.0,648.3,918.1,147.1,236.8,156.4,249.0,798.0,877.2,1066.8,532.0,765.6,104.1,475.3,884.3,1032.6,1050.5,36.8,797.2,1076.0,885.2,916.0,683.6,476.8,283.6,966.9,373.3,1059.7,1019.1,916.4,777.9,782.2,783.9,574.5
5,1588.3,192.6,738.5,855.4,289.4,0.0,490.7,220.0,665.3,716.7,833.5,810.7,768.2,564.5,115.6,591.6,883.4,791.7,895.7,850.6,985.1,833.0,643.0,606.9,508.9,176.0,745.9,726.6,883.4,510.1,537.8,55.3,296.8,1080.7,540.0,1123.5,983.5,535.2,507.4,870.1,588.6,473.8,800.1,378.2,643.4,388.7,29.7,873.9,911.9,506.9,834.9,441.8,1019.0,539.9,552.8,453.4,367.8,276.5,644.6,810.0,315.1,750.5,619.1,268.3,468.7,1080.7,719.1,486.3,502.7,535.3,795.5,866.8,815.2,748.8,551.4,806.9,857.5,601.2,27.9,980.5,554.2,585.1,867.1,713.0,848.9,528.0,672.2,810.0,797.5,876.4,670.6,42.2,1062.6,744.3,83.4,0.2,911.8,721.2,260.1,673.1,829.4,712.6,688.9,991.7,811.9,421.9,298.4,866.8,435.5,422.4,703.5,953.8,596.1,533.2,59.9,813.1,435.7,1182.9,985.1,791.7,507.3,473.4,882.2,485.4,318.8,948.0,657.5,583.8,261.2,261.2,764.4,361.1,783.2,682.3,962.5,710.0,479.1,735.2,441.8,770.2,184.6,873.1,57.3,709.0,1014.6,980.6,923.9,318.8,766.4,687.5,502.7,733.5,257.3,728.3,502.2,573.4,904.3,929.3,806.5,651.3,1065.6,848.9,1027.7,460.2,222.3,869.1,309.7,482.1,759.9,1003.7,520.4,724.4,436.4,52.5,223.6,375.9,604.3,923.1,943.8,577.2,642.6,393.5,519.9,761.3,909.4,1096.4,326.2,843.1,1121.9,931.1,828.5,729.5,766.2,140.7,864.5,417.8,936.8,1065.0,962.4,584.2,828.1,660.9,863.9
6,1466.9,326.7,777.8,745.3,394.9,490.7,0.0,615.0,720.6,756.0,1088.7,984.0,868.9,666.0,375.1,279.3,726.8,830.9,1220.2,1140.0,615.4,1228.0,1038.0,646.2,838.1,520.2,1070.2,530.0,726.8,313.6,867.0,435.3,691.8,1181.4,343.5,1447.8,617.2,585.8,334.4,1159.5,983.6,300.8,839.4,722.9,682.6,783.7,460.9,1268.9,951.1,508.9,874.1,202.5,951.7,579.1,947.8,492.6,762.8,410.6,968.9,849.3,405.7,1039.3,948.3,402.4,284.4,1181.4,349.4,678.6,255.6,705.9,805.2,1261.8,854.4,788.1,946.4,907.6,1252.5,640.2,462.8,990.2,949.2,624.4,1053.3,516.4,1173.1,837.7,1001.4,910.7,898.2,977.1,709.9,528.3,1163.3,1139.3,552.6,490.8,1306.8,389.3,655.1,1002.3,1224.4,1001.4,319.2,1316.0,912.6,288.4,693.4,1261.8,238.9,751.5,333.8,1278.0,920.4,928.2,546.0,656.4,830.7,1507.2,615.4,830.9,546.5,665.7,1277.2,587.5,452.9,1022.6,986.7,978.8,653.2,653.2,937.7,231.9,883.9,915.6,1001.8,1105.0,874.1,835.9,202.5,943.4,579.6,1040.3,477.3,377.1,1380.4,1304.8,1248.2,452.9,805.6,388.5,114.2,537.0,391.4,829.1,586.0,968.4,1299.4,1253.6,979.8,975.5,1104.8,1173.1,1132.3,652.6,356.4,1264.2,400.3,715.4,860.6,1177.6,849.6,1119.4,475.7,438.1,267.1,180.4,999.3,1023.8,1268.1,678.7,966.9,290.8,622.0,1085.6,1233.9,1197.1,416.8,943.8,1000.6,1031.8,1083.7,830.2,805.4,484.9,1259.5,519.9,1261.0,1165.7,1008.3,979.2,928.8,985.2,903.2
7,1434.1,316.9,776.4,893.3,413.7,220.0,615.0,0.0,785.0,754.6,662.5,689.6,702.2,657.2,239.9,716.0,1003.1,829.6,724.7,679.6,1108.0,651.2,471.4,644.8,337.4,256.4,574.9,850.9,1003.1,634.4,366.3,250.1,115.0,1104.6,664.3,952.5,1021.4,353.4,631.7,699.2,406.8,598.1,838.0,196.4,681.3,206.9,249.7,692.1,949.8,544.8,872.8,566.1,1086.9,577.8,381.3,491.3,186.0,400.8,473.6,847.9,439.4,579.5,447.6,392.6,593.0,1104.6,827.8,304.5,627.0,460.5,833.4,685.0,853.1,786.7,369.6,740.8,675.7,639.1,247.8,1048.4,372.4,623.0,696.2,837.3,677.9,375.5,500.7,744.0,806.4,944.3,708.5,177.8,1130.5,562.5,136.6,219.8,730.0,759.1,78.3,501.6,647.6,541.6,797.6,820.7,745.8,546.2,126.9,685.0,559.8,250.9,812.1,782.8,425.2,361.7,160.1,932.7,253.9,1012.0,1108.0,829.6,397.3,291.6,700.4,563.9,443.1,1016.0,486.0,402.0,148.4,148.4,643.3,485.5,717.2,561.2,976.4,528.2,297.3,815.8,566.1,649.1,163.6,732.6,175.2,746.9,832.8,809.6,752.9,443.1,804.3,725.4,627.1,857.8,381.6,662.3,623.5,401.9,722.5,758.3,685.4,480.3,894.7,677.9,845.9,278.4,346.6,687.3,434.0,361.0,693.9,821.9,348.9,542.6,444.0,252.9,347.9,500.2,432.8,991.0,772.8,669.9,471.6,517.8,522.4,590.3,738.4,1164.3,450.5,911.0,1189.8,999.1,657.5,810.1,804.1,221.1,682.7,516.3,765.8,1133.0,1030.3,402.4,896.1,490.0,901.8
8,958.2,505.7,1051.7,1168.6,602.5,665.3,720.6,785.0,0.0,1029.9,459.8,358.0,227.3,147.7,549.7,632.3,218.1,1104.8,599.7,519.5,1243.5,1331.3,768.6,920.1,618.0,530.8,625.6,413.8,218.1,446.5,647.0,610.0,861.8,539.8,427.1,884.2,1245.4,859.7,550.2,539.0,1086.8,516.6,1113.3,943.2,956.5,953.7,635.6,919.2,1225.0,820.1,1148.0,518.1,443.0,853.0,817.2,766.5,932.9,589.7,482.3,1123.1,628.3,455.5,675.4,581.4,781.8,539.8,977.5,952.5,783.9,331.6,1108.6,1365.0,1128.3,1062.0,1015.9,265.9,906.5,914.4,637.5,439.6,1052.4,898.3,424.4,287.5,611.3,414.7,612.0,269.1,256.5,335.4,983.8,700.5,521.7,1242.5,724.9,665.5,881.3,1017.4,825.1,612.9,957.0,417.6,947.4,752.4,270.9,680.4,677.1,1365.0,481.7,539.8,961.9,716.2,508.3,780.8,718.2,147.7,1000.7,943.6,1243.5,1104.8,820.4,939.6,1380.4,225.5,632.0,407.1,597.3,1082.0,641.2,641.2,311.8,619.6,242.3,378.1,1275.7,1208.2,1044.1,194.2,518.1,317.5,623.7,398.7,649.5,1005.2,818.6,741.3,686.3,632.0,1079.5,1000.6,606.4,183.7,570.5,187.4,225.3,696.6,869.9,691.8,353.9,530.9,1378.7,611.3,1406.2,926.5,535.4,1367.4,622.9,427.8,219.0,1451.5,629.5,1222.7,749.6,612.8,482.0,634.4,729.9,382.1,706.3,135.1,466.1,678.5,267.2,641.0,613.4,555.5,639.3,302.1,491.8,390.2,454.8,188.5,1079.3,566.1,1362.7,274.0,699.2,524.1,421.4,1082.5,287.2,465.9,1177.1
9,1938.2,524.1,206.1,254.5,427.4,716.7,756.0,754.6,1029.9,0.0,1348.4,1264.7,1149.7,946.7,601.1,866.3,1198.1,133.6,1441.1,1366.0,469.2,775.4,1187.9,211.4,1053.8,746.2,1291.3,1001.3,1198.1,784.8,1082.8,661.4,742.7,1462.2,814.7,1668.9,382.6,471.1,782.1,1385.6,1019.8,748.5,187.8,608.2,73.3,834.6,687.0,1305.1,195.2,338.3,118.1,716.5,1400.4,249.5,1097.8,263.3,813.8,513.8,1190.0,197.7,438.1,1265.3,1164.0,505.5,497.3,1462.2,579.4,563.9,536.3,986.6,194.5,809.2,202.9,71.3,990.2,1188.3,1288.7,287.5,688.8,1361.9,953.7,280.2,1334.1,987.7,1394.3,1063.8,1217.2,1191.5,1178.9,1257.8,46.1,754.3,1444.0,763.6,778.6,716.9,1343.0,510.7,706.0,1218.1,1260.5,1227.4,549.3,1537.2,1193.3,520.5,843.3,734.7,710.2,967.3,563.8,1499.2,1141.6,1078.2,772.0,1127.7,881.6,1684.2,469.2,133.6,431.8,551.0,647.0,868.2,489.5,1329.5,1202.5,1014.9,864.8,864.8,1218.4,533.5,1164.7,1141.7,349.7,819.2,925.1,1116.6,716.5,1224.2,805.7,1321.1,703.3,498.5,1445.8,1526.0,1469.3,489.5,120.1,477.0,777.4,1008.2,494.6,1109.8,866.7,1118.3,1335.5,1474.8,1260.5,1196.7,452.7,1394.3,480.2,537.9,517.9,660.1,432.7,941.5,1141.4,525.5,1065.3,804.8,361.0,664.2,583.7,619.5,1149.3,1304.5,1489.2,959.4,1188.1,474.6,902.7,1306.8,1454.9,1477.8,449.2,1224.5,1471.8,1312.6,1343.4,1110.9,153.8,711.0,643.4,800.6,1482.2,1446.5,1343.8,1015.4,1209.6,1206.4,251.1
10,908.7,824.2,1370.2,1487.1,921.0,833.5,1088.7,662.5,459.8,1348.4,0.0,168.3,239.5,436.2,773.4,1079.9,677.9,1423.3,199.3,119.1,1583.1,1198.8,636.1,1238.6,490.0,709.5,493.1,873.6,677.9,906.3,511.8,833.7,739.4,545.6,886.9,483.8,1585.0,977.8,902.6,138.6,954.3,869.0,1431.8,820.8,1275.0,831.2,859.3,786.7,1543.5,1138.6,1466.5,930.0,483.8,1171.5,687.2,1085.0,810.4,908.2,349.8,1441.7,946.8,83.0,542.9,899.9,1100.4,545.6,1317.1,928.8,1123.5,382.9,1427.1,1232.5,1446.8,1380.5,883.4,200.8,774.0,1232.9,861.1,445.4,919.9,1216.8,93.1,747.3,294.7,330.9,479.5,197.7,203.3,341.2,1302.3,791.3,527.5,1110.0,750.1,833.4,748.8,1352.8,702.6,480.4,824.5,120.9,1287.0,352.1,195.8,1020.0,554.7,1232.5,923.7,411.6,1301.5,583.7,380.2,650.7,773.6,607.5,878.2,543.3,1583.1,1423.3,1021.7,915.9,1247.9,517.8,950.5,412.9,464.8,949.5,575.7,575.7,151.0,959.2,224.5,353.1,1523.9,1075.7,921.7,323.0,930.0,198.2,652.3,129.5,788.8,1340.6,686.1,340.9,387.2,950.5,1398.0,1319.2,1018.4,643.5,889.0,279.3,577.6,564.1,737.4,559.3,108.9,398.4,1442.2,294.7,1393.4,902.8,853.9,1234.9,941.4,406.9,247.8,1369.4,501.5,1090.2,1068.1,836.5,821.6,974.0,597.4,387.9,407.1,423.6,333.6,1018.1,474.6,508.5,213.0,561.3,957.9,307.9,586.7,396.0,5.0,304.2,1397.8,744.7,1230.2,583.5,400.1,529.9,427.2,949.9,293.0,333.4,1495.6
11,1017.5,740.5,1286.5,1403.4,837.3,810.7,984.0,689.6,358.0,1264.7,168.3,0.0,235.8,334.4,695.1,977.2,576.1,1339.6,308.1,227.9,1478.3,1228.0,665.3,1154.9,518.7,659.6,522.3,771.8,576.1,804.5,541.0,755.3,766.4,541.9,785.1,592.7,1480.2,1004.8,799.9,247.5,983.5,766.2,1348.1,847.8,1191.3,858.3,780.9,815.9,1459.8,1054.9,1382.8,827.3,480.2,1087.8,717.9,1001.3,837.4,824.5,379.0,1358.0,863.1,191.9,572.1,816.2,1016.7,541.9,1212.4,955.9,1018.7,278.1,1343.4,1261.7,1363.1,1296.8,912.6,197.2,803.2,1149.2,782.8,441.7,949.1,1133.1,132.9,645.5,403.6,315.3,508.7,194.0,199.6,337.6,1218.6,799.9,523.8,1139.2,758.7,810.8,778.0,1252.3,729.7,509.6,853.7,229.8,1182.2,460.9,192.2,915.2,581.7,1261.7,821.0,440.5,1196.7,612.9,408.9,681.4,782.2,505.8,905.3,652.1,1478.3,1339.6,1048.7,942.9,1277.1,413.0,866.8,409.3,494.0,978.7,584.3,584.3,46.2,854.4,220.8,274.8,1510.5,1104.9,948.7,319.3,827.3,93.4,660.9,125.9,778.3,1240.0,715.3,449.7,496.1,866.8,1314.3,1235.5,915.7,541.7,805.3,227.4,475.8,593.3,766.6,588.5,59.4,427.6,1471.4,403.6,1422.6,929.8,770.2,1264.1,857.7,328.6,244.1,1398.6,530.2,1119.4,984.4,758.1,716.9,869.2,626.6,384.3,516.0,321.8,362.8,913.3,369.9,537.7,321.9,557.6,874.2,304.3,583.1,392.4,163.3,300.5,1314.1,694.8,1259.4,478.7,508.9,526.3,423.6,979.1,289.4,362.6,1411.9
12,962.3,625.5,1171.5,1288.4,722.3,768.2,868.9,702.2,227.3,1149.7,239.5,235.8,0.0,203.7,652.6,847.4,445.4,1224.6,379.3,299.1,1363.3,1240.6,677.9,1039.9,531.3,633.7,534.9,641.1,445.4,673.8,553.6,712.9,779.0,454.7,654.3,663.8,1365.2,979.5,670.0,318.7,996.1,636.4,1233.1,860.4,1076.3,870.9,738.5,828.5,1344.8,939.9,1267.8,697.5,393.0,972.8,730.5,886.3,850.0,709.5,391.6,1242.9,748.1,263.1,584.7,701.2,901.6,454.7,1097.3,968.5,903.7,290.7,1228.4,1274.3,1248.1,1181.8,925.2,38.6,815.8,1034.2,740.4,354.5,961.7,1018.1,204.1,514.7,474.8,327.9,521.3,41.8,112.4,250.4,1103.6,803.5,436.6,1151.8,771.3,768.4,790.6,1137.2,742.3,522.2,866.3,300.9,1067.2,532.1,43.6,800.2,594.3,1274.3,691.2,453.1,1081.7,625.5,421.5,694.0,794.8,375.0,917.9,723.3,1363.3,1224.6,940.2,955.5,1289.7,318.5,751.8,322.0,506.6,991.3,596.9,596.9,218.5,739.4,15.0,287.4,1395.5,1117.5,961.3,232.1,697.5,226.8,673.5,178.3,752.4,1125.0,727.9,520.9,567.2,751.8,1199.3,1120.4,785.8,410.9,690.3,39.9,345.1,605.9,779.2,601.1,176.5,440.2,1484.0,474.8,1435.2,942.4,655.2,1276.7,742.7,341.2,8.3,1411.2,542.8,1132.0,869.4,715.7,601.8,754.2,639.2,297.1,587.2,191.0,375.4,798.3,340.9,550.3,393.0,470.4,759.1,217.1,495.9,305.2,234.5,213.3,1199.1,669.0,1272.0,376.9,580.1,439.0,336.4,991.7,202.2,375.2,1296.9
13,1023.7,422.6,968.5,1085.4,519.4,564.5,666.0,657.2,147.7,946.7,436.2,334.4,203.7,0.0,448.9,644.4,365.8,1021.7,576.1,495.9,1160.4,1217.5,669.5,836.9,486.5,430.1,526.5,561.5,365.8,562.9,515.5,509.2,734.1,516.2,574.8,860.6,1162.3,776.6,467.1,515.4,973.0,433.5,1030.2,815.5,873.4,825.9,534.8,895.6,1141.9,737.0,1064.9,494.6,454.4,769.9,685.7,683.4,805.1,506.5,425.2,1040.0,545.2,431.9,576.3,498.3,698.7,516.2,894.4,869.4,700.8,200.1,1025.5,1251.3,1045.2,978.8,902.1,242.3,882.9,831.3,536.7,416.0,938.6,815.2,400.8,435.2,587.7,283.2,512.9,245.5,232.9,311.8,900.7,599.8,498.1,1128.7,624.1,564.7,857.7,934.3,697.3,513.8,933.4,394.0,864.3,728.8,247.3,597.3,549.4,1251.2,488.3,408.3,878.8,692.6,376.7,649.2,617.5,295.5,872.9,920.0,1160.4,1021.7,737.3,856.5,1266.6,114.8,548.8,383.5,498.2,968.2,540.4,540.4,288.2,536.5,218.7,354.5,1192.6,1094.5,916.4,170.6,494.6,293.9,522.9,375.1,548.8,922.1,795.0,717.7,662.8,548.8,996.4,917.5,582.9,331.4,487.4,163.8,142.1,597.6,846.3,668.2,330.3,431.9,1295.6,587.7,1323.1,843.4,452.3,1253.6,539.7,296.3,195.4,1368.4,498.0,1108.9,666.5,512.0,398.9,551.3,630.8,358.5,682.7,12.6,423.2,595.4,137.2,541.9,589.8,531.9,556.2,278.5,557.3,366.6,431.2,165.0,996.2,465.3,1248.9,173.2,675.6,500.5,397.8,968.7,263.6,441.6,1093.9
14,1472.6,77.0,622.9,739.8,173.8,115.6,375.1,239.9,549.7,601.1,773.4,695.1,652.6,448.9,0.0,476.0,767.8,676.1,871.2,791.0,869.5,853.0,662.9,491.3,489.1,145.1,721.2,611.0,767.8,394.5,518.1,60.3,316.7,965.1,424.4,1098.8,867.9,431.0,391.8,810.6,608.5,358.2,684.5,398.2,527.8,408.6,85.9,893.8,796.3,391.3,719.2,326.2,903.4,424.3,572.8,337.8,387.8,160.9,619.9,694.4,199.5,690.3,599.3,152.6,353.1,965.1,603.5,506.2,387.1,419.6,679.9,886.8,699.5,633.2,571.3,691.2,877.5,485.6,87.7,864.9,574.1,469.5,764.4,597.3,824.2,488.8,652.5,694.4,681.9,760.8,555.0,153.2,947.0,764.2,177.5,115.8,931.7,605.6,280.0,653.4,849.3,652.5,573.3,967.1,696.2,306.3,318.3,886.7,319.9,402.5,587.8,929.1,571.5,553.2,170.9,697.5,455.6,1158.3,869.5,676.1,391.7,493.3,902.1,369.8,203.2,832.4,637.8,603.7,278.9,278.9,648.8,245.5,667.6,566.7,846.9,730.0,499.1,619.6,326.2,654.6,204.6,757.4,102.2,593.4,1031.5,955.9,899.2,203.2,650.7,571.9,387.1,617.9,141.7,612.7,386.6,593.3,924.3,904.6,690.9,626.6,949.9,824.2,977.4,480.2,106.7,889.1,194.1,366.5,644.3,1022.8,500.6,744.4,320.8,63.1,108.0,260.3,624.3,807.5,919.1,461.6,618.0,277.9,404.3,736.7,885.0,980.8,210.6,727.5,1006.3,815.5,768.4,613.9,650.5,109.9,884.4,302.2,912.1,949.4,846.7,604.2,712.5,636.3,748.3
15,1378.6,427.7,888.2,999.4,495.9,591.6,279.3,716.0,632.3,866.3,1079.9,977.2,847.4,644.4,476.0,0.0,638.5,941.3,1219.8,1139.6,869.4,1329.0,1062.7,756.5,862.5,567.2,1094.5,441.7,638.5,260.9,891.4,536.3,792.8,1137.6,290.8,1472.1,871.3,696.2,281.7,1159.1,1084.6,248.1,949.8,833.3,793.0,884.7,561.9,1369.9,1061.5,656.6,984.5,149.9,863.4,689.5,972.6,603.0,863.8,511.6,993.2,959.6,506.7,1063.7,972.7,503.3,474.0,1137.6,603.4,789.0,445.2,699.1,945.1,1362.8,964.8,898.4,1047.4,886.0,1353.5,750.9,563.8,901.8,1050.2,734.8,1044.5,428.1,1197.5,862.1,1025.8,889.2,876.6,955.5,820.3,629.3,1119.5,1240.2,653.6,591.8,1407.8,643.3,756.1,1026.7,1325.4,1025.8,573.3,1340.4,891.0,393.6,718.1,1362.8,186.2,775.8,587.8,1302.4,944.8,953.0,647.0,568.1,931.7,1531.6,869.4,941.3,656.9,776.1,1378.2,566.0,553.9,934.3,1011.1,1079.8,677.6,677.6,931.0,332.9,862.4,940.0,1112.2,1206.0,975.1,814.3,149.9,936.7,660.1,1018.8,578.3,631.1,1404.8,1329.2,1272.5,553.9,916.0,642.5,165.1,448.6,492.4,807.5,564.4,993.1,1400.3,1278.0,973.0,999.9,1215.2,1197.5,1242.7,763.0,457.4,1365.1,501.3,739.8,839.1,1288.0,873.9,1220.4,586.1,539.1,368.1,347.6,1024.0,979.9,1292.4,657.1,991.3,391.8,615.2,1110.0,1233.5,1153.3,517.8,922.2,912.2,988.0,1074.9,808.6,915.8,585.9,1360.4,498.5,1285.4,1121.9,920.0,1080.2,907.3,1009.6,1013.5
16,740.1,723.8,1219.9,1336.8,820.6,883.4,726.8,1003.1,218.1,1198.1,677.9,576.1,445.4,365.8,767.8,638.5,0.0,1273.0,817.8,737.5,1288.5,1549.4,986.7,1088.3,836.1,748.9,843.7,420.0,0.0,452.7,865.1,828.1,1079.9,499.1,433.3,995.9,1290.4,1027.9,613.4,757.1,1304.9,579.8,1281.5,1161.3,1124.7,1171.8,853.7,1137.3,1393.2,988.3,1316.2,524.3,224.9,1021.2,1035.3,934.7,1150.9,807.8,700.4,1291.3,846.4,673.6,893.5,799.5,829.8,499.1,1022.5,1120.7,828.9,549.7,1276.8,1583.1,1296.5,1230.2,1234.0,484.0,1124.6,1082.6,855.6,263.4,1270.5,1066.5,642.5,293.6,829.4,632.8,830.1,487.2,474.6,367.5,1152.0,918.6,481.0,1460.6,943.0,883.6,1099.4,1062.4,1043.2,831.0,1175.1,635.7,992.4,970.5,489.0,725.4,895.2,1583.1,487.9,757.9,1006.9,934.3,726.4,998.8,936.3,70.4,1218.8,1055.3,1288.5,1273.0,988.6,1107.8,1598.5,443.6,850.0,295.8,815.4,1300.1,859.3,859.3,529.9,664.6,460.4,596.2,1443.9,1426.3,1262.2,412.3,524.3,535.6,841.8,616.8,867.6,1050.2,1036.7,959.3,904.4,850.0,1247.7,1061.6,612.6,189.8,788.6,405.5,443.3,914.7,1088.0,909.9,572.0,749.0,1546.9,829.4,1574.4,1094.7,753.5,1585.5,841.0,645.9,437.1,1619.7,847.6,1440.8,917.8,830.9,700.1,679.4,948.0,341.5,924.3,353.2,684.2,723.5,485.3,859.1,831.5,514.8,857.4,400.8,273.7,349.5,672.9,406.6,1247.5,784.2,1580.8,492.1,917.3,483.4,281.5,1300.5,415.7,684.0,1345.3
17,2013.1,599.1,111.3,388.0,502.3,791.7,830.9,829.6,1104.8,133.6,1423.3,1339.6,1224.6,1021.7,676.1,941.3,1273.0,0.0,1516.1,1441.0,602.7,823.5,1262.8,307.1,1128.8,821.2,1366.3,1076.3,1273.0,859.8,1157.7,736.3,817.7,1537.1,889.7,1743.9,516.1,546.1,857.1,1460.5,1067.9,823.4,93.0,683.2,206.9,909.6,761.9,1353.2,243.3,413.3,85.8,791.4,1475.4,252.0,1172.7,338.3,888.7,588.7,1265.0,102.9,513.1,1340.3,1239.0,580.5,572.3,1537.1,663.1,638.9,611.3,1061.6,328.1,857.3,108.0,204.9,1038.4,1263.3,1336.8,371.2,763.8,1436.9,1001.9,206.5,1409.0,1062.6,1469.3,1138.7,1292.1,1266.4,1253.9,1332.8,179.7,829.3,1519.0,811.8,853.6,791.8,1391.1,594.5,781.0,1293.0,1308.7,1302.4,633.0,1612.1,1268.2,595.5,918.3,782.8,785.1,1042.3,647.5,1556.2,1216.6,1153.1,847.0,1202.7,956.6,1732.4,602.7,0.0,506.8,626.0,695.2,943.1,564.4,1404.4,1277.4,1063.1,939.8,939.8,1293.4,608.4,1239.6,1216.6,397.8,867.4,1000.0,1191.6,791.4,1299.1,880.6,1396.0,778.3,582.2,1494.0,1601.0,1544.3,564.4,25.3,560.8,852.4,1083.2,569.5,1184.7,941.6,1193.3,1383.7,1549.7,1335.5,1271.7,500.9,1469.3,528.3,612.8,592.8,708.2,507.6,1016.4,1216.3,573.7,1140.3,852.9,435.9,739.1,658.7,694.4,1224.2,1379.5,1564.2,1034.3,1263.0,549.5,977.6,1381.7,1529.8,1552.8,524.1,1299.5,1546.8,1387.5,1418.3,1185.9,59.0,785.9,691.6,875.6,1557.2,1521.4,1418.7,1063.5,1284.5,1281.4,299.2
18,848.1,922.1,1462.9,1579.8,1018.9,895.7,1220.2,724.7,599.7,1441.1,199.3,308.1,379.3,576.1,871.2,1219.8,817.8,1516.1,0.0,104.2,1714.6,1155.0,592.3,1331.3,497.0,771.6,449.3,1013.4,817.8,1046.2,468.1,925.8,801.5,529.3,1026.7,284.5,1707.9,1039.9,1042.4,123.8,910.5,1008.8,1524.6,882.9,1367.8,893.4,925.4,721.1,1636.3,1231.3,1559.3,1069.9,623.7,1264.3,643.5,1177.8,872.5,1006.0,306.0,1534.4,1044.6,180.9,499.2,997.8,1198.2,529.3,1448.6,991.0,1232.2,522.7,1519.9,1188.8,1539.6,1473.2,839.6,340.7,708.3,1325.7,923.5,585.2,876.1,1309.5,232.9,887.1,95.4,393.1,435.7,337.5,343.1,481.1,1395.1,853.5,595.2,1066.2,812.3,895.5,683.2,1445.6,764.8,436.6,758.8,218.8,1418.4,152.7,335.7,1151.4,616.8,1188.7,1063.6,473.8,1433.0,518.1,354.5,607.0,835.8,747.4,940.4,344.0,1714.6,1516.1,1083.8,978.1,1204.1,657.6,1048.3,552.8,421.0,905.7,637.8,637.8,290.9,1090.7,364.3,451.0,1480.2,1032.0,911.9,462.8,1069.9,338.0,714.4,269.4,850.9,1433.4,620.5,141.6,187.9,1048.3,1490.8,1411.9,1158.2,783.3,986.8,419.2,717.4,520.4,671.7,493.6,248.8,354.7,1398.5,95.4,1349.6,964.9,951.8,1191.1,1039.2,504.8,387.6,1325.7,485.5,1046.4,1130.5,928.6,953.1,1105.4,553.7,527.8,207.8,563.4,289.8,1123.0,614.5,464.7,13.7,629.0,1055.7,447.8,726.6,535.9,194.3,444.0,1490.6,806.9,1186.4,723.4,200.8,652.6,567.1,906.2,432.9,289.7,1578.8
19,813.6,841.9,1387.8,1504.7,938.7,850.6,1140.0,679.6,519.5,1366.0,119.1,227.9,299.1,495.9,791.0,1139.6,737.5,1441.0,104.2,0.0,1634.4,1109.9,547.2,1256.2,452.0,726.5,404.2,933.2,737.5,966.0,423.0,851.3,756.4,484.2,946.5,388.7,1632.8,994.8,962.2,19.6,865.5,928.6,1449.5,837.8,1292.7,848.3,876.9,694.2,1561.2,1156.2,1484.2,989.7,543.5,1189.2,598.4,1102.7,827.5,925.8,261.0,1459.3,964.4,100.7,454.1,917.6,1118.0,484.2,1368.4,945.9,1152.0,442.5,1444.8,1143.7,1464.5,1398.1,794.5,260.5,681.5,1250.6,878.8,505.0,831.0,1234.4,152.7,806.9,199.7,348.0,390.6,257.3,262.9,400.9,1319.9,808.4,550.1,1021.1,767.2,850.4,656.3,1370.5,719.7,391.5,732.0,138.6,1338.2,257.0,255.5,1071.2,571.8,1143.7,983.4,428.7,1352.8,491.2,309.4,561.9,790.7,667.2,895.3,448.2,1634.4,1441.0,1038.7,933.0,1159.1,577.4,968.1,472.5,375.9,860.6,592.7,592.7,210.7,1010.4,284.1,370.8,1435.1,986.9,866.8,382.6,989.7,257.8,669.4,189.2,805.9,1358.3,593.6,245.8,292.2,968.1,1415.7,1336.8,1078.0,703.1,906.6,339.0,637.2,475.3,644.9,466.8,168.6,309.6,1353.4,199.7,1304.6,919.9,871.6,1146.0,959.0,424.6,307.4,1280.6,440.5,1001.3,1085.7,854.1,872.9,1025.2,508.6,447.6,312.1,483.2,244.8,1042.8,534.3,419.7,118.0,584.0,975.5,367.6,646.4,455.6,114.1,363.8,1415.5,761.8,1141.3,643.2,305.0,589.5,486.9,861.1,352.6,244.6,1513.2
20,2028.6,821.1,675.3,214.7,780.7,985.1,615.4,1108.0,1243.5,469.2,1583.1,1478.3,1363.3,1160.4,869.5,869.4,1288.5,602.7,1714.6,1634.4,0.0,1007.5,1532.4,564.8,1332.5,1014.6,1564.6,1091.7,1288.5,875.3,1361.4,929.7,1096.1,1675.8,905.2,1942.2,86.6,824.5,872.5,1653.9,1251.9,838.9,657.0,961.6,461.7,1188.0,955.3,1537.2,588.9,608.7,587.3,805.4,1513.4,602.9,1442.2,616.7,1167.2,867.2,1463.3,666.8,791.5,1533.7,1442.7,858.9,614.7,1675.8,449.1,917.3,574.7,1200.3,274.6,1041.3,672.0,397.9,1222.4,1402.0,1520.8,640.9,957.2,1551.9,1185.9,633.6,1547.7,1078.1,1667.5,1332.1,1495.8,1405.1,1392.6,1471.5,476.1,1022.7,1657.7,995.8,1047.0,985.2,1575.1,489.0,1059.4,1496.7,1492.7,1495.8,419.0,1810.4,1407.0,643.6,1187.8,966.8,800.6,1245.9,433.5,1740.2,1414.8,1422.6,1040.4,1218.1,1235.0,1916.4,0.0,602.7,785.2,904.4,879.2,1081.9,842.8,1543.1,1481.1,1247.1,1147.6,1147.6,1432.1,695.1,1378.3,1410.0,581.8,1051.3,1260.9,1330.3,805.4,1437.8,1074.0,1534.7,971.7,476.8,1677.9,1799.2,1742.6,842.8,589.3,488.3,717.1,1098.7,848.0,1323.5,1080.4,1462.8,1567.7,1748.0,1474.2,1469.9,684.8,1667.5,712.3,891.3,850.8,892.2,786.1,1209.8,1355.0,757.6,1344.0,1036.9,714.3,932.5,761.5,609.1,1493.7,1518.2,1762.5,1173.1,1461.3,689.6,1116.4,1580.0,1728.3,1691.5,802.6,1438.2,1562.3,1526.2,1578.1,1324.6,623.0,979.3,875.6,1014.3,1755.4,1660.1,1557.5,1247.5,1423.2,1479.6,483.2
21,1832.0,929.9,896.1,792.8,1026.7,833.0,1228.0,651.2,1331.3,775.4,1198.8,1228.0,1240.6,1217.5,853.0,1329.0,1549.4,823.5,1155.0,1109.9,1007.5,0.0,658.5,882.9,766.0,869.5,950.3,1464.0,1549.4,1247.5,737.1,863.2,536.2,1534.9,1277.4,1068.8,920.9,877.8,1244.8,1129.5,344.9,1211.2,877.8,720.8,779.8,444.4,862.8,630.2,669.1,1009.9,737.7,1179.2,1623.1,921.0,686.9,934.9,465.2,1013.9,849.0,887.6,1052.5,1115.7,768.2,1005.6,1135.1,1534.9,1250.9,828.8,1174.1,1060.9,732.9,54.0,892.8,716.0,315.4,1279.2,613.8,959.0,860.9,1584.7,278.9,951.7,1232.4,1450.3,1071.4,934.3,821.3,1282.4,1342.6,1480.5,794.2,790.9,1600.9,278.0,749.6,832.9,668.1,1182.3,573.0,822.2,585.7,1077.8,1220.8,1214.2,1284.2,1158.3,739.9,113.0,1172.9,850.9,1235.3,833.2,855.4,650.4,773.2,1479.0,397.4,1009.4,1007.5,823.5,921.7,815.9,128.3,1164.4,1056.2,1552.2,806.6,340.1,761.4,761.4,1181.7,1098.5,1255.6,1121.2,425.7,123.0,353.9,1354.2,1179.2,1187.5,776.7,1268.8,788.3,1170.0,770.9,1203.1,1146.4,1056.2,810.1,1148.6,1240.1,1470.9,994.7,1200.7,1224.0,653.2,660.7,869.9,1223.8,855.6,322.7,1071.4,457.2,802.8,959.6,115.3,1047.1,961.4,1232.3,249.9,754.5,108.6,968.3,866.0,961.0,1113.3,619.9,1527.3,1166.3,1230.1,892.2,1112.3,1122.9,965.7,1153.1,1634.7,1063.6,1447.2,1726.0,1535.3,1193.7,1348.5,843.8,834.2,398.2,1116.9,1159.3,1658.3,1566.5,340.5,1432.3,865.3,524.3
22,1301.7,739.9,1209.7,1326.6,836.7,643.0,1038.0,471.4,768.6,1187.9,636.1,665.3,677.9,669.5,662.9,1062.7,986.7,1262.8,592.3,547.2,1532.4,658.5,0.0,1078.1,203.3,518.9,387.6,1182.4,986.7,981.2,174.4,673.1,548.3,972.3,1011.1,783.3,1454.7,786.7,885.4,566.8,414.1,851.7,1271.3,629.7,1114.6,505.9,672.7,699.4,1227.1,978.1,1295.7,912.8,1060.5,1011.1,228.3,924.6,526.7,823.8,286.3,1281.2,862.4,553.0,205.5,815.5,1016.0,972.3,1261.0,737.7,1050.0,534.8,1266.7,692.3,1286.3,1220.0,343.1,716.5,683.0,1072.4,670.8,1022.0,379.6,1056.3,669.7,1056.0,508.7,386.3,258.6,719.7,779.9,917.8,1141.8,600.8,1038.2,569.7,559.6,642.8,737.3,1192.4,511.6,259.5,654.9,515.1,1230.9,651.5,721.5,969.2,363.6,692.3,906.5,324.8,1245.4,613.6,292.7,191.9,583.1,916.3,458.8,842.8,1532.4,1262.8,830.6,724.8,707.7,638.3,866.1,989.5,243.9,409.3,385.1,385.1,619.0,908.4,692.9,573.2,983.7,535.5,415.4,791.5,912.8,624.8,461.7,706.2,598.2,1180.1,716.0,640.4,583.7,866.1,1237.5,1158.7,1001.2,952.2,804.6,638.0,697.9,71.9,729.8,589.1,661.1,293.0,902.0,508.7,853.2,711.7,769.6,694.6,857.0,435.3,669.6,829.2,191.9,549.9,877.3,675.9,770.9,923.2,38.6,964.6,603.6,682.1,329.5,940.8,596.8,403.0,590.4,1072.0,873.5,884.5,1163.4,972.6,631.1,785.8,1237.3,554.2,689.9,590.8,596.6,1095.6,1003.8,409.7,869.6,302.6,1082.3
23,1828.4,414.3,254.0,350.1,317.5,606.9,646.2,644.8,920.1,211.4,1238.6,1154.9,1039.9,836.9,491.3,756.5,1088.3,307.1,1331.3,1256.2,564.8,882.9,1078.1,0.0,944.0,636.4,1181.5,891.5,1088.3,675.0,973.0,551.6,632.9,1352.4,704.9,1559.1,478.2,361.3,672.3,1275.8,924.7,638.7,315.6,498.4,138.0,724.8,577.2,1210.0,406.5,228.5,329.5,606.7,1290.6,139.7,988.0,153.5,704.0,404.0,1080.2,325.4,328.3,1155.5,1054.2,395.7,387.5,1352.4,469.6,454.1,426.5,876.8,290.1,916.7,330.6,243.5,887.5,1078.5,1193.6,177.7,579.0,1252.1,890.3,170.4,1224.3,877.9,1284.5,954.0,1107.4,1081.7,1069.1,1148.0,165.3,644.5,1334.2,871.1,668.8,607.1,1247.9,400.9,596.2,1108.3,1165.5,1117.6,439.5,1427.4,1083.5,410.7,733.5,842.2,600.4,857.5,454.0,1389.4,1031.8,968.4,662.2,1017.9,771.8,1589.2,564.8,307.1,322.0,441.2,754.5,758.4,379.6,1219.7,1092.7,919.9,755.0,755.0,1108.6,423.7,1054.9,1031.9,457.2,926.7,815.3,1006.8,606.7,1114.4,695.9,1211.2,593.5,388.7,1350.8,1416.2,1359.5,379.6,281.8,367.2,667.6,898.4,384.8,1000.0,756.9,1008.5,1240.5,1365.0,1150.7,1086.9,560.2,1284.5,587.7,428.1,408.1,767.6,322.9,831.7,1031.6,633.0,955.5,912.3,251.2,554.4,473.9,509.7,1039.4,1194.7,1379.4,849.6,1078.3,364.8,792.9,1197.0,1345.0,1368.0,339.4,1114.7,1362.0,1202.8,1233.6,1001.1,281.6,601.2,750.9,690.8,1372.4,1336.7,1234.0,920.4,1099.8,1096.6,358.6
24,1206.4,540.0,1075.6,1192.5,636.8,508.9,838.1,337.4,618.0,1053.8,490.0,518.7,531.3,486.5,489.1,862.5,836.1,1128.8,497.0,452.0,1332.5,766.0,203.3,944.0,0.0,384.8,292.3,997.4,836.1,781.0,28.9,539.0,414.2,877.0,810.8,688.0,1320.6,652.6,685.1,471.5,521.6,651.5,1137.3,495.6,980.5,506.1,538.6,721.3,1249.0,844.1,1172.0,712.6,914.4,877.0,240.7,790.5,485.3,623.9,191.0,1147.1,662.6,406.9,110.2,615.7,816.1,877.0,1066.5,603.7,850.2,331.5,1132.6,799.8,1152.3,1085.9,450.7,569.9,708.6,938.4,536.8,875.9,487.2,922.3,523.6,905.5,413.4,203.4,163.3,573.1,633.8,771.8,1007.8,466.7,942.9,677.2,425.5,508.8,683.4,1058.3,377.5,164.2,759.1,369.1,1036.3,556.3,574.9,769.3,229.6,799.8,706.3,121.5,1050.9,518.3,179.6,204.2,449.0,765.8,553.1,747.5,1332.5,1128.8,696.5,590.8,815.2,434.9,666.2,843.4,148.6,516.8,251.1,251.1,472.4,708.6,546.3,390.3,1091.2,643.0,522.9,644.9,712.6,478.2,327.7,560.1,464.2,1046.1,620.7,545.1,488.4,666.2,1103.5,1024.6,800.9,801.7,604.7,491.4,494.5,131.4,672.0,493.8,514.5,197.7,1009.5,413.4,960.7,577.7,569.7,802.1,657.1,232.0,523.0,936.7,11.5,657.4,743.2,541.8,571.0,723.3,164.7,818.5,508.3,499.2,234.3,740.9,393.4,307.7,495.1,976.7,673.6,738.5,1017.3,826.5,485.0,639.2,1103.3,420.1,797.4,387.5,501.3,960.4,857.7,517.2,723.5,207.4,1189.8
25,1453.8,222.1,768.0,884.9,318.9,176.0,520.2,256.4,530.8,746.2,709.5,659.6,633.7,430.1,145.1,567.2,748.9,821.2,771.6,726.5,1014.6,869.5,518.9,636.4,384.8,0.0,621.8,702.2,748.9,485.7,413.8,155.3,333.2,946.2,515.6,999.4,1013.0,571.6,389.9,746.1,625.0,356.3,829.7,414.6,672.9,425.1,180.9,910.3,941.4,536.4,864.4,417.4,884.5,569.4,428.8,482.9,404.3,306.0,520.5,839.5,344.7,626.4,495.0,297.8,498.2,946.2,748.6,522.7,532.2,384.2,825.0,903.3,844.7,778.3,587.8,672.4,893.9,630.8,182.8,846.0,590.6,614.6,729.0,688.5,724.8,404.0,548.2,675.6,663.0,741.9,700.2,169.7,928.1,780.7,194.0,175.8,948.2,750.7,296.5,549.1,865.8,588.5,718.4,867.7,677.4,451.4,174.3,903.2,411.1,298.3,733.0,829.7,472.1,409.2,187.4,678.6,472.1,1058.9,1014.6,821.2,536.8,509.8,918.6,350.9,348.3,813.6,533.5,620.2,133.8,133.8,613.3,390.7,648.7,531.2,992.0,746.4,515.5,600.7,417.4,619.1,116.3,722.0,118.7,738.5,932.1,856.5,799.8,348.3,795.9,717.0,505.7,709.1,286.8,593.9,368.1,449.3,940.8,805.2,655.4,527.2,1095.1,724.8,1064.1,496.6,251.8,905.6,339.2,331.0,625.5,1040.1,396.3,760.9,465.9,158.1,253.1,405.4,480.3,788.6,819.7,442.7,518.6,423.0,385.4,637.3,785.3,961.9,355.7,708.6,987.4,796.7,704.4,595.0,795.7,35.3,900.9,283.4,812.7,930.6,827.9,620.7,693.7,536.9,893.4
26,1158.7,772.1,1313.1,1430.0,868.9,745.9,1070.2,574.9,625.6,1291.3,493.1,522.3,534.9,526.5,721.2,1094.5,843.7,1366.3,449.3,404.2,1564.6,950.3,387.6,1181.5,292.3,621.8,0.0,1039.4,843.7,1013.0,263.4,776.0,651.7,829.2,1042.9,640.3,1558.1,890.1,917.2,423.8,705.8,883.6,1374.8,733.1,1218.0,743.6,775.6,673.6,1486.5,1081.6,1409.5,944.7,917.4,1114.5,438.7,1028.0,722.8,856.0,143.3,1384.6,894.6,410.0,294.4,847.7,1048.2,829.2,1298.6,841.2,1082.2,422.3,1370.1,984.0,1389.8,1323.4,634.9,573.5,660.8,1175.9,773.7,879.0,671.4,1159.8,526.7,913.0,365.7,243.3,231.0,576.7,636.9,774.8,1245.3,703.7,895.2,861.5,662.5,745.7,635.7,1295.8,615.0,231.9,711.3,372.1,1268.4,508.5,578.5,1001.4,467.0,984.0,938.4,324.0,1282.9,470.6,149.7,402.3,686.0,773.3,750.6,699.8,1564.6,1366.3,934.0,828.3,999.4,557.4,898.3,846.5,216.3,701.0,488.0,488.0,476.0,940.6,549.9,430.2,1275.4,827.2,707.1,648.5,944.7,481.8,564.6,563.1,701.1,1283.6,572.9,497.4,440.7,898.3,1341.0,1262.1,1033.0,809.2,836.8,495.0,621.4,315.6,624.2,446.1,518.1,94.6,1193.7,365.7,1144.9,815.1,801.8,986.4,889.2,365.0,526.6,1120.9,280.8,841.7,980.7,778.8,803.1,955.4,348.9,821.6,460.6,539.1,186.5,973.0,514.3,15.4,447.4,929.0,905.7,741.5,1020.4,829.6,488.0,642.8,1340.8,657.1,981.7,619.6,453.6,952.6,860.8,701.4,726.6,159.6,1374.1
27,1160.1,562.6,1023.1,1140.0,630.9,726.6,530.0,850.9,413.8,1001.3,873.6,771.8,641.1,561.5,611.0,441.7,420.0,1076.3,1013.4,933.2,1091.7,1464.0,1182.4,891.5,997.4,702.2,1039.4,0.0,420.0,255.9,1026.4,671.3,927.7,919.1,236.5,1298.0,1093.6,831.2,416.7,952.8,1219.5,383.0,1084.7,968.3,928.0,1019.6,696.9,1333.0,1196.5,791.5,1119.4,327.5,644.9,824.5,1107.5,738.0,998.8,646.6,896.1,1094.6,641.6,869.2,1089.2,638.3,633.1,919.1,825.7,924.0,632.1,745.4,1080.1,1497.8,1099.7,1033.4,1182.3,679.7,1320.3,885.8,698.7,683.3,1185.1,869.7,838.2,209.6,1025.1,828.5,1025.8,682.9,670.3,749.2,955.2,764.2,900.9,1375.2,788.5,726.7,1295.1,865.6,891.0,1026.6,1370.8,831.4,795.6,1166.2,684.7,528.6,853.1,1497.7,291.1,910.8,810.1,1130.0,922.0,1087.9,781.9,349.6,1066.6,1357.4,1091.7,1076.3,791.9,911.1,1513.1,639.3,688.9,715.8,1011.1,1214.7,812.5,812.5,725.6,467.8,656.1,791.9,1247.1,1341.0,1110.1,608.0,327.5,731.3,795.0,812.4,713.2,853.4,1232.4,1155.0,1100.1,688.9,1050.9,864.9,415.8,230.1,627.4,601.2,639.0,1110.4,1283.7,1105.6,767.7,944.7,1350.1,1025.1,1377.6,897.9,592.3,1500.1,636.2,841.6,632.8,1422.9,1008.9,1355.4,721.0,674.1,503.0,482.6,1143.7,761.4,1120.0,548.9,879.9,526.7,681.0,1054.8,1027.2,934.7,652.7,715.9,693.7,769.5,868.6,602.3,1050.7,720.8,1495.4,633.4,1113.0,903.4,701.5,1215.2,701.0,879.7,1148.5
28,740.1,723.8,1219.9,1336.8,820.6,883.4,726.8,1003.1,218.1,1198.1,677.9,576.1,445.4,365.8,767.8,638.5,0.0,1273.0,817.8,737.5,1288.5,1549.4,986.7,1088.3,836.1,748.9,843.7,420.0,0.0,452.7,865.1,828.1,1079.9,499.1,433.3,995.9,1290.4,1027.9,613.4,757.1,1304.9,579.8,1281.5,1161.3,1124.7,1171.8,853.7,1137.3,1393.2,988.3,1316.2,524.3,224.9,1021.2,1035.3,934.7,1150.9,807.8,700.4,1291.3,846.4,673.6,893.5,799.5,829.8,499.1,1022.5,1120.7,828.9,549.7,1276.8,1583.1,1296.5,1230.2,1234.0,484.0,1124.6,1082.6,855.6,263.4,1270.5,1066.5,642.5,293.6,829.4,632.8,830.1,487.2,474.6,367.5,1152.0,918.6,481.0,1460.6,943.0,883.6,1099.4,1062.4,1043.2,831.0,1175.1,635.7,992.4,970.5,489.0,725.4,895.2,1583.1,487.9,757.9,1006.9,934.3,726.4,998.8,936.3,70.4,1218.8,1055.3,1288.5,1273.0,988.6,1107.8,1598.5,443.6,850.0,295.8,815.4,1300.1,859.3,859.3,529.9,664.6,460.4,596.2,1443.9,1426.3,1262.2,412.3,524.3,535.6,841.8,616.8,867.6,1050.2,1036.7,959.3,904.4,850.0,1247.7,1061.6,612.6,189.8,788.6,405.5,443.3,914.7,1088.0,909.9,572.0,749.0,1546.9,829.4,1574.4,1094.7,753.5,1585.5,841.0,645.9,437.1,1619.7,847.6,1440.8,917.8,830.9,700.1,679.4,948.0,341.5,924.3,353.2,684.2,723.5,485.3,859.1,831.5,514.8,857.4,400.8,273.7,349.5,672.9,406.6,1247.5,784.2,1580.8,492.1,917.3,483.4,281.5,1300.5,415.7,684.0,1345.3
29,1192.8,346.2,806.6,923.5,414.4,510.1,313.6,634.4,446.5,784.8,906.3,804.5,673.8,562.9,394.5,260.9,452.7,859.8,1046.2,966.0,875.3,1247.5,981.2,675.0,781.0,485.7,1013.0,255.9,452.7,0.0,809.9,454.8,711.3,951.8,69.3,1330.7,877.1,614.7,200.2,985.5,1003.1,166.6,868.3,751.8,711.5,803.1,480.4,1288.4,980.0,575.1,903.0,111.0,677.6,608.0,891.1,521.5,782.3,430.1,911.7,878.1,425.2,902.0,891.2,421.8,416.6,951.8,609.3,707.5,415.7,617.6,863.6,1281.3,883.3,816.9,965.9,712.4,1272.0,669.4,482.3,716.0,968.6,653.3,870.9,242.3,1057.8,780.6,944.3,715.6,703.0,781.9,738.8,547.8,933.7,1158.7,572.1,510.3,1326.3,649.2,674.6,945.2,1243.9,864.1,579.1,1198.9,717.4,312.1,636.6,1281.3,74.7,694.3,593.7,1162.7,863.3,871.5,565.5,382.3,850.2,1390.1,875.3,859.8,575.4,694.6,1296.7,484.5,472.4,748.5,929.6,998.2,596.1,596.1,758.3,251.4,688.8,824.6,1030.7,1124.5,893.6,640.7,111.0,764.0,578.6,845.2,496.8,637.0,1265.1,1187.8,1132.8,472.4,834.5,648.4,199.4,262.8,410.9,633.9,482.9,911.6,1318.8,1138.3,800.4,918.4,1133.7,1057.8,1161.2,681.5,375.9,1283.6,419.8,658.3,665.5,1206.5,792.4,1138.9,504.6,457.6,286.6,266.1,942.5,794.1,1152.8,575.6,909.8,310.3,533.7,1028.5,1059.9,967.5,436.2,748.6,726.4,802.2,901.3,635.0,834.3,504.4,1278.9,416.9,1145.7,936.1,734.2,998.7,733.7,912.4,932.0
