,0,1,2,3,4,5,6,7,8,9,10,11,12,13,14,15,16,17,18,19,20,21,22,23,24,25,26,27,28,29,30,31,32,33,34,35,36,37,38,39,40,41,42,43,44,45,46,47,48,49,50,51,52,53,54,55,56,57,58,59,60,61,62,63,64,65,66,67,68,69,70,71,72,73,74,75,76,77,78,79,80,81,82,83,84,85,86,87,88,89,90,91,92,93,94,95,96,97,98,99,100,101,102,103,104,105,106,107,108,109,110,111,112,113,114,115,116,117,118,119,120,121,122,123,124,125,126,127,128,129,130,131,132,133,134,135,136,137,138,139,140,141,142,143,144,145,146,147,148,149,150,151,152,153,154,155,156,157,158,159,160,161,162,163,164,165,166,167,168,169,170,171,172,173,174,175,176,177,178,179,180,181,182,183,184,185,186,187,188,189,190,191,192,193,194,195,196,197,198,199,200,201,202
0,0.0,1453.7,1407.9,1406.1,1198.2,888.6,1558.5,1457.3,777.1,1678.0,1255.0,793.1,810.5,1411.2,1442.6,1098.1,1357.4,872.2,1696.0,1723.4,1812.4,1169.0,1959.9,1216.9,920.5,1089.0,1448.2,833.2,1091.2,1165.5,1400.4,1057.4,1548.8,1138.3,1535.7,1864.8,912.4,2049.7,1892.1,1974.6,1675.7,1054.0,1370.3,2063.8,1635.2,1174.1,1584.1,1445.5,700.4,1526.7,1186.6,1165.5,1853.4,1247.6,1880.4,895.2,1687.5,1361.6,1578.0,1588.3,893.8,1574.8,1550.5,841.5,941.6,566.6,2005.8,1448.3,1437.9,1486.2,968.6,1318.5,1437.4,1381.9,1246.3,1291.3,803.9,934.0,1574.9,1398.6,1164.1,877.4,1831.5,1183.2,1166.7,1783.8,1166.7,1599.7,1934.1,1052.7,1176.3,499.1,1352.7,1881.7,1327.6,773.6,962.7,1317.1,1150.6,626.1,1155.9,2007.3,2031.5,1880.4,1138.3,2116.5,733.8,1288.8,1042.0,1235.7,2034.9,1289.0,1492.1,1325.2,1160.9,1211.1,2023.8,1390.3,2064.6,1521.2,1378.6,908.7,1145.0,744.0,722.0,918.9,773.6,712.6,1657.9,1334.5,1039.9,1571.8,2060.2,1657.9,2013.1,1560.3,1465.5,1119.7,1216.6,901.4,1645.3,1800.9,1337.7,2102.0,1614.6,966.9,1419.5,1692.1,701.7,1997.4,1117.2,1241.5,1241.0,1956.4,2003.8,2020.9,1965.1,1992.4,1406.1,1453.8,1569.7,1441.9,1041.8,1706.2,1528.3,1503.6,1215.8,2049.7,1501.8,1119.7,1357.4,1421.9,1326.2,1362.5,1252.5,640.2,2030.5,1817.4,1553.1,1433.1,969.6,1301.6,1270.7,760.4,1427.6,725.9,1962.9,1588.4,1187.4,1153.4,702.7,880.3,1504.9,1702.1,1386.6,1445.3,1258.7,1181.3,1180.9,1553.2,1056.8,999.1,2085.4
1,1453.7,0.0,231.3,74.8,445.1,774.7,181.0,127.5,1013.3,486.1,838.9,1029.3,678.4,42.4,555.5,682.0,381.1,644.4,504.1,761.0,620.6,511.1,768.0,312.9,610.6,446.8,434.2,746.0,432.9,450.7,292.7,641.3,171.3,601.4,158.2,673.0,781.4,857.9,700.3,782.7,498.2,481.9,954.2,979.8,477.0,637.1,528.1,222.2,753.3,626.1,770.5,450.7,661.5,301.8,918.0,621.4,509.9,219.9,534.1,176.1,694.4,157.9,536.6,754.3,563.2,887.0,991.9,190.8,43.0,262.9,711.7,320.4,704.1,335.1,865.9,271.6,737.5,628.9,157.8,119.7,450.5,763.6,639.7,298.2,314.2,591.9,314.2,422.1,971.7,624.2,313.1,987.3,505.6,919.3,480.5,789.3,650.8,380.5,553.6,936.8,358.8,1044.9,839.6,918.0,601.4,924.6,969.9,404.3,696.7,557.2,1072.5,334.0,268.8,909.0,385.3,396.8,831.9,376.4,872.7,297.9,567.1,709.3,397.7,709.6,935.5,719.6,789.3,930.4,466.1,523.0,477.8,348.4,1097.8,466.1,821.3,118.8,451.5,426.6,576.3,661.5,682.9,609.1,167.2,910.2,574.0,629.0,405.6,729.7,833.8,805.5,520.2,527.9,551.9,994.0,811.9,1058.5,773.3,800.6,359.3,185.3,392.1,134.3,625.7,743.8,514.3,431.9,502.1,857.9,278.4,362.4,546.0,253.2,174.2,210.5,406.8,813.4,1013.1,732.8,590.7,432.8,957.2,518.7,400.0,693.2,120.0,727.8,1000.5,176.0,472.9,556.3,916.2,636.3,281.5,739.7,513.1,222.0,214.7,467.7,364.2,375.6,556.7,536.8,893.5
2,1407.9,231.3,0.0,305.3,648.9,898.7,171.9,104.2,1172.7,301.6,998.3,1188.7,615.8,211.3,770.6,841.4,149.9,768.3,319.6,830.4,436.1,334.0,583.5,268.4,564.8,606.2,203.0,870.5,388.4,491.4,61.5,800.7,162.2,760.8,149.1,488.5,940.9,673.3,515.7,598.2,422.7,641.3,1049.5,795.3,546.4,796.6,597.5,37.7,707.5,695.6,930.0,491.4,477.0,397.3,987.4,745.3,471.6,46.3,603.6,201.7,792.7,227.4,305.3,914.0,517.4,841.2,760.6,40.5,273.5,78.4,749.1,254.8,773.5,565.2,935.4,227.2,674.9,788.3,227.2,134.0,614.8,887.5,455.1,462.4,473.7,407.4,473.7,471.4,1041.1,667.6,268.6,941.5,301.1,988.7,303.4,948.7,694.2,610.7,717.9,1096.3,295.7,978.8,655.1,987.4,760.8,740.1,1129.4,173.0,519.6,721.6,951.2,564.1,84.3,1068.5,340.9,437.5,647.4,145.1,688.2,113.3,390.0,807.6,353.3,663.8,889.8,817.9,948.7,884.7,281.5,345.9,637.3,163.9,925.9,281.5,636.8,188.3,220.3,382.1,740.7,820.9,752.4,424.5,373.4,725.7,369.4,583.2,174.3,799.1,788.0,621.0,684.5,692.3,716.3,1029.7,627.4,965.2,588.8,616.0,589.4,46.0,461.6,272.5,785.1,813.3,283.1,247.4,666.5,673.4,93.9,317.9,368.8,21.9,404.4,350.2,636.9,767.7,785.3,548.3,660.2,201.5,1116.6,748.9,191.2,647.4,286.8,682.0,1001.9,201.8,295.7,720.7,870.4,760.3,97.0,809.2,281.8,37.4,149.1,632.1,459.7,445.0,600.1,696.2,709.0
3,1406.1,74.8,305.3,0.0,370.4,700.0,255.8,202.3,938.5,560.1,764.1,954.5,730.0,94.0,480.8,607.2,455.1,569.6,578.1,709.5,694.6,562.7,842.0,364.4,662.2,372.0,508.2,671.2,484.4,477.3,366.8,566.5,246.0,526.6,233.0,747.0,706.7,931.9,774.3,856.8,446.7,407.1,879.4,1053.8,425.5,562.4,476.6,296.2,804.8,574.6,695.8,477.3,735.5,234.4,866.5,546.6,458.4,271.4,482.6,226.0,619.7,195.8,610.6,679.5,614.7,938.6,1065.9,264.8,31.8,336.9,695.4,372.0,652.6,260.3,814.4,323.2,789.1,554.1,195.9,171.3,375.7,688.8,713.7,223.5,239.5,665.9,239.5,370.6,920.2,607.9,364.6,1038.8,557.1,867.8,532.0,714.5,634.5,305.7,478.8,862.1,410.4,993.5,913.6,866.5,526.6,998.6,895.2,469.7,748.2,482.5,1021.0,259.2,342.8,834.3,436.9,426.9,905.9,450.4,946.7,371.9,618.7,634.6,449.3,761.2,987.1,644.8,714.5,982.0,540.1,574.5,403.1,422.4,1046.3,540.1,895.3,181.3,525.5,478.1,501.6,586.7,631.4,683.1,92.4,984.2,648.1,651.1,479.6,678.2,885.3,879.5,445.4,453.2,477.2,942.5,885.9,1007.1,847.3,874.6,284.5,259.3,340.6,59.5,550.9,692.4,588.4,506.0,427.4,931.9,352.4,413.9,597.5,327.2,99.4,135.7,332.0,865.0,1087.1,806.8,539.2,506.8,882.4,444.0,451.5,744.8,45.2,779.3,949.0,225.9,524.4,481.5,967.8,561.5,355.5,688.3,587.1,296.0,266.3,392.9,347.9,324.1,540.4,462.0,967.5
4,1198.2,445.1,648.9,370.4,0.0,518.6,599.0,572.7,693.8,823.7,519.3,709.7,812.8,464.4,244.4,362.4,798.7,467.6,779.9,557.6,988.5,906.3,1135.9,457.7,698.0,214.4,851.8,463.3,515.5,432.5,710.4,321.8,608.8,263.7,602.2,1040.9,461.9,1225.8,1068.2,1150.7,639.5,179.3,634.6,1347.7,461.8,299.5,410.7,639.8,825.8,422.8,451.0,432.5,1029.4,251.6,714.6,444.6,651.2,615.0,404.6,569.3,517.6,539.0,954.2,471.6,650.5,959.6,1405.7,608.4,402.1,680.5,592.5,715.6,500.7,204.1,662.5,573.7,871.9,309.4,539.2,514.9,34.1,507.5,1007.6,221.3,256.7,959.8,256.7,563.4,768.3,526.5,498.3,1059.8,900.8,715.9,875.7,469.7,553.1,119.0,160.6,617.3,585.2,841.6,1207.5,714.6,263.7,1271.2,650.4,813.3,960.8,164.3,869.1,153.2,686.4,589.5,493.2,444.1,1199.8,794.0,1240.6,715.5,962.3,532.5,528.5,782.2,1001.5,542.8,469.7,992.0,803.6,918.2,266.6,766.0,894.4,803.6,1189.2,524.6,869.2,512.5,183.4,341.9,479.5,977.0,301.9,1257.7,963.7,569.7,823.2,526.3,906.3,1173.4,127.2,134.9,159.0,790.6,1179.8,855.2,1141.2,1168.5,228.3,602.9,533.4,406.1,306.1,540.5,932.0,849.6,109.2,1225.8,696.0,563.6,941.1,670.8,290.0,326.2,54.3,886.0,1381.0,1100.7,387.3,850.4,637.7,103.5,795.2,765.8,391.9,800.3,797.1,569.2,868.0,163.3,982.1,459.5,699.1,536.4,930.7,639.6,577.1,74.7,365.1,516.9,459.0,199.1,1090.0
5,888.6,774.7,898.7,700.0,518.6,0.0,924.6,823.4,477.7,1153.5,575.5,493.7,714.9,760.7,763.1,418.6,1048.5,130.4,1110.0,1076.3,1288.0,989.9,1435.4,661.3,440.4,409.5,1101.6,118.5,543.7,423.6,960.2,377.9,914.9,458.8,901.8,1340.4,348.8,1525.3,1367.7,1450.2,969.6,374.4,690.8,1647.2,948.4,494.6,929.3,889.6,460.1,941.4,507.1,423.6,1328.9,541.4,1233.3,153.4,981.3,864.8,923.3,898.9,151.9,868.6,1204.0,162.0,461.5,593.8,1659.3,858.2,731.7,930.3,226.8,940.6,939.4,691.9,807.0,781.2,774.0,365.5,868.8,764.7,484.6,11.2,1307.1,477.0,460.5,1259.3,460.5,893.5,1287.0,310.8,662.9,694.1,1125.8,1234.6,1100.7,253.7,220.8,637.6,471.1,401.2,675.8,1360.2,1507.0,1233.3,458.8,1592.0,434.3,1038.3,862.9,556.2,1387.8,600.9,936.2,645.6,582.0,477.5,1499.3,1043.8,1540.1,965.3,1187.3,166.8,577.3,416.4,642.4,177.1,253.7,637.3,1133.5,1143.2,360.3,1015.8,1413.1,1133.5,1488.7,854.1,1118.9,540.8,537.1,337.9,998.2,1276.5,631.5,1577.6,1241.5,351.5,1073.0,1045.0,540.6,1473.0,437.7,562.0,561.5,1309.3,1479.3,1373.8,1440.7,1468.0,716.1,852.7,863.5,735.7,362.3,1059.1,1181.8,1099.4,536.2,1525.3,945.8,612.6,1166.1,920.6,620.1,656.3,573.0,520.3,1680.5,1400.2,906.0,1100.2,670.2,622.1,1020.2,400.0,721.4,434.6,1315.8,898.7,1008.3,473.8,623.0,138.4,948.9,1055.0,1159.7,889.4,778.6,501.8,439.0,847.0,314.9,319.5,1560.9
6,1558.5,181.0,171.9,255.8,599.0,924.6,0.0,130.1,1167.2,426.8,992.8,1183.2,783.3,223.4,694.4,835.9,321.8,794.3,444.8,754.2,561.2,505.9,708.7,417.7,715.5,600.7,374.9,896.5,537.7,572.2,233.4,795.2,9.8,755.3,22.8,613.6,935.4,798.5,640.9,723.4,491.4,635.8,973.2,920.5,470.2,791.1,521.3,162.8,858.1,619.3,924.4,572.2,602.2,423.2,911.2,771.3,503.1,213.8,527.3,29.7,844.3,60.0,477.2,908.2,668.0,991.9,932.6,131.5,224.0,203.5,833.2,422.4,697.3,489.0,859.1,376.5,842.4,782.8,59.9,160.0,604.4,913.5,580.3,452.1,468.1,532.6,468.1,415.3,964.9,745.7,417.9,1092.1,473.0,912.5,475.3,943.2,772.3,534.4,707.5,1090.7,463.3,1038.1,780.3,911.2,755.3,865.3,1123.9,344.9,691.5,711.1,1065.7,487.9,209.4,1021.4,490.2,518.3,772.6,317.0,813.4,238.5,561.9,859.3,502.6,814.5,1040.4,869.5,943.2,1035.3,406.7,517.8,631.7,289.1,1051.1,406.7,761.9,87.0,392.2,531.4,730.3,815.4,676.1,549.7,297.1,850.8,514.7,733.8,346.2,722.9,938.6,746.2,674.1,681.8,705.9,987.2,752.6,1051.7,713.9,741.2,513.2,126.0,385.3,196.3,779.6,737.0,455.0,372.6,656.0,798.5,219.1,467.2,540.8,193.8,328.1,273.9,560.7,918.3,953.8,673.5,583.9,373.4,1111.1,672.6,363.1,798.1,210.6,832.6,993.7,29.9,467.7,710.2,1021.1,786.2,222.2,732.9,453.7,162.6,316.7,621.6,485.6,368.8,678.2,690.7,834.2
7,1457.3,127.5,104.2,202.3,572.7,823.4,130.1,0.0,1097.4,359.0,923.0,1113.4,682.1,136.0,683.0,766.1,254.0,693.0,377.0,760.6,493.5,438.2,640.9,316.5,614.2,530.9,307.1,795.2,436.5,470.9,165.6,725.5,120.4,685.5,107.3,545.9,865.6,730.7,573.2,655.6,480.1,566.0,979.6,852.7,476.6,721.3,527.7,95.1,756.9,625.8,854.7,470.9,534.4,322.0,917.6,670.0,509.5,112.6,533.8,159.9,743.1,157.5,409.4,838.7,566.8,890.6,864.8,63.7,170.5,135.8,731.9,321.1,703.7,462.6,865.5,275.3,741.2,713.0,157.4,58.7,539.6,812.2,512.5,387.2,398.4,464.8,398.4,421.7,971.3,644.4,316.7,990.9,405.3,918.9,407.5,873.4,671.0,508.0,642.6,1021.0,362.1,1036.2,712.5,917.6,685.5,797.5,1054.1,277.2,623.7,646.3,1008.6,461.5,141.7,993.2,388.9,417.0,704.8,249.3,745.6,170.8,494.2,758.0,401.3,713.2,939.2,768.3,873.4,934.1,338.9,450.0,562.0,221.3,983.3,338.9,694.2,118.5,324.4,430.2,665.4,745.6,682.5,481.9,275.5,783.1,446.9,632.6,278.4,729.3,837.4,678.4,609.2,617.0,641.0,993.6,684.8,1022.6,646.2,673.5,486.8,58.2,391.8,171.3,709.8,743.5,387.2,304.8,591.2,730.8,151.3,366.0,473.0,126.1,301.7,252.2,534.3,817.1,886.0,605.7,590.3,305.7,1041.3,646.2,295.3,696.8,185.6,731.4,1000.1,160.0,399.9,645.4,919.8,685.0,154.4,739.4,386.0,94.9,215.5,556.8,384.4,375.2,577.0,620.9,766.4
8,777.1,1013.3,1172.7,938.5,693.8,477.7,1167.2,1097.4,0.0,1392.3,495.0,16.0,1045.9,1032.5,894.1,467.7,1322.6,461.3,1348.6,946.2,1557.2,1320.8,1704.6,981.5,771.3,584.6,1375.7,422.3,867.6,746.4,1234.2,508.4,1177.0,633.9,1170.4,1609.6,362.8,1794.4,1636.8,1719.3,1208.2,549.5,610.3,1841.9,858.1,669.7,807.0,1163.6,703.6,749.6,426.7,746.4,1598.1,780.0,1103.3,484.3,1219.9,1138.9,800.9,1137.5,482.9,1107.2,1478.0,315.7,792.4,787.6,1899.9,1132.3,970.3,1204.3,557.7,1239.4,660.3,877.5,469.2,1097.5,1073.6,384.4,1107.3,1038.7,659.7,466.5,1576.2,715.6,699.1,1528.5,699.1,1132.1,1157.0,641.8,986.8,784.4,1424.6,1104.5,1399.5,224.0,551.8,812.7,646.2,151.0,1003.9,1230.2,1776.2,1103.3,633.9,1659.8,43.3,1337.2,1193.9,731.3,1257.7,784.6,1210.2,565.2,905.9,801.2,1768.5,1317.8,1734.8,1239.3,1486.1,497.8,901.2,747.3,643.5,508.0,224.0,634.1,1372.3,1442.0,535.5,1289.9,1283.1,1372.3,1757.9,1092.7,1393.0,864.7,712.2,351.8,868.2,1545.6,870.1,1646.3,1515.5,682.5,1347.0,915.0,623.1,1652.4,612.8,737.1,736.6,1179.3,1637.5,1243.8,1709.9,1737.1,901.7,1126.8,1102.1,974.3,507.3,929.1,1455.8,1373.4,711.3,1755.8,1219.9,936.5,1465.0,1194.6,858.6,894.9,748.1,714.0,1875.2,1669.4,776.0,1374.3,192.5,797.2,1319.0,731.0,960.0,729.1,1185.8,1137.3,1339.2,648.9,624.2,469.4,1223.0,925.0,1454.6,1163.4,1100.9,676.9,723.3,959.5,645.9,494.6,1478.6
9,1678.0,486.1,301.6,560.1,823.7,1153.5,426.8,359.0,1392.3,0.0,1172.9,1408.3,867.5,466.1,820.0,1061.0,366.0,1023.2,108.4,879.8,255.3,550.1,402.7,570.0,866.4,825.8,229.8,1125.3,690.0,793.0,363.1,1020.4,417.0,980.4,404.0,307.7,1160.5,492.5,335.0,417.4,211.6,860.9,1098.8,614.5,595.8,1016.2,646.9,263.9,1009.1,745.0,1149.6,793.0,296.2,652.1,1026.5,1000.2,260.4,347.9,653.0,456.5,1073.2,482.2,358.5,1133.4,819.0,1142.8,672.5,295.3,528.3,268.7,1050.7,486.9,822.9,713.6,984.7,528.8,926.6,1007.9,482.1,388.9,829.0,1142.4,274.3,676.8,711.7,226.6,711.7,260.3,871.2,969.2,570.2,1211.6,517.2,1038.1,519.5,1168.3,995.8,759.0,932.1,1315.9,597.3,798.0,474.3,1026.5,980.4,559.3,1349.0,389.1,735.7,935.8,770.5,712.5,274.6,1147.1,642.5,739.1,466.6,287.7,507.4,245.3,606.1,1088.2,654.9,965.4,1191.4,1098.4,1168.3,1186.3,20.1,562.0,856.9,229.2,745.1,20.1,456.0,443.1,260.3,683.7,954.9,1040.5,801.7,243.7,542.1,544.9,230.5,884.8,359.2,848.5,1089.6,440.2,898.7,906.5,930.5,848.9,446.6,784.4,408.0,435.3,737.8,300.8,368.8,527.4,1004.7,862.7,354.6,223.2,880.7,492.6,284.2,619.5,585.0,323.5,552.7,497.4,785.3,1069.3,647.8,367.5,709.5,417.7,1261.4,897.3,407.3,949.0,541.7,983.6,821.1,456.6,511.9,934.8,1172.0,1015.1,204.6,858.6,492.5,264.1,450.7,846.2,714.5,494.4,901.7,915.8,528.2
10,1255.0,838.9,998.3,764.1,519.3,575.5,992.8,923.0,495.0,1172.9,0.0,479.0,873.2,858.1,613.1,156.9,1148.1,528.0,1129.1,665.3,1337.8,1148.2,1485.2,807.1,758.4,410.2,1201.2,520.1,693.2,572.0,1059.8,197.6,1002.5,459.5,996.0,1390.2,488.7,1575.0,1417.4,1499.9,988.7,375.1,130.7,1561.0,577.1,495.3,526.0,989.2,888.8,468.6,68.3,572.0,1378.7,605.6,822.3,505.0,1000.4,964.4,520.0,963.0,580.7,932.8,1303.6,528.4,711.0,1022.6,1618.9,957.8,795.9,1029.9,655.5,1065.0,379.3,703.1,246.9,923.1,932.3,336.1,932.9,864.3,485.3,564.3,1356.8,541.1,524.6,1309.1,524.6,912.7,876.0,586.9,812.4,1122.9,1250.2,823.6,1225.1,496.5,613.5,638.3,471.8,644.0,829.4,949.2,1556.8,822.3,459.5,1378.9,538.4,1162.8,1021.2,556.9,976.8,610.1,1035.8,85.6,731.5,626.7,1507.5,1143.4,1453.9,1064.9,1311.7,595.6,726.8,845.2,1058.3,605.8,496.5,1048.9,1152.9,1267.6,361.0,1115.5,1002.1,1152.9,1496.9,918.3,1218.6,690.2,537.8,368.7,587.2,1326.2,695.6,1365.4,1313.0,630.1,1172.6,634.0,969.3,1371.4,438.3,562.7,562.2,898.3,1356.5,962.8,1490.4,1478.8,727.3,952.3,845.0,799.9,213.2,648.1,1281.4,1199.0,536.9,1474.8,1045.4,762.1,1290.5,1020.2,684.2,720.5,573.7,949.0,1594.3,1450.0,495.0,1199.8,302.5,622.8,1144.6,828.8,785.6,863.3,904.8,962.9,1166.6,474.5,1038.9,519.9,1048.6,644.0,1280.1,989.0,926.5,502.5,548.9,678.5,519.5,320.2,1197.7
11,793.1,1029.3,1188.7,954.5,709.7,493.7,1183.2,1113.4,16.0,1408.3,479.0,0.0,1061.9,1048.5,878.1,451.8,1338.6,477.3,1364.6,930.3,1573.2,1336.8,1720.6,997.5,787.3,600.6,1391.7,438.3,883.6,762.4,1250.2,492.4,1192.9,649.9,1186.4,1625.6,378.8,1810.4,1652.8,1735.3,1224.1,565.5,594.3,1825.9,842.1,685.7,791.0,1179.6,719.6,733.6,410.7,762.4,1614.1,796.0,1087.3,500.3,1235.8,1154.9,785.0,1153.4,498.9,1123.2,1494.0,331.7,808.4,803.6,1883.9,1148.2,986.3,1220.3,573.7,1255.4,644.3,893.5,453.2,1113.5,1089.6,400.4,1123.3,1054.7,675.7,482.5,1592.2,731.6,715.1,1544.5,715.1,1148.1,1141.0,657.8,1002.8,800.4,1440.6,1088.6,1415.5,240.0,567.8,828.7,662.2,167.0,1019.8,1214.2,1792.2,1087.3,649.9,1643.9,59.3,1353.2,1209.8,747.3,1241.8,800.6,1226.2,549.2,921.9,817.2,1772.5,1333.8,1718.9,1255.3,1502.1,513.8,917.2,763.3,659.5,524.0,240.0,650.1,1388.3,1458.0,551.4,1305.9,1267.1,1388.3,1761.9,1108.7,1409.0,880.6,728.2,367.8,852.2,1561.6,886.0,1630.4,1531.5,698.4,1363.0,899.0,639.1,1636.4,628.8,753.1,752.6,1163.3,1621.5,1227.8,1725.8,1743.8,917.7,1142.7,1110.0,990.3,508.1,913.1,1471.8,1389.4,727.3,1739.8,1235.9,952.5,1480.9,1210.6,874.6,910.9,764.1,730.0,1859.3,1685.4,760.0,1390.2,176.5,813.2,1335.0,747.0,976.0,745.1,1169.8,1153.3,1355.2,664.9,640.1,485.4,1239.0,909.0,1470.5,1179.4,1116.9,692.9,739.3,943.5,661.8,510.6,1462.7
12,810.5,678.4,615.8,730.0,812.8,714.9,783.3,682.1,1045.9,867.5,873.2,1061.9,0.0,636.0,1057.2,716.3,546.9,613.1,885.5,1370.4,1002.0,358.5,1149.4,447.2,352.0,630.8,637.7,686.7,346.5,449.7,589.9,675.7,773.6,753.0,760.5,1054.4,815.8,1239.2,1081.6,1164.1,988.6,665.9,988.5,1253.3,1153.2,788.7,1204.3,653.5,426.4,1235.5,804.9,449.7,1042.9,651.9,1527.4,598.3,1037.5,569.5,1210.3,813.1,592.6,836.3,740.0,730.2,304.5,292.6,1195.4,656.2,698.2,694.2,536.3,508.1,1237.1,897.2,1104.7,516.0,59.1,663.3,836.2,623.3,778.7,703.8,1021.0,687.6,652.0,973.3,652.0,1037.3,1581.1,470.5,406.5,344.1,542.2,1528.7,517.1,821.9,497.1,929.2,765.2,929.2,363.9,1544.7,1221.0,1527.4,753.0,1306.0,1002.5,478.4,231.5,850.3,1517.1,811.3,700.1,943.4,415.0,466.6,1213.3,579.8,1254.1,729.1,568.1,607.5,379.7,451.0,558.9,617.8,821.9,553.8,847.4,524.0,578.3,779.7,1491.8,847.4,1202.7,797.3,655.0,375.0,831.2,695.8,1292.3,990.4,817.9,1291.6,804.1,370.4,609.0,1339.1,457.1,1186.9,731.8,856.2,855.6,1603.4,1193.3,1531.1,1154.7,1181.9,921.4,661.7,1068.3,789.5,660.1,1353.3,717.8,693.1,830.4,1239.2,709.7,344.5,547.0,629.8,824.9,861.2,867.1,366.2,1220.0,1007.0,1200.1,622.6,991.6,916.2,460.2,434.6,775.2,451.9,1567.8,813.2,376.9,768.0,539.5,613.2,712.8,1349.2,576.2,653.2,466.6,796.0,542.2,1051.8,403.0,613.7,1274.9
13,1411.2,42.4,211.3,94.0,464.4,760.7,223.4,136.0,1032.5,466.1,858.1,1048.5,636.0,0.0,574.7,701.2,361.1,630.4,484.1,803.5,600.6,468.7,748.1,270.4,568.2,466.0,414.2,732.6,390.5,408.3,272.8,660.5,213.7,620.6,200.6,653.0,800.7,837.9,680.3,762.8,540.7,501.1,973.4,959.8,519.5,656.4,570.6,202.2,710.8,668.6,789.7,408.3,641.6,259.3,960.5,607.4,552.4,177.4,576.6,218.5,680.4,200.3,516.6,776.0,520.7,844.6,971.9,170.8,62.2,242.9,669.3,278.0,746.6,354.3,908.4,229.2,695.1,648.1,200.2,77.3,469.7,749.6,619.7,317.5,333.4,571.9,333.4,464.6,1014.2,581.8,270.6,944.9,463.2,961.8,438.1,808.5,608.3,399.7,572.8,956.1,316.4,1087.4,819.6,960.5,620.6,904.6,989.2,375.7,654.2,576.5,1115.0,353.2,248.8,928.3,342.9,354.4,811.9,356.4,852.7,277.9,524.7,695.4,355.3,667.2,893.1,705.6,808.5,888.0,446.1,480.6,497.1,328.4,1090.5,446.1,801.3,161.2,431.6,384.1,595.6,680.7,725.4,589.1,186.4,890.2,554.1,586.6,385.6,772.2,791.3,785.6,539.4,547.1,571.2,1036.5,791.9,1101.0,753.3,780.6,378.5,165.3,434.6,153.5,644.9,786.3,494.4,412.0,521.4,837.9,258.4,320.0,503.5,233.2,193.4,229.7,426.0,771.0,993.1,712.8,633.2,412.8,976.4,537.9,357.6,650.8,139.2,685.3,1043.0,218.4,430.4,575.5,873.8,622.3,261.5,782.3,493.1,202.0,172.3,486.9,321.7,418.1,514.3,556.0,873.6
14,1442.6,555.5,770.6,480.8,244.4,763.1,694.4,683.0,894.1,820.0,613.1,878.1,1057.2,574.7,0.0,606.9,920.5,712.0,776.2,320.0,984.8,1043.4,1132.3,665.6,942.4,458.8,959.3,707.7,745.3,662.2,832.1,566.2,704.1,508.1,697.5,1037.2,706.3,1222.1,1064.5,1147.0,635.8,423.8,539.1,1215.7,224.2,543.9,173.1,761.5,1070.2,185.2,666.0,662.2,1025.8,459.5,477.0,689.0,647.5,752.2,167.0,664.6,762.1,634.4,1075.9,716.0,895.0,1204.0,1273.7,730.1,512.5,802.2,836.9,852.7,263.1,314.5,424.9,781.5,1116.3,553.8,634.5,652.0,278.5,751.9,1003.9,429.1,464.5,956.1,464.5,559.7,530.7,770.9,706.2,1304.3,1037.9,478.3,1012.8,714.2,797.5,229.3,405.0,861.7,793.1,604.0,1203.8,477.0,508.1,1033.6,894.8,943.6,1205.2,408.7,631.5,263.6,808.1,587.3,701.1,651.9,1162.2,915.7,1108.6,837.2,1099.4,777.0,736.4,1026.6,1245.9,787.2,714.2,1236.5,799.9,1055.3,511.1,887.8,656.8,799.9,1151.6,619.9,989.8,742.3,427.8,586.4,241.9,973.3,412.3,1020.1,960.0,814.1,944.9,288.7,1150.7,1026.2,371.6,379.4,403.4,553.0,1011.3,617.6,1137.5,1133.6,338.7,724.6,492.1,516.5,550.6,302.9,1053.7,952.7,353.6,1129.6,817.8,771.5,1078.3,792.5,400.3,436.6,206.1,1130.4,1249.0,1097.0,149.7,972.1,701.6,274.2,932.3,1010.2,502.3,1044.7,559.5,664.5,1005.2,407.8,1226.6,703.9,820.9,298.8,1052.4,761.3,747.0,319.2,572.9,325.6,703.4,443.6,852.4
15,1098.1,682.0,841.4,607.2,362.4,418.6,835.9,766.1,467.7,1061.0,156.9,451.8,716.3,701.2,606.9,0.0,991.3,371.1,1017.2,806.7,1225.9,991.3,1373.3,650.2,601.6,253.3,1044.4,363.2,536.3,415.1,902.9,40.7,845.6,302.6,839.1,1278.3,331.8,1463.1,1305.5,1388.0,876.8,218.2,272.2,1585.1,718.6,338.4,667.5,832.3,731.9,610.1,88.5,415.1,1266.8,448.7,963.7,348.1,888.5,807.6,661.4,806.1,423.8,775.9,1146.7,371.5,554.1,865.7,1602.0,800.9,639.0,873.0,498.6,908.1,520.8,546.2,388.4,766.2,775.4,179.2,776.0,707.4,328.4,407.4,1244.9,384.3,367.8,1197.2,367.8,800.8,1017.4,430.0,655.5,966.0,1093.3,965.0,1068.2,339.6,456.6,481.4,314.9,487.2,672.5,1090.7,1444.9,963.7,302.6,1520.3,511.1,1005.9,864.3,400.0,1118.2,453.3,878.9,227.1,574.6,469.9,1437.2,986.5,1478.0,908.0,1154.8,438.7,569.9,688.3,901.4,448.9,339.6,892.0,1041.0,1110.7,204.1,958.6,1143.5,1041.0,1426.6,761.4,1061.7,533.3,380.9,211.8,728.7,1214.3,538.7,1506.8,1184.2,473.2,1015.7,775.5,812.4,1410.8,281.5,405.8,405.3,1039.7,1417.2,1104.3,1378.5,1405.8,570.4,795.4,770.8,643.0,56.3,789.6,1124.5,1042.1,380.0,1463.1,888.6,605.2,1133.6,863.3,527.3,563.6,416.8,792.1,1618.4,1338.1,636.5,1042.9,275.2,465.9,987.7,671.9,628.7,706.5,1046.2,806.0,1009.7,317.6,882.1,363.1,891.7,785.5,1123.2,832.1,769.6,345.6,392.0,754.2,362.6,163.3,1339.1
16,1357.4,381.1,149.9,455.1,798.7,1048.5,321.8,254.0,1322.6,366.0,1148.1,1338.6,546.9,361.1,920.5,991.3,0.0,918.2,384.0,980.3,500.5,229.5,647.9,410.3,706.7,756.1,136.2,1020.4,530.3,633.3,88.4,950.6,312.0,910.6,299.0,552.9,1090.7,737.7,580.1,662.6,487.1,791.2,1199.3,725.5,696.3,946.4,747.4,187.5,849.4,845.4,1079.8,633.3,541.4,547.1,1137.3,895.2,536.0,188.2,753.4,351.5,934.6,377.2,212.2,1063.8,659.3,839.5,667.6,190.3,423.4,228.2,891.0,166.3,923.4,715.1,1085.2,369.1,606.0,938.2,377.1,283.9,764.7,1037.4,519.5,612.3,623.5,471.8,623.5,535.8,1116.4,809.5,410.5,891.0,175.3,1138.6,198.9,1098.6,836.1,760.5,867.8,1246.1,437.7,1043.2,719.5,1137.3,910.6,804.5,1279.2,68.5,415.1,871.4,1015.6,714.0,234.1,1218.3,482.8,579.5,711.8,78.3,752.6,263.2,285.6,949.6,495.2,805.7,1031.7,959.8,1098.6,1026.6,345.9,241.4,787.1,313.8,990.3,345.9,701.2,338.1,153.5,524.0,890.5,970.7,902.2,488.9,523.2,790.1,299.0,725.1,107.5,949.0,929.9,685.4,834.3,842.1,866.1,1094.1,691.8,1029.6,653.1,680.4,739.3,195.8,611.4,422.4,935.0,963.1,190.0,191.6,816.3,737.7,243.8,459.8,264.4,127.9,554.2,500.0,786.8,909.6,692.2,479.2,810.0,75.7,1266.5,898.7,86.7,789.3,436.7,823.9,1066.3,351.6,191.3,870.5,1012.3,910.1,246.9,959.0,156.0,187.3,291.1,781.9,609.5,594.9,742.0,846.1,773.4
17,872.2,644.4,768.3,569.6,467.6,130.4,794.3,693.0,461.3,1023.2,528.0,477.3,613.1,630.4,712.0,371.1,918.2,0.0,979.6,1025.2,1157.6,888.0,1305.1,557.7,338.5,290.0,971.3,102.2,440.2,320.0,829.8,330.5,784.5,407.7,771.5,1210.0,332.5,1394.9,1237.3,1319.8,839.2,323.3,643.3,1516.9,818.0,443.5,869.1,759.2,358.2,890.3,459.7,320.0,1198.6,411.1,1182.2,23.0,850.9,734.5,872.2,768.5,50.1,738.3,1073.6,145.7,359.6,492.0,1529.0,727.9,601.4,799.9,124.9,835.0,891.9,561.5,759.5,677.7,672.2,318.0,738.4,634.3,433.5,119.2,1176.7,346.6,330.1,1129.0,330.1,763.2,1235.9,209.0,559.3,592.3,1020.2,1183.5,995.1,237.3,119.0,586.5,420.0,384.9,574.0,1309.1,1376.7,1182.2,407.7,1461.7,418.0,932.8,761.1,505.1,1336.7,470.5,805.8,598.2,478.4,373.9,1369.0,913.4,1409.8,834.9,1081.7,65.0,473.7,314.6,540.5,75.2,237.3,535.4,1003.1,1037.6,233.1,885.5,1362.0,1003.1,1358.3,723.8,988.6,437.2,486.0,321.5,947.1,1146.1,501.1,1447.2,1111.1,249.7,942.6,993.9,438.7,1342.6,386.6,510.9,510.4,1258.2,1349.0,1322.7,1310.3,1337.6,585.8,722.4,733.2,605.4,314.8,1008.0,1051.4,969.0,485.1,1394.9,815.5,509.1,1060.6,790.2,489.7,526.0,521.9,418.4,1550.2,1269.9,854.9,969.8,646.3,571.0,914.6,298.2,591.1,332.7,1264.7,768.4,906.4,422.7,521.2,8.1,818.6,1003.9,1050.1,759.0,676.8,450.7,308.6,716.6,213.0,268.4,1430.6
18,1696.0,504.1,319.6,578.1,779.9,1110.0,444.8,377.0,1348.6,108.4,1129.1,1364.6,885.5,484.1,776.2,1017.2,384.0,979.6,0.0,836.0,273.3,568.1,420.7,588.0,884.4,782.1,247.8,1081.2,708.0,811.0,381.1,976.6,435.0,936.6,422.0,325.7,1116.7,510.5,353.0,435.4,167.8,817.2,1055.1,632.5,552.0,972.4,603.1,281.9,1027.1,701.2,1105.8,811.0,314.2,662.9,993.0,956.6,216.7,365.9,609.2,474.5,1029.7,500.2,376.5,1089.6,837.0,1160.8,690.5,313.3,546.3,286.7,1068.7,504.9,779.1,669.8,941.0,546.8,944.6,964.2,500.1,406.9,785.3,1098.8,292.3,633.0,667.9,244.6,667.9,216.5,889.2,987.2,588.2,1229.6,535.2,994.3,537.5,1124.6,1013.8,715.3,888.3,1272.1,615.3,816.0,492.3,993.0,936.6,577.3,1305.2,407.1,753.7,892.0,788.5,668.7,292.6,1103.3,660.5,757.1,484.6,305.7,525.4,263.3,624.1,1044.6,672.9,983.4,1209.4,1054.9,1124.6,1204.3,88.4,580.0,813.1,247.2,763.1,88.4,474.0,461.1,278.3,701.7,911.1,996.7,758.0,261.7,498.3,562.9,248.5,902.8,377.2,804.7,1107.6,458.2,854.9,862.7,886.7,866.9,464.6,802.4,426.0,453.3,694.0,318.8,325.0,527.6,961.0,818.9,372.6,241.2,836.9,510.6,302.2,637.5,603.0,341.5,509.0,453.6,741.5,1087.3,665.8,385.5,665.8,435.7,1217.6,853.5,425.3,967.0,541.9,1001.6,839.1,474.6,529.9,891.1,1190.0,971.6,222.6,814.8,510.5,282.1,468.7,802.5,732.5,450.6,919.7,872.1,546.2
19,1723.4,761.0,830.4,709.5,557.6,1076.3,754.2,760.6,946.2,879.8,665.3,930.3,1370.4,803.5,320.0,806.7,980.3,1025.2,836.0,0.0,896.4,1164.4,925.4,978.7,1255.6,772.0,1019.2,1020.9,1058.4,975.4,891.9,847.4,763.9,821.3,757.4,809.2,1019.5,935.3,823.6,940.1,695.6,736.9,591.2,917.0,284.0,857.1,232.9,821.3,1383.4,237.3,718.2,975.4,1085.6,772.6,157.0,1002.2,707.3,872.3,226.8,724.4,1075.2,694.2,1135.7,1029.2,1208.2,1517.2,975.0,790.0,741.3,862.0,1150.1,1080.9,315.3,627.7,477.1,1032.7,1429.5,867.0,694.3,818.5,591.7,1065.1,894.2,742.3,777.7,949.5,777.7,619.5,210.7,1084.1,1019.3,1617.4,1131.5,158.3,1133.8,1027.3,1110.7,542.5,718.2,1097.3,1106.2,284.0,917.1,157.0,821.3,734.9,989.6,1003.4,1350.0,721.9,311.5,576.8,867.9,639.4,1014.3,965.1,863.6,975.5,809.9,897.0,1220.4,1090.2,1049.5,1339.8,1559.1,1100.4,1027.3,1549.7,859.7,1176.3,824.2,947.6,336.8,859.7,852.9,679.7,1049.7,1055.5,741.0,899.5,87.9,966.6,620.7,721.4,1019.9,1127.3,1004.7,31.3,1463.9,727.5,684.8,692.6,716.6,233.0,712.6,297.6,930.6,834.9,651.9,784.5,551.9,650.0,863.0,132.4,1113.5,1012.5,666.8,830.9,877.6,1084.6,1199.3,852.3,631.3,576.0,519.2,1443.6,950.3,1156.8,170.3,1032.0,753.7,549.9,1021.6,1323.4,664.3,1357.9,389.1,724.3,1126.2,720.9,1539.7,1017.1,880.7,21.2,1112.3,821.1,975.2,632.3,886.1,385.4,1016.6,756.7,553.7
20,1812.4,620.6,436.1,694.6,988.5,1288.0,561.2,493.5,1557.2,255.3,1337.8,1573.2,1002.0,600.6,984.8,1225.9,500.5,1157.6,273.3,896.4,0.0,684.6,237.9,704.5,1000.9,990.7,364.3,1259.8,824.5,927.5,497.5,1185.2,551.5,1145.2,538.4,122.1,1325.3,327.8,149.4,252.6,376.4,1025.8,1263.7,428.9,760.6,1181.0,811.8,398.4,1143.5,909.8,1314.4,927.5,295.7,786.6,840.9,1134.6,425.3,482.3,817.8,591.0,1207.7,616.7,493.0,1298.2,953.5,1277.3,486.9,429.8,662.8,403.2,1185.2,621.4,987.8,878.4,1149.6,663.3,1061.1,1172.8,616.6,523.3,993.9,1276.8,88.8,841.6,863.0,122.8,863.0,425.1,685.6,1103.7,704.7,1346.1,651.7,916.7,654.0,1333.2,1130.3,923.9,1096.9,1480.7,731.8,612.4,309.5,840.9,1145.2,373.7,1513.8,523.6,870.2,1100.6,584.9,877.3,409.1,1311.9,776.9,873.6,301.8,422.1,321.8,379.8,740.6,1222.6,789.3,1099.9,1325.8,1232.9,1333.2,1320.7,235.2,696.5,1021.7,363.7,559.5,235.2,291.2,577.6,394.8,818.2,1119.7,1205.4,966.6,140.0,706.9,359.3,365.0,1019.3,493.7,927.6,1224.0,254.6,1063.5,1071.3,1095.3,663.3,261.0,598.8,243.2,270.5,902.6,435.3,533.7,661.9,1169.6,892.2,489.0,357.6,1045.5,307.0,418.7,754.0,719.4,458.0,717.6,662.3,950.1,1203.7,462.2,367.0,874.4,552.1,1426.2,1062.1,541.8,1083.5,676.1,1118.0,635.5,591.1,646.3,1099.7,1306.5,1149.6,339.1,917.6,627.0,398.6,585.2,1011.1,849.0,659.3,1036.2,1080.7,342.6
21,1169.0,511.1,334.0,562.7,906.3,989.9,505.9,438.2,1320.8,550.1,1148.2,1336.8,358.5,468.7,1043.4,991.3,229.5,888.0,568.1,1164.4,684.6,0.0,832.0,472.1,626.9,863.6,320.3,961.7,592.1,709.7,272.5,950.6,496.2,1018.2,483.1,737.0,1090.8,921.9,764.3,846.8,671.2,898.7,1263.5,936.0,880.4,1054.0,931.5,371.7,769.6,1029.6,1079.9,709.7,725.5,654.7,1321.4,873.2,720.1,372.3,937.6,535.6,867.6,561.4,422.6,1005.2,579.5,651.1,878.0,374.5,530.9,412.4,811.2,190.7,1107.5,823.0,1269.4,472.2,417.6,938.2,561.2,456.0,872.2,978.7,703.7,719.8,731.0,655.9,731.0,719.9,1300.6,745.5,472.3,702.6,224.9,1322.7,199.8,1096.8,772.0,868.4,975.3,1244.4,499.3,1227.3,903.6,1321.4,1018.2,988.6,1277.5,161.0,226.7,979.0,1199.8,821.9,418.3,1218.4,559.2,655.9,895.9,262.5,936.7,447.3,286.4,882.5,556.9,726.0,917.4,892.7,1096.8,912.3,530.1,242.3,853.3,497.9,1174.5,530.1,885.3,522.3,337.6,593.4,998.1,970.8,1086.4,673.1,655.1,974.2,486.8,645.3,291.6,1133.1,815.6,869.5,941.9,949.7,973.7,1278.3,875.9,1213.7,837.3,864.6,847.2,380.0,795.6,606.5,935.0,1147.3,400.4,375.7,923.9,921.9,427.9,521.6,265.2,312.1,662.1,684.2,894.7,724.7,902.6,689.6,994.1,305.3,1266.5,1006.6,142.8,709.5,607.9,744.1,1250.4,535.8,59.5,978.0,898.1,888.2,431.0,1143.2,258.8,371.4,352.7,889.4,717.1,779.0,678.0,888.6,957.5
22,1959.9,768.0,583.5,842.0,1135.9,1435.4,708.7,640.9,1704.6,402.7,1485.2,1720.6,1149.4,748.1,1132.3,1373.3,647.9,1305.1,420.7,925.4,237.9,832.0,0.0,851.9,1148.3,1138.1,511.7,1407.3,971.9,1074.9,645.0,1332.6,698.9,1292.7,685.9,269.2,1472.8,147.8,252.1,14.7,523.8,1173.2,1411.1,555.2,908.1,1328.5,959.2,545.8,1291.0,1057.2,1461.8,1074.9,451.9,934.0,869.9,1282.1,572.7,629.8,965.2,738.4,1355.2,764.1,640.4,1445.6,1100.9,1424.7,613.2,577.2,810.3,550.6,1332.6,768.8,1135.2,1025.9,1297.0,810.7,1208.5,1320.2,764.0,670.8,1141.3,1424.3,149.2,989.0,1010.4,279.0,1010.4,572.5,714.6,1251.1,852.1,1493.5,799.1,945.7,801.4,1480.6,1277.7,1071.3,1244.4,1628.2,879.3,641.4,129.5,869.9,1292.7,240.7,1661.3,671.0,1017.6,1248.0,613.9,1024.8,556.5,1459.3,924.4,1021.1,121.8,569.6,448.2,527.2,888.0,1370.1,936.8,1247.3,1473.3,1380.3,1480.6,1468.2,382.7,843.9,1169.2,511.1,588.5,382.7,111.2,725.0,542.2,965.6,1267.2,1352.8,1006.0,296.2,854.4,203.9,512.4,1166.7,641.2,956.6,1371.5,276.9,1211.0,1218.7,1242.8,692.3,291.8,627.8,5.2,90.5,1050.1,582.7,681.1,809.3,1317.0,921.2,636.5,505.1,1192.9,151.6,566.1,901.4,866.9,605.4,865.0,809.7,1097.6,1351.2,588.6,523.2,1021.8,699.6,1573.6,1209.5,689.2,1230.9,823.6,1265.5,664.5,738.6,793.8,1247.1,1453.9,1297.0,486.5,946.6,774.4,546.1,732.7,1158.5,996.4,806.7,1183.6,1228.1,371.6
23,1216.9,312.9,268.4,364.4,457.7,661.3,417.7,316.5,981.5,570.0,807.1,997.5,447.2,270.4,665.6,650.2,410.3,557.7,588.0,978.7,704.5,472.1,851.9,0.0,373.9,415.0,463.4,633.1,156.8,237.7,321.9,609.6,408.0,569.6,394.9,756.9,749.7,941.7,784.1,866.6,691.1,450.1,922.4,1063.7,707.4,605.4,758.5,306.1,516.5,843.9,738.8,237.7,745.4,206.1,1135.7,534.7,740.0,222.1,764.5,447.4,539.0,470.8,565.8,676.6,326.4,650.3,1021.1,308.9,332.6,346.8,501.4,281.4,921.8,451.3,1038.6,145.0,506.2,597.1,470.6,257.7,423.6,650.1,723.5,271.3,282.5,675.8,282.5,652.5,1189.4,413.9,40.6,750.5,466.5,1137.0,441.4,757.5,440.4,496.8,526.7,905.1,128.8,1247.2,923.5,1135.7,569.6,1008.5,938.2,379.1,595.1,530.4,1219.6,401.9,352.7,877.3,87.1,183.8,915.8,405.6,956.6,381.8,528.1,553.9,122.4,472.9,698.8,564.1,757.5,693.7,549.9,483.9,446.1,432.3,1194.3,549.9,905.2,431.7,480.7,128.4,549.5,629.7,900.7,692.9,372.0,994.1,629.9,392.2,434.7,947.4,597.0,889.4,493.3,501.1,525.1,1211.7,895.8,1233.6,857.2,884.4,475.6,314.4,622.5,423.9,593.9,961.6,543.5,515.8,475.3,941.8,362.3,107.2,506.9,282.4,379.0,415.3,512.0,576.7,1045.7,816.7,808.4,462.0,925.4,561.2,360.9,456.5,409.6,491.0,1218.2,447.6,433.8,529.5,679.5,549.6,365.4,957.5,500.5,305.8,119.4,440.9,261.4,606.0,346.4,505.0,977.4
24,920.5,610.6,564.8,662.2,698.0,440.4,715.5,614.2,771.3,866.4,758.4,787.3,352.0,568.2,942.4,601.6,706.7,338.5,884.4,1255.6,1000.9,626.9,1148.3,373.9,0.0,520.0,759.8,412.2,248.1,347.7,618.4,560.9,705.7,638.2,692.7,1053.3,642.5,1238.2,1080.6,1163.1,987.5,555.0,873.7,1360.1,1046.3,674.0,1097.4,602.5,220.1,1120.8,690.1,347.7,1041.8,556.7,1412.6,361.5,1036.4,518.6,1103.4,745.2,318.1,768.5,862.2,455.7,98.5,353.8,1317.5,605.3,630.4,643.2,261.7,577.6,1122.3,790.3,989.9,448.2,411.1,548.5,768.4,555.5,663.9,429.2,1020.0,576.7,541.2,972.2,541.2,991.4,1466.3,355.7,333.3,454.1,762.8,1413.9,737.7,547.3,274.5,818.4,650.4,694.9,312.9,1539.6,1219.9,1412.6,638.2,1304.9,728.0,675.4,500.0,735.5,1516.1,700.5,649.1,828.6,317.9,368.1,1212.2,702.0,1253.0,678.2,824.3,333.0,302.0,176.4,402.4,343.2,547.3,397.3,846.4,780.2,463.5,728.7,1490.8,846.4,1201.6,729.4,777.2,276.6,716.4,581.0,1177.5,989.4,711.0,1290.5,926.3,246.8,731.2,1224.3,300.6,1185.8,617.0,741.4,740.8,1488.6,1192.2,1530.0,1153.6,1180.9,814.5,610.8,961.4,721.7,545.3,1238.5,840.0,812.3,715.6,1238.2,658.7,276.6,803.2,578.8,718.0,754.3,752.3,280.3,1342.2,1113.1,1085.3,758.4,876.8,801.5,657.2,160.0,707.4,194.6,1495.1,745.3,645.3,653.2,383.0,346.6,661.8,1234.4,796.7,602.3,415.7,681.2,431.6,944.9,288.2,498.9,1273.8
25,1089.0,446.8,606.2,372.0,214.4,409.5,600.7,530.9,584.6,825.8,410.2,600.6,630.8,466.0,458.8,253.3,756.1,290.0,782.1,772.0,990.7,863.6,1138.1,415.0,520.0,0.0,809.2,354.1,301.1,218.1,667.7,212.6,610.4,154.6,603.9,1043.1,352.8,1227.9,1070.3,1152.8,641.6,35.1,525.5,1349.9,620.4,190.4,625.1,597.1,648.3,637.2,341.9,218.1,1031.6,213.5,929.0,267.0,653.4,572.4,619.0,571.0,340.1,540.7,911.5,362.5,472.5,782.0,1366.9,565.8,403.8,637.8,415.0,672.9,715.1,292.9,641.7,531.0,689.9,200.2,540.8,472.2,180.3,398.4,1009.7,149.1,132.6,962.0,132.6,565.6,982.7,348.4,420.3,882.3,858.1,930.3,833.0,360.6,375.0,317.9,166.8,508.2,437.4,1056.0,1209.7,929.0,154.6,1294.7,541.3,770.7,778.8,252.0,1083.5,199.9,643.7,480.4,339.4,234.7,1202.0,751.3,1242.8,672.8,919.6,355.0,334.7,604.6,830.6,365.3,360.6,825.5,805.8,875.5,123.5,723.4,1108.8,805.8,1191.4,526.2,826.5,298.1,232.8,232.8,693.9,979.1,303.6,1280.3,949.0,391.7,780.5,740.7,728.8,1175.6,133.4,257.8,257.2,1005.0,1182.0,1069.6,1143.4,1170.6,317.1,560.3,535.6,407.8,197.0,754.9,889.3,806.9,232.0,1228.0,653.4,370.0,898.5,628.1,292.1,328.4,268.7,708.5,1383.2,1102.9,601.7,807.7,528.5,317.9,752.5,588.2,393.5,622.8,1011.5,570.8,825.4,169.6,811.2,282.0,656.5,750.8,888.0,596.9,534.4,197.6,156.8,519.1,281.0,90.0,1263.6
26,1448.2,434.2,203.0,508.2,851.8,1101.6,374.9,307.1,1375.7,229.8,1201.2,1391.7,637.7,414.2,959.3,1044.4,136.2,971.3,247.8,1019.2,364.3,320.3,511.7,463.4,759.8,809.2,0.0,1073.5,583.4,686.4,141.5,1003.7,365.1,963.7,352.1,416.7,1143.8,601.5,444.0,526.4,350.9,844.3,1238.2,709.3,735.2,999.5,786.3,216.4,902.5,884.3,1132.9,686.4,405.2,600.2,1135.5,948.3,399.8,241.3,792.3,404.6,987.7,430.3,196.0,1116.9,712.4,930.3,651.3,243.4,476.5,221.1,944.1,257.1,962.3,768.2,1124.1,422.2,696.8,991.3,430.2,337.0,817.8,1090.5,383.3,665.4,676.6,335.6,676.6,399.6,980.2,862.6,463.6,981.8,287.4,1177.5,289.7,1151.7,889.2,813.6,920.9,1299.2,490.8,907.0,583.3,1135.5,963.7,668.3,1332.3,159.3,505.9,924.5,879.4,767.1,227.0,1271.4,535.9,632.6,575.6,57.9,616.4,197.8,376.3,1002.7,548.3,858.9,1084.8,1012.9,1151.7,1079.7,209.7,332.2,840.2,181.7,854.1,209.7,565.0,391.2,30.5,577.1,943.6,1023.8,941.1,352.7,576.3,653.9,179.6,778.2,129.4,987.9,983.0,549.2,887.4,895.2,919.2,957.9,555.6,893.4,517.0,544.3,792.4,248.9,508.2,475.5,988.1,1002.0,173.8,55.4,869.4,601.6,236.7,513.0,355.2,181.0,607.3,553.1,839.9,962.7,676.0,462.9,848.9,187.8,1319.6,951.8,177.5,842.4,489.8,877.0,930.1,404.7,282.1,923.6,1065.4,963.2,157.1,997.9,268.2,216.6,344.2,835.0,662.6,633.8,795.2,899.2,637.2
27,833.2,746.0,870.5,671.2,463.3,118.5,896.5,795.2,422.3,1125.3,520.1,438.3,686.7,732.6,707.7,363.2,1020.4,102.2,1081.2,1020.9,1259.8,961.7,1407.3,633.1,412.2,354.1,1073.5,0.0,515.6,395.4,932.0,322.5,886.7,403.4,873.7,1312.2,293.4,1497.1,1339.5,1422.0,940.8,319.0,635.4,1619.0,919.6,439.2,873.9,861.4,431.9,886.0,451.7,395.4,1300.8,512.7,1177.9,125.2,952.5,836.7,867.9,870.1,123.7,839.9,1175.8,106.6,433.3,565.7,1631.1,830.0,703.0,902.1,198.6,912.4,884.0,647.0,751.6,753.0,745.8,310.1,840.0,736.5,429.2,107.4,1278.9,448.3,431.8,1231.2,431.8,864.8,1231.6,282.6,634.7,665.9,1097.6,1179.2,1072.5,198.3,192.7,582.2,415.7,345.8,647.7,1304.8,1478.8,1177.9,403.4,1563.8,378.9,1010.2,834.7,500.8,1332.4,554.1,908.0,590.2,553.8,449.3,1471.1,1015.6,1512.0,937.1,1159.1,138.6,549.1,388.3,614.2,148.9,198.3,609.1,1105.3,1115.0,305.0,987.7,1357.7,1105.3,1460.5,825.4,1090.8,512.6,481.7,282.5,942.8,1248.3,602.7,1549.4,1213.3,323.3,1044.8,989.6,512.4,1444.8,382.3,506.6,506.1,1253.9,1451.2,1318.4,1412.5,1439.8,671.2,824.5,834.8,707.0,306.9,1003.7,1153.6,1071.2,480.8,1497.1,917.7,584.4,1137.9,892.4,591.3,627.6,517.6,492.1,1652.4,1372.0,850.6,1072.0,614.8,566.7,992.0,371.9,692.7,406.4,1260.4,870.0,980.1,418.4,594.9,110.2,920.8,999.6,1131.5,861.2,750.4,446.4,410.8,818.2,286.7,264.1,1532.8
28,1091.2,432.9,388.4,484.4,515.5,543.7,537.7,436.5,867.6,690.0,693.2,883.6,346.5,390.5,745.3,536.3,530.3,440.2,708.0,1058.4,824.5,592.1,971.9,156.8,248.1,301.1,583.4,515.6,0.0,120.1,442.0,495.6,528.0,455.7,514.9,876.9,635.8,1061.8,904.2,986.7,811.1,336.2,808.5,1183.7,810.9,491.5,862.0,426.1,390.8,923.6,624.8,120.1,865.4,311.3,1215.4,417.2,843.8,342.2,868.0,567.5,421.4,590.8,685.8,559.0,200.7,524.5,1141.1,428.9,452.7,466.8,383.8,401.4,1001.5,554.8,924.7,270.5,405.6,483.2,590.7,377.8,481.5,532.6,843.6,341.7,306.2,795.8,306.2,756.0,1269.1,296.3,122.0,624.8,586.6,1216.7,561.5,643.6,322.9,599.5,467.9,791.2,137.9,1342.4,1043.5,1215.4,455.7,1128.5,824.3,499.2,494.5,553.1,1339.7,481.6,472.7,763.4,69.7,120.5,1035.8,525.6,1076.6,501.8,648.1,436.4,65.0,347.1,573.1,446.6,643.6,568.0,670.0,604.0,332.2,552.3,1314.4,670.0,1025.2,551.7,600.8,28.5,534.0,515.8,980.4,813.0,475.5,1114.1,749.9,266.5,554.8,1027.1,471.3,1009.5,434.5,558.9,558.4,1291.4,1015.8,1353.6,977.2,1004.5,579.1,434.4,726.0,543.9,480.0,1041.3,663.6,635.9,533.1,1061.8,482.3,71.7,626.9,402.4,482.5,518.8,569.8,451.0,1165.8,936.7,888.2,582.0,811.5,619.0,481.0,330.7,529.6,365.3,1297.9,567.6,553.8,470.7,553.7,432.1,485.4,1037.2,620.5,425.9,239.4,498.7,196.1,709.5,228.9,391.1,1097.4
29,1165.5,450.6,491.4,477.3,432.5,423.6,572.1,470.8,746.4,793.0,572.0,762.4,449.7,408.1,662.2,415.1,633.3,320.0,811.0,975.4,927.5,709.7,1074.9,237.7,347.7,218.1,686.4,395.4,120.1,0.0,545.0,374.5,562.3,372.6,549.2,979.9,514.6,1164.8,1007.2,1089.7,765.4,253.1,687.3,1286.7,744.2,408.4,795.3,529.1,485.9,840.5,503.7,0.0,968.4,246.3,1132.4,297.0,777.1,445.2,801.4,601.8,301.3,608.5,788.8,438.9,300.2,619.7,1244.1,505.6,470.4,569.8,263.7,519.0,918.5,488.2,803.5,357.6,508.8,362.0,608.4,412.1,398.4,412.4,946.6,274.8,239.3,898.8,239.3,689.3,1186.1,176.2,239.3,719.9,704.2,1133.7,679.1,522.4,202.8,516.5,384.9,670.0,256.4,1259.3,1146.5,1132.4,372.6,1231.5,703.1,616.8,597.7,470.0,1286.9,398.6,575.7,642.2,158.4,53.9,1138.8,628.6,1179.6,604.8,765.7,316.2,153.7,442.3,668.2,326.5,522.4,663.1,773.0,721.6,249.1,655.3,1312.2,773.0,1128.2,569.4,703.8,117.2,450.9,394.6,897.3,916.0,408.9,1217.1,852.9,219.4,657.8,944.1,566.4,1112.4,351.5,475.8,475.3,1208.4,1118.8,1272.9,1080.2,1107.5,512.4,500.1,659.4,513.1,358.8,958.2,766.6,738.9,450.0,1164.8,585.3,189.0,744.6,505.4,415.9,452.2,486.8,546.1,1268.8,1039.7,805.1,685.0,690.3,535.9,598.6,425.9,498.8,460.4,1214.9,601.9,671.5,387.6,648.9,312.0,588.4,954.1,738.1,528.9,357.1,415.6,129.5,642.8,108.7,308.0,1200.4
30,1400.4,292.7,61.5,366.8,710.4,960.2,233.4,165.6,1234.2,363.1,1059.8,1250.2,589.9,272.8,832.1,902.9,88.4,829.8,381.1,891.9,497.5,272.5,645.0,321.9,618.4,667.7,141.5,932.0,442.0,545.0,0.0,862.2,223.6,822.3,210.6,550.0,1002.4,734.8,577.2,659.7,484.2,702.8,1110.9,757.1,607.9,858.0,659.0,99.1,761.0,757.0,991.4,545.0,538.5,458.8,1048.9,806.8,533.0,99.8,665.1,263.1,846.3,288.8,243.8,975.5,570.9,894.8,699.2,101.9,335.0,139.8,802.6,209.3,835.0,626.7,996.8,280.7,649.0,849.8,288.7,195.5,676.3,949.0,516.6,523.9,535.1,468.9,535.1,532.9,1102.6,721.1,322.2,934.0,239.6,1050.2,241.9,1010.2,747.7,672.1,779.4,1157.7,349.3,1040.3,716.6,1048.9,822.3,801.6,1190.8,111.5,458.1,783.0,1012.7,625.6,145.7,1129.9,394.4,491.1,708.9,83.6,749.7,174.8,328.5,861.2,406.8,717.4,943.3,871.4,1010.2,938.2,343.0,284.4,698.7,225.4,987.4,343.0,698.2,249.7,158.8,435.7,802.2,882.4,813.8,486.0,434.9,787.1,307.9,636.7,112.8,860.6,841.5,682.5,746.0,753.7,777.8,1091.2,688.9,1026.6,650.2,677.5,650.9,107.4,523.1,334.0,846.6,874.8,221.6,196.9,728.0,734.8,155.4,371.5,307.4,39.6,465.8,411.6,698.4,821.2,723.8,510.8,721.6,140.1,1178.1,810.3,129.7,701.0,348.3,735.5,1063.4,263.3,234.3,782.1,924.0,821.7,158.5,870.7,220.4,98.9,202.7,693.5,521.1,506.5,653.7,757.7,770.5
