,0,1,2,3,4,5,6,7
0,0.0,1168.3,1569.9,1545.2,947.5,1190.3,999.1,2085.4
1,1168.3,0.0,770.5,605.5,292.7,374.7,313.5,1165.7
2,1569.9,770.5,0.0,524.0,1028.5,832.3,963.3,644.5
3,1545.2,605.5,524.0,0.0,820.7,465.2,601.1,919.2
4,947.5,292.7,1028.5,820.7,0.0,552.3,379.6,1423.8
5,1190.3,374.7,832.3,465.2,552.3,0.0,191.2,1173.7
6,999.1,313.5,963.3,601.1,379.6,191.2,0.0,1289.1
7,2085.4,1165.7,644.5,919.2,1423.8,1173.7,1289.1,0.0
