,0,1,2,3,4,5,6,7
0,0.0,1511.5956912906636,1244.403375350208,984.9266273161772,1334.8859212820564,1227.801469510799,822.8731071824103,1667.6765190679764
1,1511.5956912906636,0.0,283.3234375490864,648.897110306494,589.871564768945,296.99944414688593,774.3068244249537,393.4114707813449
2,1244.403375350208,283.3234375490864,0.0,373.45065966851854,433.0793096812556,165.13594793978416,491.2267202274343,481.30894770321305
3,984.9266273161772,648.897110306494,373.45065966851854,0.0,363.85913254955375,477.6450021581404,162.16565682628507,691.1771540962427
4,1334.8859212820564,589.871564768945,433.0793096812556,363.85913254955375,0.0,597.2897326368476,518.862859011574,419.0427521305944
5,1227.801469510799,296.99944414688593,165.13594793978416,477.6450021581404,597.2897326368476,0.0,557.0512627463387,605.901935092876
6,822.8731071824103,774.3068244249537,491.2267202274343,162.16565682628507,518.862859011574,557.0512627463387,0.0,851.4514296473618
7,1667.6765190679764,393.4114707813449,481.30894770321305,691.1771540962427,419.0427521305944,605.901935092876,851.4514296473618,0.0
