,0,1,2,3,4,5,6,7
0,0.0,855.8,1022.2,1236.6,2002.3,1818.7,999.1,2085.4
1,855.8,0.0,509.3,470.2,1445.1,1138.8,286.7,1528.1
2,1022.2,509.3,0.0,214.3,1012.3,1205.7,443.0,1095.4
3,1236.6,470.2,214.3,0.0,1038.0,1034.9,350.2,1121.1
4,2002.3,1445.1,1012.3,1038.0,0.0,646.2,1270.5,187.8
5,1818.7,1138.8,1205.7,1034.9,646.2,0.0,852.0,458.4
6,999.1,286.7,443.0,350.2,1270.5,852.0,0.0,1289.1
7,2085.4,1528.1,1095.4,1121.1,187.8,458.4,1289.1,0.0
