,0,1,2,3,4,5,6,7
0,0.0,655.815312262113,682.5133650327956,736.5038792074463,1229.5926017194597,1252.8472864700907,822.8731071824103,1667.6765190679764
1,655.815312262113,0.0,209.2703757332039,356.400120884039,688.6538989145413,597.3636249544909,188.423896464308,1012.2855057519372
2,682.5133650327956,209.2703757332039,0.0,565.4269606857067,858.4434824603222,629.6557203021356,201.27416042411363,1030.2425410550943
3,736.5038792074463,356.400120884039,565.4269606857067,0.0,498.5735052751526,718.8993944598227,485.3470638034505,1098.9380087609732
4,1229.5926017194597,688.6538989145413,858.4434824603222,498.5735052751526,0.0,553.4437707108087,677.98643649823,780.8900420305624
5,1252.8472864700907,597.3636249544909,629.6557203021356,718.8993944598227,553.4437707108087,0.0,441.04409538840713,414.9218901948661
6,822.8731071824103,188.423896464308,201.27416042411363,485.3470638034505,677.98643649823,441.04409538840713,0.0,851.4514296473618
7,1667.6765190679764,1012.2855057519372,1030.2425410550943,1098.9380087609732,780.8900420305624,414.9218901948661,851.4514296473618,0.0
