,0,1,2,3,4,5,6,7
0,0.0,1490.8,1351.9,1326.9,711.7,1488.6,721.3,1513.9
1,1490.8,0.0,200.5,206.3,807.0,399.7,951.7,244.8
2,1351.9,200.5,0.0,25.0,668.1,316.9,812.8,162.0
3,1326.9,206.3,25.0,0.0,643.1,341.9,787.8,187.0
4,711.7,807.0,668.1,643.1,0.0,985.0,320.1,830.1
5,1488.6,399.7,316.9,341.9,985.0,0.0,788.7,154.9
6,721.3,951.7,812.8,787.8,320.1,788.7,0.0,928.1
7,1513.9,244.8,162.0,187.0,830.1,154.9,928.1,0.0
