,0,1,2,3,4,5,6,7
0,0.0,618.0,738.0,892.4,1454.0,1313.6,721.3,1513.9
1,618.0,0.0,366.5,338.5,1040.5,820.2,206.5,1100.4
2,738.0,366.5,0.0,154.4,729.0,868.2,318.9,788.9
3,892.4,338.5,154.4,0.0,747.6,745.5,252.0,807.5
4,1454.0,1040.5,729.0,747.6,0.0,465.4,914.9,135.5
5,1313.6,820.2,868.2,745.5,465.4,0.0,613.7,329.9
6,721.3,206.5,318.9,252.0,914.9,613.7,0.0,928.1
7,1513.9,1100.4,788.9,807.5,135.5,329.9,928.1,0.0
