,0,1,2,3,4,5,6,7
0,0.0,874.7,1138.2,649.2,1385.6,1353.2,721.3,1513.9
1,874.7,0.0,393.7,1013.5,551.1,518.7,672.8,679.4
2,1138.2,393.7,0.0,825.8,512.3,608.0,454.3,640.6
3,649.2,1013.5,825.8,0.0,1162.1,1317.1,384.5,992.6
4,1385.6,551.1,512.3,1162.1,0.0,390.2,846.5,183.6
5,1353.2,518.7,608.0,1317.1,390.2,0.0,945.6,406.5
6,721.3,672.8,454.3,384.5,846.5,945.6,0.0,928.1
7,1513.9,679.4,640.6,992.6,183.6,406.5,928.1,0.0
