,0,1,2,3,4,5,6,7
0,0.0,895.2,866.3,806.0,1452.5,1556.5,999.1,2085.4
1,895.2,0.0,309.3,659.5,966.2,697.0,245.4,1407.6
2,866.3,309.3,0.0,830.9,1115.6,810.9,216.6,1505.8
3,806.0,659.5,830.9,0.0,703.3,1116.4,674.9,1336.2
4,1452.5,966.2,1115.6,703.3,0.0,669.3,917.1,844.5
5,1556.5,697.0,810.9,1116.4,669.3,0.0,612.4,851.8
6,999.1,245.4,216.6,674.9,917.1,612.4,0.0,1289.1
7,2085.4,1407.6,1505.8,1336.2,844.5,851.8,1289.1,0.0
