,0,1,2,3,4,5,6,7
0,0.0,802.7,1133.5,1264.6,1645.3,1504.8,999.1,2085.4
1,802.7,0.0,806.0,512.0,1350.2,770.6,671.6,1332.8
2,1133.5,806.0,0.0,864.6,623.0,751.0,134.5,1233.5
3,1264.6,512.0,864.6,0.0,992.7,337.3,860.0,863.9
4,1645.3,1350.2,623.0,992.7,0.0,802.5,678.7,634.3
5,1504.8,770.6,751.0,337.3,802.5,0.0,746.4,612.1
6,999.1,671.6,134.5,860.0,678.7,746.4,0.0,1289.1
7,2085.4,1332.8,1233.5,863.9,634.3,612.1,1289.1,0.0
