,0,1,2,3,4,5,6,7,8,9,10,11,12,13,14,15,16,17,18,19,20,21,22,23,24,25,26,27,28,29,30,31,32,33,34,35,36,37
0,0.0,937.4,1569.7,1015.8,1054.0,1184.5,2028.6,1301.7,802.7,1164.2,942.1,1820.6,1169.0,1865.7,2116.5,1153.4,971.6,968.6,2113.9,1987.4,685.8,1012.9,2013.1,1723.4,1219.0,1421.9,1405.4,1139.1,773.6,1096.2,607.7,1085.6,1860.5,1215.8,1106.0,1558.0,999.1,2085.4
1,937.4,0.0,826.9,382.6,417.1,857.7,1542.8,664.8,625.1,837.4,179.1,1211.6,842.2,1261.3,1507.4,516.5,82.0,79.1,1504.9,1378.4,347.7,123.4,1408.6,1118.9,892.3,781.3,764.9,502.3,302.5,267.3,405.1,448.7,1251.5,578.9,469.1,1072.2,362.2,1476.4
2,1569.7,826.9,0.0,688.5,570.7,811.0,1012.8,607.1,1126.2,790.8,857.9,541.8,795.6,694.3,837.7,644.6,807.6,858.1,835.1,708.6,1126.6,820.6,841.7,551.9,743.5,483.5,467.1,630.4,878.1,679.0,1184.1,637.4,581.7,590.4,597.2,600.7,625.6,806.6
3,1015.8,385.2,688.5,0.0,136.0,924.5,1542.6,383.7,692.0,904.3,415.8,1151.8,909.1,980.2,1447.6,235.4,365.5,416.4,1437.8,1318.6,684.9,378.4,1127.6,837.8,964.5,781.1,764.6,221.2,257.4,236.9,742.4,167.6,1191.7,297.8,188.0,1071.9,81.1,1370.2
4,1054.0,417.1,570.7,136.0,0.0,914.2,1424.7,282.8,723.8,893.9,451.5,1033.9,898.7,879.3,1329.8,134.5,401.2,448.3,1327.2,1200.8,716.8,414.2,1026.7,736.9,846.7,663.2,646.8,120.3,325.5,272.6,774.2,66.7,1073.8,196.9,87.1,954.1,54.9,1269.3
5,1184.5,857.7,811.0,924.5,914.2,0.0,916.2,1022.1,431.9,20.2,685.5,708.2,15.5,1322.3,1004.1,993.5,778.6,826.7,1001.5,875.1,785.8,791.6,1237.0,1179.9,106.7,327.5,344.0,979.3,1112.3,744.3,707.7,980.9,748.1,939.3,946.1,445.6,904.1,973.0
6,2028.6,1542.8,1012.8,1542.6,1424.7,916.2,0.0,1532.4,1276.0,896.0,1383.5,635.9,900.8,1041.3,589.3,1504.1,1460.8,1524.6,511.7,518.4,1518.2,1473.7,747.2,1036.9,848.7,761.5,777.9,1489.9,1732.1,1392.2,1551.9,1491.5,431.0,1449.9,1456.7,532.7,1479.6,483.2
7,1301.7,664.8,607.1,383.7,282.8,1022.1,1532.4,0.0,974.2,1001.9,698.0,1070.3,1006.7,692.3,1263.5,266.9,647.7,696.0,1149.9,1237.1,964.6,660.7,839.7,549.9,954.6,770.9,754.4,252.7,573.3,519.1,1022.0,314.5,1110.2,212.7,219.5,1061.7,302.6,1082.3
8,802.7,625.1,1126.2,692.0,723.8,431.9,1276.0,974.2,0.0,411.6,453.0,1068.0,416.4,1570.7,1363.9,825.9,546.1,594.2,1361.3,1234.9,404.0,559.1,1596.8,1428.3,466.5,687.7,671.2,811.7,879.8,511.8,325.9,758.1,1107.9,888.3,778.5,805.4,671.6,1332.8
9,1164.2,837.4,790.8,904.3,893.9,20.2,896.0,1001.9,411.6,0.0,665.3,688.0,4.8,1302.0,983.8,973.3,758.4,806.4,981.3,854.8,765.6,771.3,1216.7,1159.6,86.4,307.3,323.7,959.1,1092.1,724.1,687.5,960.7,727.9,919.1,925.9,425.4,883.9,952.8
10,942.1,179.1,857.9,415.8,451.5,685.5,1383.5,698.0,453.0,665.3,0.0,1052.2,670.1,1294.5,1348.1,549.6,169.7,148.1,1345.5,1219.0,277.0,211.1,1441.8,1152.1,720.1,622.0,605.5,535.4,433.7,235.6,334.4,481.9,1092.1,612.1,502.3,912.8,395.4,1317.0
11,1820.6,1211.6,541.8,1151.8,1033.9,708.2,635.9,1070.3,1068.0,688.0,1052.2,0.0,692.8,1050.1,523.1,1107.9,1129.6,1193.3,520.5,394.1,1187.0,1142.5,756.0,1045.7,640.7,466.2,449.7,1093.7,1341.3,1006.3,1244.4,1100.7,267.1,1053.7,1060.5,453.4,1088.8,492.0
12,1169.0,842.2,795.6,909.1,898.7,15.5,900.8,1006.7,416.4,4.8,670.1,692.8,0.0,1306.8,988.6,978.0,763.2,811.2,986.1,859.6,770.3,776.1,1221.5,1164.4,91.2,312.1,328.5,963.8,1096.8,728.9,692.2,965.4,732.7,923.9,930.7,430.1,888.6,957.5
13,1865.7,1261.3,694.3,980.2,879.3,1322.3,1041.3,692.3,1570.7,1302.0,1294.5,1050.1,1306.8,0.0,739.3,863.3,1244.2,1292.5,625.7,840.4,1561.0,1257.1,294.1,142.4,1254.8,994.7,978.3,849.1,1169.7,1115.5,1618.5,911.0,783.0,809.2,815.9,1254.0,899.1,558.1
14,2116.5,1507.4,837.7,1447.6,1329.8,1004.1,589.3,1263.5,1363.9,983.8,1348.1,523.1,988.6,739.3,0.0,1403.7,1425.4,1489.2,113.6,151.4,1482.8,1438.4,445.2,734.9,936.6,762.0,745.6,1389.5,1637.2,1302.1,1540.2,1396.5,282.3,1349.5,1356.3,760.8,1384.7,181.2
15,1153.4,516.5,644.6,235.4,134.5,993.5,1504.1,266.9,825.9,973.3,549.6,1107.9,978.0,863.3,1403.7,0.0,499.4,547.7,1320.9,1274.7,816.2,512.3,1010.7,720.9,926.0,742.6,726.1,14.2,424.9,370.7,873.6,166.1,1147.8,180.9,71.1,1033.4,154.3,1253.3
16,971.6,82.0,807.6,365.5,401.2,778.6,1460.8,647.7,546.1,758.4,169.7,1129.6,763.2,1244.2,1425.4,499.4,0.0,69.8,1422.9,1296.4,338.3,41.4,1391.6,1101.8,813.2,699.3,682.9,485.2,336.7,185.3,395.8,431.6,1169.5,561.8,452.0,990.1,345.1,1394.3
17,968.6,79.1,858.1,413.8,448.3,826.7,1524.6,696.0,594.2,806.4,148.1,1193.3,811.2,1292.5,1489.2,547.7,69.8,0.0,1486.6,1360.2,316.7,111.2,1439.9,1150.1,861.3,763.1,746.7,533.5,333.7,255.1,374.1,479.9,1233.3,610.1,500.3,1053.9,393.4,1458.1
18,2113.9,1504.9,835.1,1437.8,1327.2,1001.5,511.7,1149.9,1361.3,981.3,1345.5,520.5,986.1,625.7,113.6,1320.9,1422.9,1486.6,0.0,214.7,1480.2,1435.8,331.6,621.3,934.0,759.5,743.0,1306.7,1627.3,1299.6,1537.7,1368.6,253.4,1266.8,1273.5,758.2,1356.7,67.6
19,1987.4,1378.4,708.6,1318.6,1200.8,875.1,518.4,1237.1,1234.9,854.8,1219.0,394.1,859.6,840.4,151.4,1274.7,1296.4,1360.2,214.7,0.0,1353.8,1309.3,546.3,836.0,807.5,633.0,616.6,1260.5,1508.2,1173.1,1411.2,1267.5,153.2,1220.5,1227.3,631.8,1255.7,282.3
20,685.8,347.7,1126.6,682.3,716.8,785.8,1518.2,964.6,404.0,765.6,277.0,1187.0,770.3,1561.0,1482.8,816.2,338.3,316.7,1480.2,1353.8,0.0,379.7,1708.4,1418.6,820.4,756.7,740.3,802.0,602.3,512.5,78.1,748.5,1226.9,878.6,768.8,1047.5,661.9,1451.7
21,1012.9,123.4,820.6,378.4,414.2,791.6,1473.7,660.7,559.1,771.3,211.1,1142.5,776.1,1257.1,1438.4,512.3,41.4,111.2,1435.8,1309.3,379.7,0.0,1404.5,1114.7,826.2,712.2,695.8,498.1,378.0,198.2,437.1,444.6,1182.4,574.7,464.9,1003.1,358.0,1407.3
22,2013.1,1408.6,841.7,1127.6,1026.7,1237.0,747.2,839.7,1596.8,1216.7,1441.8,756.0,1221.5,294.1,445.2,1010.7,1391.6,1439.9,331.6,546.3,1708.4,1404.5,0.0,289.8,1169.5,994.9,978.5,996.5,1317.1,1262.9,1765.8,1058.3,488.8,956.5,963.3,993.7,1046.5,264.0
23,1723.4,1118.9,551.9,837.8,736.9,1179.9,1036.9,549.9,1428.3,1159.6,1152.1,1045.7,1164.4,142.4,734.9,720.9,1101.8,1150.1,621.3,836.0,1418.6,1114.7,289.8,0.0,1112.4,852.3,835.9,706.7,1027.3,973.2,1476.1,768.6,778.6,666.8,673.5,1111.6,756.7,553.7
24,1219.0,892.3,743.5,964.5,846.7,106.7,848.7,954.6,466.5,86.4,720.1,640.7,91.2,1254.8,936.6,926.0,813.2,861.3,934.0,807.5,820.4,826.2,1169.5,1112.4,0.0,260.0,276.5,911.8,1154.1,778.9,742.3,913.4,680.6,871.8,878.6,378.1,901.5,905.5
25,1421.9,781.3,483.5,781.1,663.2,327.5,761.5,770.9,687.7,307.3,622.0,466.2,312.1,994.7,762.0,742.6,699.3,763.1,759.5,633.0,756.7,712.2,994.9,852.3,260.0,0.0,16.4,728.4,970.6,630.7,814.1,730.0,506.1,688.4,695.2,290.8,718.1,730.9
26,1405.4,764.9,467.1,764.6,646.8,344.0,777.9,754.4,671.2,323.7,605.5,449.7,328.5,978.3,745.6,726.1,682.9,746.7,743.0,616.6,740.3,695.8,978.5,835.9,276.5,16.4,0.0,711.9,954.2,614.3,797.7,713.5,489.7,672.0,678.8,307.3,701.7,714.5
27,1139.1,502.3,630.4,221.2,120.3,979.3,1489.9,252.7,811.7,959.1,535.4,1093.7,963.8,849.1,1389.5,14.2,485.2,533.5,1306.7,1260.5,802.0,498.1,996.5,706.7,911.8,728.4,711.9,0.0,410.7,356.5,859.4,151.9,1133.6,166.7,56.9,1019.2,140.1,1239.1
28,773.6,302.5,878.1,257.4,325.5,1112.3,1732.1,573.3,879.8,1092.1,433.7,1341.3,1096.8,1169.7,1637.2,424.9,336.7,333.7,1627.3,1508.2,602.3,378.0,1317.1,1027.3,1154.1,970.6,954.2,410.7,0.0,426.4,659.7,357.2,1381.2,487.3,377.5,1261.5,270.6,1559.7
29,1096.2,267.3,679.0,236.9,272.6,744.3,1392.2,519.1,511.8,724.1,235.6,1006.3,728.9,1115.5,1302.1,370.7,185.3,255.1,1299.6,1173.1,512.5,198.2,1262.9,973.2,778.9,630.7,614.3,356.5,426.4,0.0,570.0,303.0,1046.2,433.1,323.3,921.5,216.4,1271.0
30,607.7,405.1,1184.1,739.8,774.2,707.7,1551.9,1022.0,325.9,687.5,334.4,1244.4,692.2,1618.5,1540.2,873.6,395.8,374.1,1537.7,1411.2,78.1,437.1,1765.8,1476.1,742.3,814.1,797.7,859.4,659.7,570.0,0.0,805.9,1284.3,936.1,826.2,1081.2,719.3,1509.1
31,1085.6,448.7,637.4,167.6,66.7,980.9,1491.5,314.5,758.1,960.7,481.9,1100.7,965.4,911.0,1396.5,166.1,431.6,479.9,1368.6,1267.5,748.5,444.6,1058.3,768.6,913.4,730.0,713.5,151.9,357.2,303.0,805.9,0.0,1140.6,228.5,118.7,1020.8,86.5,1301.0
32,1860.5,1251.5,581.7,1191.7,1073.8,748.1,431.0,1110.2,1107.9,727.9,1092.1,267.1,732.7,783.0,282.3,1147.8,1169.5,1233.3,253.4,153.2,1226.9,1182.4,488.8,778.6,680.6,506.1,489.7,1133.6,1381.2,1046.2,1284.3,1140.6,0.0,1093.6,1100.4,504.9,1128.7,224.9
33,1215.8,578.9,590.4,297.8,196.9,939.3,1449.9,212.7,888.3,919.1,612.1,1053.7,923.9,809.2,1349.5,180.9,561.8,610.1,1266.8,1220.5,878.6,574.7,956.5,666.8,871.8,688.4,672.0,166.7,487.3,433.1,936.1,228.5,1093.6,0.0,133.5,979.2,216.7,1199.2
34,1106.0,469.1,597.2,188.0,87.1,946.1,1456.7,219.5,778.5,925.9,502.3,1060.5,930.7,815.9,1356.3,71.1,452.0,500.3,1273.5,1227.3,768.8,464.9,963.3,673.5,878.6,695.2,678.8,56.9,377.5,323.3,826.2,118.7,1100.4,133.5,0.0,986.0,106.9,1205.9
35,1558.0,1072.2,600.7,1071.9,954.1,445.6,532.7,1061.7,805.4,425.4,912.8,453.4,430.1,1254.0,760.8,1033.4,990.1,1053.9,758.2,631.8,1047.5,1003.1,993.7,1111.6,378.1,290.8,307.3,1019.2,1261.5,921.5,1081.2,1020.8,504.9,979.2,986.0,0.0,1009.0,729.7
36,999.1,362.2,625.6,81.1,54.9,904.1,1479.6,302.6,671.6,883.9,395.4,1088.8,888.6,899.1,1384.7,154.3,345.1,393.4,1356.7,1255.7,661.9,358.0,1046.5,756.7,901.5,718.1,701.7,140.1,270.6,216.4,719.3,86.5,1128.7,216.7,106.9,1009.0,0.0,1289.1
37,2085.4,1476.4,806.6,1370.2,1269.3,973.0,483.2,1082.3,1332.8,952.8,1317.0,492.0,957.5,558.1,181.2,1253.3,1394.3,1458.1,67.6,282.3,1451.7,1407.3,264.0,553.7,905.5,730.9,714.5,1239.1,1559.7,1271.0,1509.1,1301.0,224.9,1199.2,1205.9,729.7,1289.1,0.0
