,0,1,2,3,4,5,6,7,8,9,10,11,12,13,14,15,16,17,18,19,20,21,22,23,24,25,26,27,28,29,30,31,32,33,34,35,36,37,38,39,40,41,42,43,44,45,46,47,48,49,50,51,52
0,0.0,941.7763139171584,905.275397203828,1451.6896076155774,1585.6338503045888,1115.8317097062377,1434.1564314849786,1578.9658440265266,1520.664716896189,1373.153347426868,1333.5243752501456,997.094081727315,813.3177973325159,1281.6732863779853,1177.6360799580298,1531.0837357802793,876.0744022862483,655.815312262113,901.6187349630897,1452.4814793788848,1447.4886650524586,1597.259568707858,566.1773360876244,929.0818608480982,512.3619454606453,1204.7134284854212,601.2801488479714,1168.41537959458,1024.4838590822496,1455.953952283728,896.4697528834328,1147.5948600269874,537.1253401369233,1574.121467364724,1044.6309001830375,512.3619454606453,1306.8162249952827,1267.0509387773109,596.1212455024397,717.9899076831681,1359.7781298956988,1386.7677306462222,896.9557982134013,1630.049384452133,1181.621859377488,1583.055487296694,661.5784798444381,1224.391474822311,1146.5878720509627,759.740164800456,846.9410857105303,822.8731071824103,1667.6765190679764
1,941.7763139171584,0.0,783.0908383563359,851.923194350721,721.3523411437304,174.12489026172818,623.8432151037949,683.8103104123404,640.8010305388265,529.5874980041627,709.9235969746032,93.52486926724475,316.0314825550889,660.7998793756731,766.3408618854271,993.093097158696,232.00034814890213,380.465864000787,188.6998768725701,679.8344469376467,652.0205564303557,1035.8321785022451,716.8561024297528,73.36302916297247,571.1727995107764,613.9084023373338,530.2910473674525,822.6489145363536,88.40755192907298,574.8754268355416,352.03166465566323,208.5319268958702,529.7156897650339,659.104366869181,410.4454221554679,571.1727995107764,514.2121006167076,462.1322613529985,478.1034412553336,698.0374702477902,882.1163235221682,477.2512243577466,571.9950393613562,775.4349516486608,721.707982431058,744.0506068984888,518.3781926169443,324.59488782785894,583.1882461642039,189.9400097777336,175.05539111917477,213.6613199873804,812.7176614188822
2,905.275397203828,783.0908383563359,0.0,634.6362961442063,988.4929692105636,872.867134783768,808.7800731675952,1036.1247003962228,965.0347371848594,811.5123382033453,567.220308382176,742.9964555493764,469.6250351172628,533.7196105777989,322.6964806691929,666.9447335007247,551.942760791566,489.7944634248511,597.8014506787257,779.3144875522707,800.629549828891,735.894657233744,339.2094471618756,712.5950700837307,450.7434999272066,469.4190318172145,387.7778732331312,283.198161564703,796.9911326679313,921.1237937783746,439.33410062188005,868.1099471881105,456.45076283926295,1076.3092848099036,475.1512435118607,450.7434999272066,711.5715381629781,705.3256543187632,440.4241850409487,191.1325145692512,493.76616480526855,928.009236877549,219.4530794552892,1008.4192288082528,356.2411559247694,950.8553231839704,343.990091788679,812.9115561660974,423.3495272236223,764.3625323716451,871.922520840908,575.7351491002506,1038.5444395112909
3,1451.6896076155774,851.923194350721,634.6362961442063,0.0,509.3418621179361,809.9350058118196,376.1804588987591,598.0949333822282,539.5797273995157,458.4912861190559,142.80685973362947,762.479482582547,698.1443061503082,195.3895589802818,312.364461300349,151.1823164543019,694.763001629029,838.5764057188949,707.8226070859922,298.9441001822084,344.13529798624506,183.9803176037662,918.6131808724924,789.3292479091795,940.06781781975,261.6806086390627,851.4599393159191,368.0609054287125,798.5156962786978,538.1339930391518,604.5395679094624,775.5488971431985,919.4191386569312,670.2696329972682,468.7041518491776,940.06781781975,390.914015837654,434.02100189542574,866.5263363586923,771.8168541638249,177.79741789963796,624.3477031926188,556.4747761228128,497.40678019248105,283.05296510312274,445.9152033547658,790.7525966506796,628.9226037760577,314.951602500085,968.0831134231962,1018.660877755582,758.3413935287365,512.2091658780886
4,1585.6338503045888,721.3523411437304,988.4929692105636,509.3418621179361,0.0,584.4857570217575,179.73239957817387,100.0526664880408,86.55045597068826,212.56294211186844,462.7886632094988,634.6337674434484,775.7777751920796,472.8051141688844,722.6519903894307,639.2219156063917,710.0071077540496,931.4315991483196,688.6247202974265,224.4042446352801,191.3108119836213,631.2517751687762,1161.275542012707,695.6397658165964,1102.782668198325,522.9061971604207,1021.3961367339462,799.0109010601768,635.8570081432723,148.00604467608832,702.7253511333661,540.0562224630326,1067.6333532782835,180.58641677241403,568.71842388004,1102.782668198325,292.2948120425601,322.3552030938298,1004.4138371626918,1049.390814378461,671.0219620024452,262.76679328008686,812.7271421471175,57.10510678175635,666.8449790356044,68.64994064570276,971.1817354954264,396.94268560425314,565.1990998733944,901.6340583399658,890.1177616652096,766.3608581236091,92.08426485838147
5,1115.8317097062377,174.12489026172818,872.867134783768,809.9350058118196,584.4857570217575,0.0,519.8413728902046,532.9896288886156,499.6835570957855,417.2907492586012,674.8710129679167,141.53351528082064,432.9937184906887,633.3783368385228,790.9216748173227,958.7554339291602,337.46380387705386,532.9518261327423,290.2853155836786,588.2854016441106,552.5793005365138,991.6727622900072,859.7866571349291,200.79157261168285,727.5849978123175,605.0321847397372,676.1974394961028,857.3313646443028,95.79973181056084,436.6200722153738,434.6928719185866,44.43123789139328,686.063391356384,498.445982823505,433.3243623711635,727.5849978123175,432.8973774201669,382.8133920275062,629.7918479573395,818.9035871324555,874.68325645041,326.2766883480084,653.8546635571976,640.810977841123,738.6425140707081,617.9369566815628,654.1838228389304,200.1845848055011,589.9252256389625,361.6978453389942,315.3804893106942,348.4464247567627,676.5261730386302
6,1434.1564314849786,623.8432151037949,808.7800731675952,376.1804588987591,179.73239957817387,519.8413728902046,0.0,239.9918412249808,172.35790483028575,104.1355053253639,298.4533401795325,531.292861583079,620.8387262724369,299.6671341669671,549.1931550837387,521.4281813392402,566.2557326024997,778.4067504209944,552.8597378224268,81.36544165900415,36.02003065997648,530.4650996911264,988.6629340210712,583.5316844453337,940.4588651741028,344.448482895674,856.5782382370107,626.4862932224167,546.3465012515793,161.9550209440091,540.8033655173496,477.5326424874292,907.170991333682,301.9368943034476,399.42270417928574,940.4588651741028,127.41577799012444,171.762009758208,844.5583526105409,872.5916438049073,518.4981043470574,257.9651319083773,635.0419057352935,206.0703983514387,492.1007991255378,152.17969808129203,803.9128963606449,319.6880953098893,385.5334559416647,789.2021933921014,798.5256189156593,627.1502065545791,240.96974390068607
7,1578.9658440265266,683.8103104123404,1036.1247003962228,598.0949333822282,100.0526664880408,532.9896288886156,239.9918412249808,0.0,71.10897101994783,228.30063379298636,537.165108313036,602.9466029317925,779.1598804928979,539.5308276648233,788.6227827466444,732.8264819218167,704.6012968838098,930.7671471451358,677.3595208702333,303.18308591751867,262.58112200890434,727.9385981890013,1183.1811388689707,667.7038016265685,1110.4437118804865,580.3715279159957,1032.7562986218888,866.1111870104388,596.0066513690994,125.42474548709706,714.6554225477215,489.1946820895046,1073.4085588059318,80.59073991216248,592.3909009425931,1110.4437118804865,325.24133437376673,341.1881408541831,1010.0607063153444,1080.77001533857,753.1105416871326,207.46064703416064,848.1994961056276,146.2245876183101,731.0931200452019,168.19840985599697,986.1805731356296,362.7377306781009,616.2864734994665,869.9193638685284,845.9897330793555,756.0957214427159,169.19852041945117
8,1520.664716896189,640.8010305388265,965.0347371848594,539.5797273995157,86.55045597068826,499.6835570957855,172.35790483028575,71.10897101994783,0.0,158.87683099764587,470.759613475061,556.080601379292,716.2548296557421,470.7638978928261,719.1844955297717,678.6855092949985,644.8365902876131,869.5624878063963,620.0226891675798,241.32772664164227,198.17429772577896,678.5647652510254,1115.4299694318147,618.8073224204628,1046.5399379684827,509.8725784306116,967.6391287892112,796.8226862432626,554.3282065370474,66.44180315658528,648.9276687598784,455.29219918220144,1010.0876808517428,130.98044503292525,523.585604648736,1046.5399379684827,254.3964302919814,272.3444079974146,946.7174099243908,1011.1495686495368,689.434341312335,176.35979557568422,777.8854366905539,143.65281968759888,661.3929671637801,139.07405167647434,919.9876680405874,316.3583484794126,545.2617559259733,823.5989768895304,807.6669322570335,698.5011067124157,177.56441535772194
9,1373.153347426868,529.5874980041627,811.5123382033453,458.4912861190559,212.56294211186844,417.2907492586012,104.1355053253639,228.30063379298636,158.87683099764587,0.0,357.9723786803691,438.5579909780348,563.4690700410919,344.11578861945986,583.792834587604,607.8624931227865,497.8590024731561,718.8881899389731,478.0216320009192,180.7733937861508,139.04808789102853,623.2014258646974,956.842124118898,494.89521294849817,891.63511234589,368.9449654884706,811.3639997007962,661.6826306670829,449.0700682311487,109.76319088513088,492.39927144743945,374.50362007940015,855.990523300782,265.5643822051641,364.71938646165137,891.63511234589,101.08378825687986,113.55760595440204,792.6931889182616,852.5101382515589,582.8104459781318,165.91606676912676,620.1255493421053,258.3530587054564,524.8798618185338,217.7484290473228,762.6242765997092,217.2262992039956,397.1937621696555,701.6569871900447,703.1457286840775,555.1417518074173,296.34866327733425
10,1333.5243752501456,709.9235969746032,567.220308382176,142.80685973362947,462.7886632094988,674.8710129679167,298.4533401795325,537.165108313036,470.759613475061,357.9723786803691,0.0,621.1759339770623,561.470648925338,54.54978618265439,266.1397753305944,285.0884895149596,553.361577925044,706.5187070739571,565.3373373832019,238.40927193294507,274.8965963076157,326.13102743849703,818.1267872225486,646.7438084744693,821.248627626836,129.1863562287588,732.3281830902779,339.6240338824536,658.5911728816393,453.4549213975533,467.68012167928873,642.4762079635326,797.4895362143453,600.1790619777448,327.7905802026566,821.248627626836,273.72700856288105,309.40245595112293,741.7687469598409,678.5264438613201,224.8475831096464,521.1549178369079,449.0557027401287,467.0487748395562,215.95814916991924,410.0102469473625,672.3609243424894,501.9687134082185,186.97183978581296,825.6701222359594,875.9857350298594,617.3144831735044,491.155540250296
11,997.094081727315,93.52486926724475,742.9964555493764,762.479482582547,634.6337674434484,141.53351528082064,531.292861583079,602.9466029317925,556.080601379292,438.5579909780348,621.1759339770623,0.0,292.6578999610555,573.269165067564,694.4487485492507,905.420234005946,197.90063645002672,393.51081654189153,150.358517698666,586.4078395947424,559.0201385539195,946.459041679,718.2822456825407,68.01447256955326,588.4839383667323,530.3567484133921,535.0216741387494,754.9855518412303,53.9950403567669,489.7397405355854,303.8487756697579,158.2020927863337,547.0832838591328,584.6216752418393,334.1287146473512,588.4839383667323,420.70691500811455,368.64516133928623,489.68721656605646,679.4973004034426,800.4451056949017,399.07169809643335,525.9568862468858,687.772289564079,646.7921481173493,654.3994098307684,512.6942008121193,240.4411570468791,503.82795511722776,267.53697465928934,268.4728075335302,207.32664912413472,725.3513936068695
12,813.3177973325159,316.0314825550889,469.6250351172628,698.1443061503082,775.7777751920796,432.9937184906887,620.8387262724369,779.1598804928979,716.2548296557421,563.4690700410919,561.470648925338,292.6578999610555,0.0,506.925791978494,515.9816453803222,814.7289975669539,95.8555791958816,157.6975227431761,142.70916011937925,641.9140864814178,634.6579131429739,871.0857495915783,433.5916118588033,248.90980783799023,332.0080951209755,436.4637450266169,260.0061689965221,555.3127434907651,344.73857975196626,653.9640517784605,93.7933793728218,441.2089227522448,294.3045117305234,787.1184817891622,240.6150564230692,332.0080951209755,493.51175660916056,454.7392012195437,231.00756577913552,387.1062752253079,669.0981095527184,604.5134336455251,268.1490233518056,818.1719546208813,486.4369511653384,770.1124619690551,225.7499963535016,449.5550931959024,385.1594482138984,313.52019462794743,409.14111922735566,106.2497461734298,855.5502357760569
13,1281.6732863779853,660.7998793756731,533.7196105777989,195.3895589802818,472.8051141688844,633.3783368385228,299.6671341669671,539.5308276648233,470.7638978928261,344.11578861945986,54.54978618265439,573.269165067564,506.925791978494,0.0,250.00687543835485,332.3150361476997,499.5725230014942,652.3330568767996,512.5310846886823,251.73135175546395,281.6454947231515,377.1877416002751,771.6797591562171,596.3797991816765,769.630660600329,77.23033719751938,680.7568192929394,326.94801609511404,612.3892102361657,446.0061770173452,413.1365622499108,602.7719332034293,745.1569513851437,597.4325888871538,273.71893921253786,769.630660600329,251.64056350013325,280.21432253012995,688.8632568770254,634.9164206428449,248.56301956717024,502.39024782270656,402.1080391686939,483.4208902182261,194.17007413991607,425.6615129723574,621.0868936797712,467.9152857092516,135.63065356967422,772.7347092096061,825.2088461210033,563.3574760394255,510.4980498452145
14,1177.6360799580298,766.3408618854271,322.6964806691929,312.364461300349,722.6519903894307,790.9216748173227,549.1931550837387,788.6227827466444,719.1844955297717,583.792834587604,266.1397753305944,694.4487485492507,515.9816453803222,250.00687543835485,0.0,355.49525151691626,553.8290551940519,621.3828133183221,585.5555052971533,500.2138230895469,531.6161185861137,423.33687845439135,624.5058063230153,693.910527886372,676.4697179828113,215.9406858169503,591.8323399799305,77.93539230106573,743.5689034293104,690.0072645401353,435.20810317854136,770.1879356615334,664.2224644769015,843.8381244297472,360.91135642681314,676.4697179828113,484.97010763245817,499.8120005483208,621.4954095607008,472.7938539656622,182.31748713957347,731.8316391604043,291.382826363907,731.2758341322422,59.08611966706111,673.764562949264,532.132723001181,663.2327935691115,205.7754086114018,825.0974490544066,905.9818010549976,606.4464638964382,756.614760425666
15,1531.0837357802793,993.093097158696,666.9447335007247,151.1823164543019,639.2219156063917,958.7554339291602,521.4281813392402,732.8264819218167,678.6855092949985,607.8624931227865,285.0884895149596,905.420234005946,814.7289975669539,332.3150361476997,355.49525151691626,0.0,822.5995430956204,945.1764064326752,840.1938029659326,441.7804155700966,487.84345175828105,68.96794302356976,979.9621517021028,928.172481336939,1025.1567424128468,385.8784908925288,938.3238484659488,383.9858155730506,943.5772216338178,682.8871783142633,722.7758459606517,925.1692273297508,1009.2399371186244,808.0416321388726,597.5614008668607,1025.1567424128468,542.0962978759396,584.923694573579,961.227205974118,827.9108866694091,174.2365428167241,773.4072506900068,636.5943550161431,619.1439092914044,350.6679762664453,572.59812267449,877.6806513283414,779.7812730094473,430.8787620136798,1098.9553827594511,1156.4442795256482,884.5292930141239,627.919407123341
16,876.0744022862483,232.00034814890213,551.942760791566,694.763001629029,710.0071077540496,337.46380387705386,566.2557326024997,704.6012968838098,644.8365902876131,497.8590024731561,553.361577925044,197.90063645002672,95.8555791958816,499.5725230014942,553.8290551940519,822.5995430956204,0.0,227.4980402991768,47.56529979072777,597.7601227437431,584.383242593551,874.1007527309432,528.2065314430548,160.66356649386083,416.3037660982997,437.00837990900425,350.74495187128696,603.0343491323904,250.77317159825097,580.5979070608166,122.74619804570096,345.3985473430878,376.5881141447854,706.486630072124,226.14398273273707,416.3037660982997,439.6557567100746,395.41485017066015,314.5949463004738,481.70533443045326,690.2691603213071,521.1995880151544,340.0558815335282,755.7822441230576,515.8883391328943,711.072680737285,320.57216240560336,362.43463004647583,393.52310443620246,277.23473836621054,352.33982960040186,64.80073881105339,793.6466363076335
17,655.815312262113,380.465864000787,489.7944634248511,838.5764057188949,931.4315991483196,532.9518261327423,778.4067504209944,930.7671471451358,869.5624878063963,718.8881899389731,706.5187070739571,393.51081654189153,157.6975227431761,652.3330568767996,621.3828133183221,945.1764064326752,227.4980402991768,0.0,262.6083734951036,799.2148151156854,792.351774422753,1005.0454612966712,338.3115149129186,332.57328023413123,194.9947826724443,578.5825236338276,151.9475068145509,645.6380292831607,437.7286240768354,806.1605836103129,245.2383146283447,551.3916345401823,153.68491522789293,933.9756286454536,394.7818514590517,194.9947826724443,651.0352016025752,611.4821524340728,97.7062614820964,349.6135315866295,789.1606222835541,748.5967962107787,338.0496253217871,974.7752622363552,602.742262914939,927.3011408774148,157.2218819823366,589.0191511898402,523.6546338641514,289.2685193638813,406.169360326825,188.423896464308,1012.2855057519372
18,901.6187349630897,188.6998768725701,597.8014506787257,707.8226070859922,688.6247202974265,290.2853155836786,552.8597378224268,677.3595208702333,620.0226891675798,478.0216320009192,565.3373373832019,150.358517698666,142.70916011937925,512.5310846886823,585.5555052971533,840.1938029659326,47.56529979072777,262.6083734951036,0.0,590.2953665416294,573.4408154231697,889.2328545575085,573.0058133337103,115.94882162957995,455.0814898524648,454.538951590714,393.2990273196001,638.1187801231774,203.222020173814,554.7891684737506,163.33546914893122,299.4953186963017,414.6264112248105,674.8883978806494,243.1014199580608,455.0814898524648,428.14910444996417,381.10075204841496,353.81750675444226,529.1747196277278,714.4041755971799,488.2765200886158,384.1159714576862,736.348862688738,544.6770272657702,693.9450246749776,365.8291385848533,327.29424447692713,415.2531452885468,260.3582668350968,322.1753850405248,78.7572821191596,774.3593818021092
19,1452.4814793788848,679.8344469376467,779.3144875522707,298.9441001822084,224.4042446352801,588.2854016441106,81.36544165900415,303.18308591751867,241.32772664164227,180.7733937861508,238.40927193294507,586.4078395947424,641.9140864814178,251.73135175546395,500.2138230895469,441.7804155700966,597.7601227437431,799.2148151156854,590.2953665416294,0.0,46.24534945191533,449.2676243328272,984.2921391858832,633.7226229333396,950.5527523489646,309.89547792489134,864.3646768199204,575.8557395405431,606.6206788420561,241.21950195130933,556.0286027982846,547.211805185916,919.5474346092134,372.2945492848412,408.4053625154097,950.5527523489646,166.2299721930831,217.9153524141846,858.0841606033368,859.8866172243111,449.9834414600095,339.1593876705996,621.5170888983093,231.69814171102263,445.64645252847214,173.93021361725644,808.9878085173168,389.42256193538645,358.9423782442201,836.522240048746,854.8701851379909,660.896646308308,259.64441682489326
20,1447.4886650524586,652.0205564303557,800.629549828891,344.13529798624506,191.3108119836213,552.5793005365138,36.02003065997648,262.58112200890434,198.17429772577896,139.04808789102853,274.8965963076157,559.0201385539195,634.6579131429739,281.6454947231515,531.6161185861137,487.84345175828105,584.383242593551,792.351774422753,573.4408154231697,46.24534945191533,0.0,495.4357670195171,991.9411101473077,609.3745453278974,949.9927683675744,332.749946785998,865.0334022138594,608.2559180579599,576.0944453788564,195.06170996872711,551.9354552205708,510.6717777344701,917.6556437948702,329.0215217179293,407.3351307195956,949.9927683675744,145.29288254768952,194.0337264674182,855.4724501091724,872.0699579575785,491.3445394998914,293.847090458608,633.8069495283183,208.11592928024783,475.5777196905824,151.09834509467092,811.1312404501011,352.67009607648095,377.6416789042268,814.1105737137284,826.9726285432173,646.3266352160563,240.12664424896025
21,1597.259568707858,1035.8321785022451,735.894657233744,183.9803176037662,631.2517751687762,991.6727622900072,530.4650996911264,727.9385981890013,678.5647652510254,623.2014258646974,326.13102743849703,946.459041679,871.0857495915783,377.1877416002751,423.33687845439135,68.96794302356976,874.1007527309432,1005.0454612966712,889.2328545575085,449.2676243328272,495.4357670195171,0.0,1047.8198077796865,972.863071191774,1090.0558889926235,437.4665638523612,1002.7942866379792,452.9537285307341,982.2720379022892,689.431012996856,778.3132947161544,956.3006156582976,1073.245861516057,805.4448361892339,648.0955947981122,1090.0558889926235,566.5199920716863,612.3872539225946,1024.1526432600683,896.0364377687905,242.8558746323565,786.8834142151915,701.5810565650326,605.4636479477765,415.82913038169926,563.1773978137838,942.045874204862,806.816565056717,485.98223552171817,1149.0881900152776,1202.0387083852038,936.9323671501776,610.1555196678844
22,566.1773360876244,716.8561024297528,339.2094471618756,918.6131808724924,1161.275542012707,859.7866571349291,988.6629340210712,1183.1811388689707,1115.4299694318147,956.842124118898,818.1267872225486,718.2822456825407,433.5916118588033,771.6797591562171,624.5058063230153,979.9621517021028,528.2065314430548,338.3115149129186,573.0058133337103,984.2921391858832,991.9411101473077,1047.8198077796865,0.0,663.2055828132679,176.62324939866886,695.6384372434939,186.7268626963614,606.6370183008511,766.7864612268788,1058.5847597913123,473.2839044260678,872.3169815069568,208.85540159003705,1202.6952645694598,592.8972201193843,176.62324939866886,868.9810335419241,843.2953927119784,243.0280087166316,153.46130681213532,806.2015578681854,1026.863604608897,369.5741995327056,1194.578049539297,637.9397159036428,1140.463874262535,207.8431728967921,878.4935713976832,638.2281588779637,617.4389249505368,736.3223646955208,511.81863786980017,1229.5708958481025
23,929.0818608480982,73.36302916297247,712.5950700837307,789.3292479091795,695.6397658165964,200.79157261168285,583.5316844453337,667.7038016265685,618.8073224204628,494.89521294849817,646.7438084744693,68.01447256955326,248.90980783799023,596.3797991816765,693.910527886372,928.172481336939,160.66356649386083,332.57328023413123,115.94882162957995,633.7226229333396,609.3745453278974,972.863071191774,663.2055828132679,0.0,526.9318183753027,546.3135599904639,478.0015317229373,749.5695250005323,105.20952394648836,552.3672948574215,279.18259370445645,223.40022524593303,485.3888988795035,651.4773467370348,340.0441705204327,526.9318183753027,467.5105454409516,416.23035225832257,429.7860239368051,634.6020560098505,812.8892220102448,465.2872666440227,499.9535526934055,747.7843762602005,650.0344522770318,712.1581010653647,460.3471810773945,305.007241084361,513.371412422217,206.7889737265527,229.5276904566142,152.18156064942806,785.5834308051394
24,512.3619454606453,571.1727995107764,450.7434999272066,940.06781781975,1102.782668198325,727.5849978123175,940.4588651741028,1110.4437118804865,1046.5399379684827,891.63511234589,821.248627626836,588.4839383667323,332.0080951209755,769.630660600329,676.4697179828113,1025.1567424128468,416.3037660982997,194.9947826724443,455.0814898524648,950.5527523489646,949.9927683675744,1090.0558889926235,176.62324939866886,526.9318183753027,0.0,692.5703253337848,88.92520990025314,678.4549527139226,632.1413157568305,985.090401822832,400.35732449361257,746.3855816246518,41.571160150877546,1119.061753051472,542.8204575671973,0.0,814.7170456650618,780.4388511731081,101.74189595204142,265.74115691250194,856.7973471115293,935.757441728448,388.56859455681285,1142.4803099581216,674.5068412545386,1091.975536851558,149.34782100087375,778.5492764770812,634.3650715363739,450.57305041765545,569.1366076244688,383.0003893185997,1179.2383794341645
25,1204.7134284854212,613.9084023373338,469.4190318172145,261.6806086390627,522.9061971604207,605.0321847397372,344.448482895674,580.3715279159957,509.8725784306116,368.9449654884706,129.1863562287588,530.3567484133921,436.4637450266169,77.23033719751938,215.9406858169503,385.8784908925288,437.00837990900425,578.5825236338276,454.538951590714,309.89547792489134,332.749946785998,437.4665638523612,695.6384372434939,546.3135599904639,692.5703253337848,0.0,603.6768763546918,293.48856926801005,573.4769208626017,476.4569019167727,342.8763225066155,578.5074673968359,668.4221797610888,631.4429661596894,211.69051599124336,692.5703253337848,269.34033142567984,284.59344204911133,612.5823909180688,560.7749872513192,270.91850153976594,516.0757443842714,326.16240419081225,539.6741809996435,156.85675730201612,481.9584119587322,543.929099603551,456.8624576242506,58.40152162051489,713.0841000821649,772.775268339317,499.5221767324833,569.2419237522075
26,601.2801488479714,530.2910473674525,387.7778732331312,851.4599393159191,1021.3961367339462,676.1974394961028,856.5782382370107,1032.7562986218888,967.6391287892112,811.3639997007962,732.3281830902779,535.0216741387494,260.0061689965221,680.7568192929394,591.8323399799305,938.3238484659488,350.74495187128696,151.9475068145509,393.2990273196001,864.3646768199204,865.0334022138594,1002.7942866379792,186.7268626963614,478.0015317229373,88.92520990025314,603.6768763546918,0.0,597.7924647950273,582.2763970821067,907.3368565818608,318.96475456927243,690.8783806782885,73.09533802013945,1044.8003292713956,457.72049036976273,88.92520990025314,731.6802531454308,699.208702498709,61.58162913702714,217.60772974010237,771.0909616560156,863.7267688539564,302.0098614760052,1059.7727443560864,587.6917260482293,1008.4614649215016,60.83340731266636,709.5612608291585,545.4561269828016,436.4471074356185,554.7700564168033,327.7576146943877,1096.2329049393993
27,1168.41537959458,822.6489145363536,283.198161564703,368.0609054287125,799.0109010601768,857.3313646443028,626.4862932224167,866.1111870104388,796.8226862432626,661.6826306670829,339.6240338824536,754.9855518412303,555.3127434907651,326.94801609511404,77.93539230106573,383.9858155730506,603.0343491323904,645.6380292831607,638.1187801231774,575.8557395405431,608.2559180579599,452.9537285307341,606.6370183008511,749.5695250005323,678.4549527139226,293.48856926801005,597.7924647950273,0.0,805.4477145890886,767.9408399443649,481.4921076720922,838.5124161499739,670.8788340715927,921.715482408068,424.5083094319983,678.4549527139226,562.7097089899293,576.6806179730188,634.0382990456075,453.182327276741,211.948455940784,808.9641111705841,307.94111199259504,806.2716553951522,136.8218461508849,748.9535375240142,540.2595949831149,736.6149447325697,279.4331517590483,868.077019539913,954.9336628754628,651.4836907786213,830.7789809426429
28,1024.4838590822496,88.40755192907298,796.9911326679313,798.5156962786978,635.8570081432723,95.79973181056084,546.3465012515793,596.0066513690994,554.3282065370474,449.0700682311487,658.5911728816393,53.9950403567669,344.73857975196626,612.3892102361657,743.5689034293104,943.5772216338178,250.77317159825097,437.7286240768354,203.222020173814,606.6206788420561,576.0944453788564,982.2720379022892,766.7864612268788,105.20952394648836,632.1413157568305,573.4769208626017,582.2763970821067,805.4477145890886,0.0,488.72181484985344,357.83154660763046,123.11200422614492,590.5977959938112,570.6981841173409,382.6828205789398,632.1413157568305,443.0070808604916,390.8931280057916,534.8290978050326,731.8323181242499,844.2674325192764,389.15124551070136,579.8952223466832,690.5227788583726,694.7513296709271,661.0265496042455,562.4112192349472,239.0000353152145,549.9196224843348,277.9268471940054,254.94508182558545,254.96831488451957,727.5430532278773
29,1455.953952283728,574.8754268355416,921.1237937783746,538.1339930391518,148.00604467608832,436.6200722153738,161.9550209440091,125.42474548709706,66.44180315658528,109.76319088513088,453.4549213975533,489.7397405355854,653.9640517784605,446.0061770173452,690.0072645401353,682.8871783142633,580.5979070608166,806.1605836103129,554.7891684737506,241.21950195130933,195.06170996872711,689.431012996856,1058.5847597913123,552.3672948574215,985.090401822832,476.4569019167727,907.3368565818608,767.9408399443649,488.72181484985344,0.0,589.3288362140787,392.1893001152328,948.1548500106182,155.89437446446243,469.2116186529264,985.090401822832,210.6575881903089,219.03225400138825,884.797051821062,958.4531517897724,676.6966825343444,119.90573244253277,727.8846797511944,204.1955793529164,631.3569449797781,186.8645822412884,860.9172028581391,250.3037788490514,506.5498673511665,757.2372238807923,742.5498773256935,633.387737211616,240.0897508189016
30,896.4697528834328,352.03166465566323,439.33410062188005,604.5395679094624,702.7253511333661,434.6928719185866,540.8033655173496,714.6554225477215,648.9276687598784,492.39927144743945,467.68012167928873,303.8487756697579,93.7933793728218,413.1365622499108,435.20810317854136,722.7758459606517,122.74619804570096,245.2383146283447,163.33546914893122,556.0286027982846,551.9354552205708,778.3132947161544,473.2839044260678,279.18259370445645,400.35732449361257,342.8763225066155,318.96475456927243,481.4921076720922,357.83154660763046,589.3288362140787,0.0,433.3746107495341,366.3939216432221,730.1840496434473,149.55785628094196,400.35732449361257,414.5394519729151,380.4031795552942,303.7730410516968,396.66880744420206,580.6935101770846,553.66266744459,222.33270585608875,742.132900599932,400.9670408381451,691.9196502669618,271.6958725531908,408.7513796257544,292.3598662200494,390.0803194475487,473.477610200752,171.23911691430226,778.9413741569786
31,1147.5948600269874,208.5319268958702,868.1099471881105,775.5488971431985,540.0562224630326,44.43123789139328,477.5326424874292,489.1946820895046,455.29219918220144,374.50362007940015,642.4762079635326,158.2020927863337,441.2089227522448,602.7719332034293,770.1879356615334,925.1692273297508,345.3985473430878,551.3916345401823,299.4953186963017,547.211805185916,510.6717777344701,956.3006156582976,872.3169815069568,223.40022524593303,746.3855816246518,578.5074673968359,690.8783806782885,838.5124161499739,123.11200422614492,392.1893001152328,433.3746107495341,0.0,705.0434292306487,456.2407923744179,416.884310298016,746.3855816246518,394.3338233410973,345.20170274997764,647.1030813009033,823.8521024753398,846.5490542776806,282.21546366614234,648.6593226340477,596.3808934886573,716.5565547927308,573.7054067130936,665.3204851614457,158.01084905709007,566.9867839900893,398.1479616861614,357.8621821751819,364.1253463678542,632.0989136884274
32,537.1253401369233,529.7156897650339,456.45076283926295,919.4191386569312,1067.6333532782835,686.063391356384,907.170991333682,1073.4085588059318,1010.0876808517428,855.990523300782,797.4895362143453,547.0832838591328,294.3045117305234,745.1569513851437,664.2224644769015,1009.2399371186244,376.5881141447854,153.68491522789293,414.6264112248105,919.5474346092134,917.6556437948702,1073.245861516057,208.85540159003705,485.3888988795035,41.571160150877546,668.4221797610888,73.09533802013945,670.8788340715927,590.5977959938112,948.1548500106182,366.3939216432221,705.0434292306487,0.0,1080.744729740376,511.21156576791606,41.571160150877546,780.8921571110949,745.4530786986842,63.3710575051884,278.21878635257127,842.8995981822238,896.8660408015232,373.70232014802536,1108.1709652653617,658.8060765251564,1058.2906219185209,132.1189912768883,739.0067374133827,610.5457104995068,411.9531729209538,530.7479760843374,341.9213257523626,1145.123398047854
33,1574.121467364724,659.104366869181,1076.3092848099036,670.2696329972682,180.58641677241403,498.445982823505,301.9368943034476,80.59073991216248,130.98044503292525,265.5643822051641,600.1790619777448,584.6216752418393,787.1184817891622,597.4325888871538,843.8381244297472,808.0416321388726,706.486630072124,933.9756286454536,674.8883978806494,372.2945492848412,329.0215217179293,805.4448361892339,1202.6952645694598,651.4773467370348,1119.061753051472,631.4429661596894,1044.8003292713956,921.715482408068,570.6981841173409,155.89437446446243,730.1840496434473,456.2407923744179,1080.744729740376,0.0,618.8788534105715,1119.061753051472,366.544257458168,372.0047753879144,1017.7152062057324,1108.2232806566271,820.0377830980507,187.3716667550381,880.3838478194109,225.46460345723048,785.4590193364052,248.431731358762,1001.423811070508,349.77431025546014,662.4141451393133,848.1043843606866,813.8084197236374,753.3291791020716,244.97088562157325
34,1044.6309001830375,410.4454221554679,475.1512435118607,468.7041518491776,568.71842388004,433.3243623711635,399.42270417928574,592.3909009425931,523.585604648736,364.71938646165137,327.7905802026566,334.1287146473512,240.6150564230692,273.71893921253786,360.91135642681314,597.5614008668607,226.14398273273707,394.7818514590517,243.1014199580608,408.4053625154097,407.3351307195956,648.0955947981122,592.8972201193843,340.0441705204327,542.8204575671973,211.69051599124336,457.72049036976273,424.5083094319983,382.6828205789398,469.2116186529264,149.55785628094196,416.884310298016,511.21156576791606,618.8788534105715,0.0,542.8204575671973,276.5890650464429,251.28265589314265,449.6839013569604,489.50393918501686,473.2664330223829,456.8972990025812,264.7596492838211,604.0181338162884,312.69298858903005,551.5564594981541,404.4920723335968,338.705433244972,173.5167434877874,501.4430983363046,563.1955559396386,289.66225813756995,639.9184816014398
35,512.3619454606453,571.1727995107764,450.7434999272066,940.06781781975,1102.782668198325,727.5849978123175,940.4588651741028,1110.4437118804865,1046.5399379684827,891.63511234589,821.248627626836,588.4839383667323,332.0080951209755,769.630660600329,676.4697179828113,1025.1567424128468,416.3037660982997,194.9947826724443,455.0814898524648,950.5527523489646,949.9927683675744,1090.0558889926235,176.62324939866886,526.9318183753027,0.0,692.5703253337848,88.92520990025314,678.4549527139226,632.1413157568305,985.090401822832,400.35732449361257,746.3855816246518,41.571160150877546,1119.061753051472,542.8204575671973,0.0,814.7170456650618,780.4388511731081,101.74189595204142,265.74115691250194,856.7973471115293,935.757441728448,388.56859455681285,1142.4803099581216,674.5068412545386,1091.975536851558,149.34782100087375,778.5492764770812,634.3650715363739,450.57305041765545,569.1366076244688,383.0003893185997,1179.2383794341645
36,1306.8162249952827,514.2121006167076,711.5715381629781,390.914015837654,292.2948120425601,432.8973774201669,127.41577799012444,325.24133437376673,254.3964302919814,101.08378825687986,273.72700856288105,420.70691500811455,493.51175660916056,251.64056350013325,484.97010763245817,542.0962978759396,439.6557567100746,651.0352016025752,428.14910444996417,166.2299721930831,145.29288254768952,566.5199920716863,868.9810335419241,467.5105454409516,814.7170456650618,269.34033142567984,731.6802531454308,562.7097089899293,443.0070808604916,210.6575881903089,414.5394519729151,394.3338233410973,780.8921571110949,366.544257458168,276.5890650464429,814.7170456650618,0.0,52.18600960855383,718.09573483808,758.9758467648562,496.8551036437731,250.8411457887761,524.1425516130756,328.1130515336735,425.9198281604879,277.40371956314897,680.1541912222128,240.79472001355896,296.1205176089735,670.7733558834484,689.1586890944363,501.2281019156878,364.5908602828535
37,1267.0509387773109,462.1322613529985,705.3256543187632,434.02100189542574,322.3552030938298,382.8133920275062,171.762009758208,341.1881408541831,272.3444079974146,113.55760595440204,309.40245595112293,368.64516133928623,454.7392012195437,280.21432253012995,499.8120005483208,584.923694573579,395.41485017066015,611.4821524340728,381.10075204841496,217.9153524141846,194.0337264674182,612.3872539225946,843.2953927119784,416.23035225832257,780.4388511731081,284.59344204911133,699.208702498709,576.6806179730188,390.8931280057916,219.03225400138825,380.4031795552942,345.20170274997764,745.4530786986842,372.0047753879144,251.28265589314265,780.4388511731081,52.18600960855383,0.0,682.2979447347311,739.7684300365028,528.4824628167115,232.59108362302396,508.93697477394574,363.43324614957294,440.88540052217206,316.2397679262505,649.7284409382111,194.9051587293928,301.7654784006048,620.2592396753423,637.1142899197229,455.67590650381777,400.8380531397066
38,596.1212455024397,478.1034412553336,440.4241850409487,866.5263363586923,1004.4138371626918,629.7918479573395,844.5583526105409,1010.0607063153444,946.7174099243908,792.6931889182616,741.7687469598409,489.68721656605646,231.00756577913552,688.8632568770254,621.4954095607008,961.227205974118,314.5949463004738,97.7062614820964,353.81750675444226,858.0841606033368,855.4724501091724,1024.1526432600683,243.0280087166316,429.7860239368051,101.74189595204142,612.5823909180688,61.58162913702714,634.0382990456075,534.8290978050326,884.797051821062,303.7730410516968,647.1030813009033,63.3710575051884,1017.7152062057324,449.6839013569604,101.74189595204142,718.09573483808,682.2979447347311,0.0,277.25180111904444,797.5467649018528,834.1370275433278,330.17564688210336,1045.163484794115,611.9688464690889,995.4976851170592,97.58323478380058,676.8075307993414,555.166503733987,376.0611484522551,494.6656713064587,283.05541325640274,1082.1731941246785
39,717.9899076831681,698.0374702477902,191.1325145692512,771.8168541638249,1049.390814378461,818.9035871324555,872.5916438049073,1080.77001533857,1011.1495686495368,852.5101382515589,678.5264438613201,679.4973004034426,387.1062752253079,634.9164206428449,472.7938539656622,827.9108866694091,481.70533443045326,349.6135315866295,529.1747196277278,859.8866172243111,872.0699579575785,896.0364377687905,153.46130681213532,634.6020560098505,265.74115691250194,560.7749872513192,217.60772974010237,453.182327276741,731.8323181242499,958.4531517897724,396.66880744420206,823.8521024753398,278.21878635257127,1108.2232806566271,489.50393918501686,265.74115691250194,758.9758467648562,739.7684300365028,277.25180111904444,0.0,653.8878993586011,941.1200724261648,238.4318598477329,1078.3049799138028,489.4361919610084,1022.5831683546976,192.3927525971608,803.7631755254564,505.1619343155476,638.2745916990348,753.6375840186606,484.4641571023619,1111.882764624968
40,1359.7781298956988,882.1163235221682,493.76616480526855,177.79741789963796,671.0219620024452,874.68325645041,518.4981043470574,753.1105416871326,689.434341312335,582.8104459781318,224.8475831096464,800.4451056949017,669.0981095527184,248.56301956717024,182.31748713957347,174.2365428167241,690.2691603213071,789.1606222835541,714.4041755971799,449.9834414600095,491.3445394998914,242.8558746323565,806.2015578681854,812.8892220102448,856.7973471115293,270.91850153976594,771.0909616560156,211.948455940784,844.2674325192764,676.6966825343444,580.6935101770846,846.5490542776806,842.8995981822238,820.0377830980507,473.2664330223829,856.7973471115293,496.8551036437731,528.4824628167115,797.5467649018528,653.8878993586011,0.0,745.7409048269236,469.2013391440852,665.5105103553356,186.5531268834687,611.3957607775782,710.8493224271759,715.9820174085643,299.7580815349096,967.1657986063688,1036.035719715209,748.8674783454092,683.4279525179713
41,1386.7677306462222,477.2512243577466,928.009236877549,624.3477031926188,262.76679328008686,326.2766883480084,257.9651319083773,207.46064703416064,176.35979557568422,165.91606676912676,521.1549178369079,399.07169809643335,604.5134336455251,502.39024782270656,731.8316391604043,773.4072506900068,521.1995880151544,748.5967962107787,488.2765200886158,339.1593876705996,293.847090458608,786.8834142151915,1026.863604608897,465.2872666440227,935.757441728448,516.0757443842714,863.7267688539564,808.9641111705841,389.15124551070136,119.90573244253277,553.66266744459,282.21546366614234,896.8660408015232,187.3716667550381,456.8972990025812,935.757441728448,250.8411457887761,232.59108362302396,834.1370275433278,941.1200724261648,745.7409048269236,0.0,721.6483727791613,319.84392539603016,672.8024141073239,306.6683939135428,822.8268013066315,162.40286790169137,534.1270937292452,664.6520488914382,638.5397222199156,566.5117568953143,353.8436280558693
