,0,1,2,3,4,5,6,7,8,9,10,11,12,13,14,15,16,17,18,19,20,21,22,23,24,25,26,27,28,29,30,31,32,33,34,35,36,37,38,39,40,41,42,43,44,45,46,47,48,49,50,51,52
0,0.0,1339.850413447051,653.6520056074577,478.4742013354734,997.094081727315,1297.4469847438163,1212.2537561006093,636.678927173485,874.3720851631225,1238.632284294888,1498.6726009215083,742.4200377265865,1562.0724221849332,1372.4425739147482,782.0592240670372,897.9770211727216,705.8440764031285,1252.5854333668146,1252.8472864700907,1556.2250644147862,1130.023703902301,1139.0785122745992,1006.0855584517992,577.273814382402,1389.1962965852338,742.829660192709,1093.0220033283747,646.0675070377873,717.1873764020663,1632.9786020680272,1521.7187448154818,459.8811735147089,1121.9413867891783,1171.9584764746216,1099.876775084762,1222.5896747518514,822.2930378220861,1624.4359179568592,896.4494910933806,682.5133650327956,522.7780985256064,1378.803900556543,948.2260612340148,1439.7655589660037,883.5425680569546,575.2462621788947,924.1110322099104,1585.6338503045888,1215.9338985535055,1258.6873291413892,1133.5041088634773,822.8731071824103,1667.6765190679764
1,1339.850413447051,0.0,863.8548930716627,993.3951059864544,344.6988782856058,464.01194866018665,231.1383176445229,741.1555744297644,520.6855497706811,421.193864811308,554.5547651385635,635.9238290992138,625.7075222191796,93.80241321130914,558.6389173188626,444.9304390753901,645.9894931495498,569.5753607339071,259.8737669458801,314.1501018825396,899.6242320436525,631.8914495467907,335.7825464073283,787.987151168336,387.54207156170526,621.8097280280136,518.7070093136617,743.2825213257187,795.962354816154,384.1037277099453,223.9515650371572,954.6626756134656,804.6325165640341,917.931758981897,296.44080340518786,263.48273017795543,621.7000890364969,294.4386586967884,443.799115677502,664.2856876051453,855.8213254493156,259.98284328253106,393.2968090671847,276.4988187905652,762.4316277926636,819.2106651167201,417.295347165529,336.1626370049443,539.5820519426245,126.10794451946606,366.5034686752919,526.0230540752184,426.9306236537362
2,653.6520056074577,863.8548930716627,0.0,178.35614422931496,587.887844211032,673.7335897509175,669.2040528482777,202.495623359957,344.89020157250377,626.4169442565102,865.8827992827845,257.9577427786786,922.8852204505112,859.8306478168358,401.342859370788,464.0944486543638,466.07449262674646,610.4286084637749,689.4270942154066,991.7832436012228,495.424492211764,490.1262232287651,594.9389614251315,222.6766247853625,783.9820854295722,286.9200447775912,467.46011123036567,539.5037896748473,74.56030484125736,1062.0238048989563,987.6342700653852,200.2636133115051,472.6012729435682,538.7993823376086,740.4709853122299,663.2758445116447,242.73974993334676,1104.5956328681689,482.2071488208605,439.2624466091118,201.54742739643376,808.5374983857918,551.0405342131127,868.3153890622293,229.89113060988976,162.04807148283774,533.5243262224217,1020.3421122587372,578.7600329560266,833.2915605093692,553.5303877560692,384.88046374203736,1089.9318284030212
3,478.4742013354734,993.3951059864544,178.35614422931496,0.0,685.05921546462,847.1822203412398,817.246324953937,259.13570887324863,476.29484967967926,796.3617773400592,1042.0115503905586,358.30344536543146,1100.2745867166857,1001.0944248717848,471.32170004786735,562.9449930878574,485.3698343672863,787.9703188494254,844.5999577478103,1150.3516437841986,655.563051670061,668.4512149335865,693.2128126584491,232.0075614458301,952.905021240738,376.6268808298586,640.2660673157362,519.4301575169343,248.3378036394607,1222.9174677467065,1137.1638161547644,73.72555152090379,643.5542371692366,698.2154460581409,827.2643138457871,816.6952834512269,391.210548260009,1250.9941010371317,574.4467938938224,455.4566351016522,166.7900817563821,967.2925087949418,641.4682849585565,1027.975992255581,406.8972165745078,180.62614078706665,620.2164348053037,1179.3583342995612,755.2259673210833,945.5360012938024,712.1860351899129,478.4881321259327,1252.870533862585
4,997.094081727315,344.6988782856058,587.887844211032,685.05921546462,0.0,527.7657477135666,294.37008919725025,425.953851661524,261.23025820688554,456.4841969961922,705.5878987607495,333.2802702586671,783.7269102216651,391.9413901493463,221.8218953217938,124.18561427195974,302.1317847323382,579.3554978551471,355.13631526687954,606.7844867500384,797.1020545381646,567.5324306595244,8.991569821583546,462.9171693333793,538.0130496971501,309.8257654714498,436.59342323516415,406.4715151775447,532.9648956099668,684.8489453273845,546.0963922228874,635.8228921242886,710.8788897487381,828.946313224188,155.80537407581534,328.0630939687624,369.33093788822185,636.1302968350222,110.70120377931464,319.6337141282848,532.5616232454249,461.0724268257149,48.87071931590325,513.4281002676529,566.825646418469,504.811650210487,72.986494487559,634.6337674434484,533.9523071683062,265.93486140956634,324.6676616706606,207.32664912413472,725.3513936068695
5,1297.4469847438163,464.01194866018665,673.7335897509175,847.1822203412398,527.7657477135666,0.0,265.5759553802304,666.7387367085074,447.2469836275619,72.5869694349172,204.20161172414925,570.2316863623867,275.89910945300835,389.4830855427665,608.331318242632,516.7033874586829,746.1446412698735,118.05825244767408,212.3112740712104,378.1805094848549,480.98485018977885,230.2511235385411,524.361038452202,728.383236685048,130.9302288290467,581.3741205451661,206.93444634968532,869.4866613103834,600.1681987600705,429.3251007357952,428.6579095562285,843.0001483049798,390.854284476007,487.5750530783942,618.5869669204525,223.8036644977463,475.7283495176701,544.5428196352354,538.7090437133106,745.929374996484,775.6301549323915,232.3160204248058,549.12409517906,268.04717567368635,474.3056177338445,722.3282272245716,560.8779392642139,401.0603419323589,112.8327683652878,542.4428280172344,208.1956215670336,544.8325546297428,445.8268168908372
6,1212.2537561006093,231.1383176445229,669.2040528482777,817.246324953937,294.37008919725025,265.5759553802304,0.0,582.6265742259593,344.3680594768595,206.5173336068821,417.4773399959992,474.1803973858612,495.5364238501651,195.19038565723136,446.0971609444619,332.4298881547371,567.9210909828555,354.25450582295974,61.897276758889866,344.0879336423471,669.3691039763468,402.5809302529804,288.5263914006198,638.055351258652,245.57719564297452,469.9349523290095,287.63103844912547,684.9172459067419,597.1201300695504,421.3755363453682,319.94757831864854,790.1444623076845,574.4629968078805,688.9660108344515,357.36855613850486,41.77428116618812,428.5661052926365,435.4705069044052,345.36885643249025,576.8305596810216,700.2732793539387,173.65640476293348,329.11077625817114,232.03805404541967,540.5493385369726,655.4602638082852,347.46783094001387,373.477033199278,318.44784987893297,282.0631157765302,136.39485038383253,393.7875115198592,457.66890450815
7,636.678927173485,741.1555744297644,202.495623359957,259.13570887324863,425.953851661524,666.7387367085074,582.6265742259593,0.0,239.40355634922477,604.6659583788568,870.303541809361,108.50239638145236,937.8372146110582,756.7049474865044,214.62793339392724,304.3720194360612,263.57999591037554,637.3160862586814,618.8957363307927,924.5345265800728,633.3186514990513,540.8053168983088,434.1409561295938,61.79930591724728,752.9913582289863,119.50016334519832,468.0854253013262,343.46460786924905,191.0343244782509,1000.1736318250332,899.3855635252127,213.5451791943896,584.747272792248,675.9066806006367,569.1196812395508,589.1244805040683,193.45537981466543,1009.044339960468,315.3169889520272,236.96243829691372,117.65576697717812,744.6096102978456,382.4308568231701,805.7505714459149,340.8989306933264,79.07172766340747,361.4248883148252,953.9199071733526,596.1056089173265,687.5037543223862,496.87022227285087,219.8732474049689,1033.5934904207088
8,874.3720851631225,520.6855497706811,344.89020157250377,476.29484967967926,261.23025820688554,447.2469836275619,344.3680594768595,239.40355634922477,0.0,379.609919028946,650.9422875131256,131.97286874366554,722.95994927753,524.8112610315552,179.15129872788702,151.00525790751504,316.9883452630583,443.60639184627775,379.5059706016966,685.2123848568907,563.6117549128788,379.881155649689,266.50737468170985,297.1864440333252,520.0431963898451,135.73518162002455,270.6022417458772,438.6494508252157,281.10483440318507,760.7702002389557,663.049703944715,445.9247347977929,487.09311048801817,600.1659596317669,416.8917105287816,349.72537449066573,109.49831659973,775.2930368381692,177.13556691880288,309.8362789345069,356.7486797398801,505.2760600282242,237.15702424029135,566.4012835311133,308.82946152107456,311.0942924315225,228.1555482691504,714.5871326437415,397.9698037320318,489.71271908046873,260.89478408031687,116.63659453133272,794.2908622654679
9,1238.632284294888,421.193864811308,626.4169442565102,796.3617773400592,456.4841969961922,72.5869694349172,206.5173336068821,604.6659583788568,379.609919028946,0.0,271.9656019356687,505.3520452725162,346.01048583501495,356.1686692001104,537.2304897309214,444.2731408772444,674.5558963235273,149.09827123490527,161.74764173998466,388.09234705952775,491.6578503087724,226.1403346150518,453.3244226924928,665.9678868100915,157.80684929934856,514.7194404925857,161.7491397307591,797.7871215025428,552.0610297037608,448.73693200510985,420.6952235442863,787.7363957002634,397.8206409957492,504.39463723290913,552.406345802457,165.67691535840572,416.4854032860231,540.3505896396653,466.16104085396057,674.9118890951246,715.9344101203819,219.47077174313856,476.9126261273488,268.0880738174907,440.7984166903904,663.5570965513851,488.4257144933608,413.9360326121896,119.5558854353732,488.0378640101733,135.60929148453076,474.1038523621723,471.1101759074186
10,1498.6726009215083,554.5547651385635,865.8827992827845,1042.0115503905586,705.5878987607495,204.20161172414925,417.4773399959992,870.303541809361,650.9422875131256,271.9656019356687,0.0,774.4260339118824,78.2076155834488,463.60563953244,808.3038257463893,711.2069772578549,944.60677363225,259.78999391090355,355.7063926299753,339.15328379839684,583.8333887331103,388.5363675313038,700.84595535061,932.0222876650596,174.82364950140192,785.428510705304,405.65925023179375,1067.416561976907,793.7511136073168,353.1772867863906,430.50116518562606,1042.0276491596876,509.72189467315496,575.6277648095437,771.9512171485859,379.41827693008094,678.4347143852741,521.7613070246707,731.4030200779541,945.9819560605614,977.9601387284106,294.9941693998357,733.3429090189007,286.68707967329254,653.4298403574472,924.1961224152166,747.784867106899,348.975857598285,287.16646163597983,660.0662348817127,402.9403799709196,745.6223716898445,349.71267304783527
11,742.4200377265865,635.9238290992138,257.9577427786786,358.30344536543146,333.2802702586671,570.2316863623867,474.1803973858612,108.50239638145236,131.97286874366554,505.3520452725162,774.4260339118824,0.0,844.2694312680303,648.8870228562295,149.0527678490063,209.14716822417645,252.1330142592044,552.0110937843551,511.2257611746904,816.4424477657334,601.7321278909708,468.0282521712368,340.83467573333274,165.21496702496086,650.0108964265712,33.00936057712955,379.1345056612297,360.21310144301896,214.1391698739874,892.3197630987434,790.9512132257075,319.81978165406724,539.8611976173912,642.3695591673787,483.57605320328224,481.27933289730737,117.72638371733125,900.9934997277838,225.21909657745664,234.02230241097385,226.1514398905984,637.0834013711873,294.09596338846626,698.1801540833054,315.45532334666643,183.99179939632853,275.8573354934369,845.8403178662456,508.5347893395548,588.4849768814157,391.8970617423904,127.33724418384004,926.1078898459562
12,1562.0724221849332,625.7075222191796,922.8852204505112,1100.2745867166857,783.7269102216651,275.89910945300835,495.5364238501651,937.8372146110582,722.95994927753,346.01048583501495,78.2076155834488,844.2694312680303,0.0,533.5033813616396,883.209342130901,787.7222028626203,1020.1748672224624,312.48019938581143,433.7219193025662,387.6194382225925,604.6395128991904,437.1517387285818,779.0146002715697,999.634074070648,251.87370172820667,856.5560455693221,470.46082564481816,1143.2106266605067,852.0531820859629,387.5245703686038,486.1838389941468,1103.7391344155276,539.0527654893023,590.9997939418148,849.3910790379268,457.607391934604,744.9684801062381,567.4001052010144,808.2822697453378,1020.8998110051032,1043.3477728809569,367.79552640033256,811.1968572167125,352.95702894152294,704.63273899537,989.0886988509096,825.4296111725378,392.5288772847078,346.28409179632456,734.2090094417342,478.8559042207388,820.104021535971,375.7608708291264
13,1372.4425739147482,93.80241321130914,859.8306478168358,1001.0944248717848,391.9413901493463,389.4830855427665,195.19038565723136,756.7049474865044,524.8112610315552,356.1686692001104,463.60563953244,648.8870228562295,533.5033813616396,0.0,591.4843453557638,474.8586871845724,692.8717936190068,500.8925106835279,202.1952689407969,228.5638577300649,844.9431950072966,576.7153479367745,383.50320211049393,807.99986110105,300.6271215648184,639.2508176193782,474.4718646810063,797.9217967942002,788.8874324210075,302.81143896798187,154.17459110184836,968.4999777571716,750.2061565753347,859.8320065143284,373.6205496751363,215.604997329994,617.5118294186942,252.8187330423916,478.9270571179323,708.1568736201002,873.6346245763053,171.30911758060654,438.4062550253548,182.8538923782355,735.3676088579498,832.7315487612352,461.4997962831496,253.19891717300308,475.71262104296494,215.32783750500363,328.962483364877,550.3551859836405,345.2269529971532
14,782.0592240670372,558.6389173188626,401.342859370788,471.32170004786735,221.8218953217938,608.331318242632,446.0971609444619,214.62793339392724,179.15129872788702,537.2304897309214,808.3038257463893,149.0527678490063,883.209342130901,591.4843453557638,0.0,116.83318236843334,139.54448567483564,618.1762864950927,496.4187469797458,786.8892585004202,730.1218178611895,559.0296771450999,230.6153991016425,243.408014889818,661.5037304326089,116.75188197260572,447.07945017970246,262.8057254595936,362.83967110633785,865.0599738667606,742.694992019728,417.3336781117046,659.3411669168977,768.758793425936,356.15910368984777,465.6857377930848,242.71249007340367,842.7138998631689,114.899421671309,137.6956706867834,313.0933959786634,619.2141471709485,174.5839518581411,678.134889963646,454.109085562608,291.0454622513305,151.63397389663356,815.9951047740647,571.8393192518718,487.74223947748845,406.01227061115134,64.63361602952288,902.6931442653312
15,897.9770211727216,444.9304390753901,464.0944486543638,562.9449930878574,124.18561427195974,516.7033874586829,332.4298881547371,304.3720194360612,151.00525790751504,444.2731408772444,711.2069772578549,209.14716822417645,787.7222028626203,474.8586871845724,116.83318236843334,0.0,237.18588785240175,543.2223831105399,385.38369356254526,671.0520723632949,710.2551517577857,505.0501062821029,131.6876768854982,345.4881529871051,556.7728150850206,186.57892941487785,380.9201635530069,357.7819477416979,410.8609328605232,749.3365520050336,625.8662558328618,516.3664806634637,629.8828978510043,745.3446740839177,276.89531136356555,354.9507403014985,253.2450289363807,726.472874040087,27.24753673154621,244.48991824374923,414.5255546368237,506.0567680900665,88.99321177778599,564.1511076277438,459.5484494643089,383.44070867204255,77.25568797741133,700.0667345508366,496.4488021321006,383.22652351429576,309.2280755910621,84.50482640345825,787.3948552087967
16,705.8440764031285,645.9894931495498,466.07449262674646,485.3698343672863,302.1317847323382,746.1446412698735,567.9210909828555,263.57999591037554,316.9883452630583,674.5558963235273,944.60677363225,252.1330142592044,1020.1748672224624,692.8717936190068,139.54448567483564,237.18588785240175,0.0,757.7035986441109,622.2405553654473,901.09402601969,852.9291862976194,696.038040804247,310.893349785386,258.7551814574335,793.476007135815,220.88942111271209,586.328420478179,123.50647832546652,446.9590473139814,979.51952288237,846.7332785660091,418.5475849114079,787.4852545909475,893.0344810534818,394.28641361249066,591.9289480340558,364.319294868284,938.2459169646136,222.5662270423765,30.005245963658727,318.7034801566912,741.4579791160069,254.60195046016992,798.4975386995527,567.5003322531982,320.8085033980879,231.37207021093695,929.6714162388298,711.3814354863503,555.1035939461095,541.6789722233439,204.1779392666284,1018.7313882962952
17,1252.5854333668146,569.5753607339071,610.4286084637749,787.9703188494254,579.3554978551471,118.05825244767408,354.25450582295974,637.3160862586814,443.60639184627775,149.09827123490527,259.78999391090355,552.0110937843551,312.48019938581143,500.8925106835279,618.1762864950927,543.2223831105399,757.7035986441109,0.0,310.7197650293536,494.070706892004,363.77215768691457,129.3327641724583,577.6018681577992,698.824706248032,246.03444697515684,569.2861725261084,173.71729857818397,880.6719262587095,539.8970375252053,541.1676292751282,546.7024323859517,793.2317173839407,275.3203207379448,369.5351890700243,690.0174569319926,314.1134886988747,444.09860485503424,662.4656110033907,568.1192116225728,752.8007889677319,737.6377612516079,349.40834335981924,591.8854336030554,386.0327949535298,393.92617521717744,682.7811916316746,599.3800259508693,515.8716234297993,46.78547968411505,636.2827220143199,257.1373171871924,553.5504241638134,554.1901845806688
18,1252.8472864700907,259.8737669458801,689.4270942154066,844.5999577478103,355.13631526687954,212.3112740712104,61.897276758889866,618.8957363307927,379.5059706016966,161.74764173998466,355.7063926299753,511.2257611746904,433.7219193025662,202.1952689407969,496.4187469797458,385.38369356254526,622.2405553654473,310.7197650293536,0.0,306.5286761036098,643.7737661401259,375.38345911531553,349.53326145009896,676.3016739896008,183.7477580299488,510.2183284838968,273.5237344150422,740.8369057111873,615.9027244499105,381.34802764631337,300.81119590021075,822.106232530796,548.8722926979481,660.0665036368725,417.8446757357653,30.80462784223509,453.4760325060941,420.5004396693491,400.2700905810335,629.6557203021356,736.0850928724149,125.9567053630927,388.33744220209127,186.97387783708277,542.3155929104641,689.0194830632524,405.8462578711923,335.78750139426506,279.7083631998845,330.14640167982145,137.38631468851543,441.04409538840713,414.9218901948661
19,1556.2250644147862,314.1501018825396,991.7832436012228,1150.3516437841986,606.7844867500384,378.1805094848549,344.0879336423471,924.5345265800728,685.2123848568907,388.09234705952775,339.15328379839684,816.4424477657334,387.6194382225925,228.5638577300649,786.8892585004202,671.0520723632949,901.09402601969,494.070706892004,306.5286761036098,0.0,857.7496248299874,606.2907948771209,598.9478739902153,981.0880621430488,248.0428341436761,813.5903253524925,545.5009505157701,1012.2714777350504,917.5994252872508,78.42918301143368,107.73925952262192,1128.6347610833354,768.8282918369191,861.3118429862291,602.1210384222245,335.66586130557107,759.1544378625289,182.7532149021044,680.3612518924438,913.1043087877154,1041.9609332415632,183.32702902646915,650.225949270728,123.77206405788831,825.6345184596952,995.4011472478168,671.9095083440993,29.41499547493496,489.5141605230215,440.1072193140259,438.75425930356727,737.0699871719705,118.68675244959996
20,1130.023703902301,899.6242320436525,495.424492211764,655.563051670061,797.1020545381646,480.98485018977885,669.3691039763468,633.3186514990513,563.6117549128788,491.6578503087724,583.8333887331103,601.7321278909708,604.6395128991904,844.9431950072966,730.1218178611895,710.2551517577857,852.9291862976194,363.77215768691457,643.7737661401259,857.7496248299874,0.0,268.3906338590328,799.1847037700081,682.3964288689037,609.7619990854736,632.1501911999162,386.1406146002568,960.907134950264,455.98354136819216,902.4547059306176,907.9759229701168,693.9757450318253,95.00619206180107,43.44618406373036,940.4453326668804,636.3296262625529,489.2666124485725,1025.192602084055,737.3772772507293,835.7529919105287,687.1200854898528,707.9665345121111,788.1984192847252,748.7015521225119,292.5214166540816,636.8227453462121,784.8247851241167,879.1366969257292,374.7439610618275,939.022246359118,538.54538773284,675.3499405780789,912.3746925913374
21,1139.0785122745992,631.8914495467907,490.1262232287651,668.4512149335865,567.5324306595244,230.2511235385411,402.5809302529804,540.8053168983088,379.881155649689,226.1403346150518,388.5363675313038,468.0282521712368,437.1517387285818,576.7153479367745,559.0296771450999,505.0501062821029,696.038040804247,129.3327641724583,375.38345911531553,606.2907948771209,268.3906338590328,0.0,567.7939714612531,600.8998953323884,360.887194528586,490.4055278951744,131.67649352093713,816.0813593014861,422.3382195226719,659.5281301189887,646.3759805355373,679.2707255754914,173.51509147534856,286.38530793006487,698.2334189286132,368.4193880417071,352.6271069355879,765.4786014788507,531.8221836274419,686.6029860505832,632.4814369810886,445.19204654708886,569.3232189163358,490.70306719603815,267.586493618478,577.3006676626898,571.6813185107874,630.1589438437568,117.4365877282589,677.2978479171752,276.01616994653864,496.0085103168501,675.7568827492419
22,1006.0855584517992,335.7825464073283,594.9389614251315,693.2128126584491,8.991569821583546,524.361038452202,288.5263914006198,434.1409561295938,266.50737468170985,453.3244226924928,700.84595535061,340.83467573333274,779.0146002715697,383.50320211049393,230.6153991016425,131.6876768854982,310.893349785386,577.6018681577992,349.53326145009896,598.9478739902153,799.1847037700081,567.7939714612531,0.0,471.4635952961956,532.678949126567,317.7111909202954,436.6250070727487,414.7019689800581,539.4918063732163,676.9591035510803,537.6713724274858,644.2621772494493,712.5016658122436,830.7081239458081,150.4040392551911,322.7765880913224,374.97738758368666,627.3534279568495,119.03045952976458,328.52503785895385,541.0872344344479,454.3482801844684,57.8614552025488,506.3243149538724,571.1709288907136,513.0419193169122,81.97728821228134,626.7296977688218,532.3840411526842,257.1268452647852,322.25021916734414,215.22192623496093,717.5479790251244
23,577.273814382402,787.987151168336,222.6766247853625,232.0075614458301,462.9171693333793,728.383236685048,638.055351258652,61.79930591724728,297.1864440333252,665.9678868100915,932.0222876650596,165.21496702496086,999.634074070648,807.99986110105,243.408014889818,345.4881529871051,258.7551814574335,698.824706248032,676.3016739896008,981.0880621430488,682.3964288689037,600.8998953323884,471.4635952961956,0.0,813.4973251064476,168.98507824922038,529.8605168293348,317.8934352931314,230.2591871641905,1057.2143773425598,952.8241711770404,173.99076610228545,638.3091438407273,725.3921965151574,599.0811062313006,646.2598157800473,255.1697623858749,1060.7481491692224,352.70757143193225,229.5397416898988,69.73197412612174,802.2014239089812,417.051409570671,863.2734586378006,391.368893391032,63.60995296397065,394.659262515188,1010.4976715594438,657.7841637586124,727.6362936852172,556.4708253064655,262.2795763189173,1091.2170679903036
24,1389.1962965852338,387.54207156170526,783.9820854295722,952.905021240738,538.0130496971501,130.9302288290467,245.57719564297452,752.9913582289863,520.0431963898451,157.80684929934856,174.82364950140192,650.0108964265712,251.87370172820667,300.6271215648184,661.5037304326089,556.7728150850206,793.476007135815,246.03444697515684,183.7477580299488,248.0428341436761,609.7619990854736,360.887194528586,532.678949126567,813.4973251064476,0.0,655.6422711148423,319.16846182924365,914.5291414308808,709.5558654420547,298.71836524637155,307.4974726136045,942.0427636381044,520.8857811778693,614.0776311801884,597.5338061570376,209.95194016010413,569.1205052024053,419.1906819127638,574.5379290298397,797.966062297327,866.6343310816486,129.4772064330465,569.1641271906141,145.8855828080315,596.3556972169813,815.3735055577476,585.3815651416555,270.29819768613424,243.479106836652,487.4032032908012,259.71318064116804,601.6054605303052,316.94375353915194
25,742.829660192709,621.8097280280136,286.9200447775912,376.6268808298586,309.8257654714498,581.3741205451661,469.9349523290095,119.50016334519832,135.73518162002455,514.7194404925857,785.428510705304,33.00936057712955,856.5560455693221,639.2508176193782,116.75188197260572,186.57892941487785,220.88942111271209,569.2861725261084,510.2183284838968,813.5903253524925,632.1501911999162,490.4055278951744,317.7111909202954,168.98507824922038,655.6422711148423,0.0,395.6915414375413,331.71573886686025,246.0879195427456,890.1772676735702,783.857145776374,333.021173652884,568.4915999649484,672.4603806332661,457.5806192789133,479.8577725173613,144.90378513949125,891.9284199051649,200.1062265715468,204.1021230877,234.67385007862543,636.1541506002973,268.599459908925,697.0362780657232,347.36997546305514,198.2161905235995,249.23556404737693,843.0048727161487,524.9591600822423,568.9334729332954,396.2120337246464,102.49947232591902,924.898334743315
26,1093.0220033283747,518.7070093136617,467.46011123036567,640.2660673157362,436.59342323516415,206.93444634968532,287.63103844912547,468.0854253013262,270.6022417458772,161.7491397307591,405.65925023179375,379.1345056612297,470.46082564481816,474.4718646810063,447.07945017970246,380.9201635530069,586.328420478179,173.71729857818397,273.5237344150422,545.5009505157701,386.1406146002568,131.67649352093713,436.6250070727487,529.8605168293348,319.16846182924365,395.6915414375413,0.0,708.7876388966249,393.5894228634064,609.0250462040261,566.1340457128421,636.8479187565814,292.3853061250181,410.0983672417559,566.7000443154341,259.3342806920153,274.78273318596564,686.8587578063363,407.0880319889147,580.3314375627193,572.9692594514255,368.551615429646,440.36805542275374,422.9523758643094,280.28216679508023,518.8809342263917,444.1402712205029,572.3132616892689,129.4167005229976,552.8925446699416,153.2086781678556,382.6406959422257,632.4988513609482
27,646.0675070377873,743.2825213257187,539.5037896748473,519.4301575169343,406.4715151775447,869.4866613103834,684.9172459067419,343.46460786924905,438.6494508252157,797.7871215025428,1067.416561976907,360.21310144301896,1143.2106266605067,797.9217967942002,262.8057254595936,357.7819477416979,123.50647832546652,880.6719262587095,740.8369057111873,1012.2714777350504,960.907134950264,816.0813593014861,414.7019689800581,317.8934352931314,914.5291414308808,331.71573886686025,708.7876388966249,0.0,534.2922760673008,1090.5400649355308,952.0779283227716,446.88308977336646,899.9732752727947,1001.9963860927544,469.7721029497552,710.8453491924872,476.6030028997281,1037.5760596524528,340.7106199113136,129.4937795649195,361.31645941256926,857.7979132797518,362.04570023615264,913.6068718684702,671.0654829845231,381.03442854192673,340.6029640235923,1040.4142525486527,834.4451280247152,642.0013699732075,664.4923247083243,327.3906317972246,1130.572660931585
28,717.1873764020663,795.962354816154,74.56030484125736,248.3378036394607,532.9648956099668,600.1681987600705,597.1201300695504,191.0343244782509,281.10483440318507,552.0610297037608,793.7511136073168,214.1391698739874,852.0531820859629,788.8874324210075,362.83967110633785,410.8609328605232,446.9590473139814,539.8970375252053,615.9027244499105,917.5994252872508,455.98354136819216,422.3382195226719,539.4918063732163,230.2591871641905,709.5558654420547,246.0879195427456,393.5894228634064,534.2922760673008,0.0,987.6210143398188,914.7696795275676,258.1030950295842,421.54120419270015,499.3227025372127,687.6084560114342,590.0972410563778,174.54782738678716,1032.2151775075736,431.27307252339926,422.6957124689486,231.61178366876996,734.4105495346654,499.3720183964941,794.0659499189001,172.5712901583843,180.88830736177565,483.7053179524443,946.105041239889,506.8930109561503,770.8082295649459,479.6418317727663,336.432013842868,1015.4137686836984
29,1632.9786020680272,384.1037277099453,1062.0238048989563,1222.9174677467065,684.8489453273845,429.3251007357952,421.3755363453682,1000.1736318250332,760.7702002389557,448.73693200510985,353.1772867863906,892.3197630987434,387.5245703686038,302.81143896798187,865.0599738667606,749.3365520050336,979.51952288237,541.1676292751282,381.34802764631337,78.42918301143368,902.4547059306176,659.5281301189887,676.9591035510803,1057.2143773425598,298.71836524637155,890.1772676735702,609.0250462040261,1090.5400649355308,987.6210143398188,0.0,163.9990476753309,1202.8581061076882,816.3303211605348,902.7882719968284,676.0656960447523,411.0595418302217,831.9976242246411,190.31848635613716,758.7661074570267,991.5187478309332,1117.4232268404876,256.19428658861415,728.4986870552686,195.1496895262742,889.155502280054,1070.245121292994,750.2477137736532,50.26935521363053,542.092775910208,510.1188047697918,510.73143274345455,814.8129265368508,42.8293432591805
30,1521.7187448154818,223.9515650371572,987.6342700653852,1137.1638161547644,546.0963922228874,428.6579095562285,319.94757831864854,899.3855635252127,663.049703944715,420.6952235442863,430.50116518562606,790.9512132257075,486.1838389941468,154.17459110184836,742.694992019728,625.8662558328618,846.7332785660091,546.7024323859517,300.81119590021075,107.73925952262192,907.9759229701168,646.3759805355373,537.6713724274858,952.8241711770404,307.4974726136045,783.857145776374,566.1340457128421,952.0779283227716,914.7696795275676,163.9990476753309,0.0,1108.9187529922096,815.8014302777245,916.1118329947376,519.6060088667455,324.92951296520056,748.1959254504668,120.72651600010909,631.2764397095733,861.6024976548381,1016.9182316424416,201.2380326702601,592.4061157429501,161.86436454695485,841.4375198588762,973.702669223098,615.3847998752053,120.7325193676685,533.5664339500034,348.9659607641292,438.1661265435739,698.8465067789122,206.42822237208944
31,459.8811735147089,954.6626756134656,200.2636133115051,73.72555152090379,635.8228921242886,843.0001483049798,790.1444623076845,213.5451791943896,445.9247347977929,787.7363957002634,1042.0276491596876,319.81978165406724,1103.7391344155276,968.4999777571716,417.3336781117046,516.3664806634637,418.5475849114079,793.2317173839407,822.106232530796,1128.6347610833354,693.9757450318253,679.2707255754914,644.2621772494493,173.99076610228545,942.0427636381044,333.021173652884,636.8479187565814,446.88308977336646,258.1030950295842,1202.8581061076882,1108.9187529922096,0.0,672.7744520854063,737.199595075379,773.0606717125883,793.1886164732581,373.4107182148512,1220.2556270813095,525.2665220639778,388.5430793635574,104.60560875211064,946.663920856081,590.5155772260289,1007.7387891717904,427.7822971730803,135.82840005554272,568.3494463722772,1157.8855503108994,757.4575152384757,899.4847137626941,693.6445758870155,432.1454702820142,1234.5343986703297
32,1121.9413867891783,804.6325165640341,472.6012729435682,643.5542371692366,710.8788897487381,390.854284476007,574.4629968078805,584.747272792248,487.09311048801817,397.8206409957492,509.72189467315496,539.8611976173912,539.0527654893023,750.2061565753347,659.3411669168977,629.8828978510043,787.4852545909475,275.3203207379448,548.8722926979481,768.8282918369191,95.00619206180107,173.51509147534856,712.5016658122436,638.3091438407273,520.8857811778693,568.4915999649484,292.3853061250181,899.9732752727947,421.54120419270015,816.3303211605348,815.8014302777245,672.7744520854063,0.0,118.75685006897436,851.366269202247,541.3240618132264,423.67055496078655,933.7448216641712,657.1240895658955,772.4895354216702,652.011069344935,615.2326778950666,704.7251129570616,657.5318998679581,249.4378040217781,599.0917323584154,702.8564915451595,791.0434522298683,282.24738420132513,845.1543563348816,444.1959543990276,601.6261955006157,828.2715682403386
33,1171.9584764746216,917.931758981897,538.7993823376086,698.2154460581409,828.946313224188,487.5750530783942,688.9660108344515,675.9066806006367,600.1659596317669,504.39463723290913,575.6277648095437,642.3695591673787,590.9997939418148,859.8320065143284,768.758793425936,745.3446740839177,893.0344810534818,369.5351890700243,660.0665036368725,861.3118429862291,43.44618406373036,286.38530793006487,830.7081239458081,725.3921965151574,614.0776311801884,672.4603806332661,410.0983672417559,1001.9963860927544,499.3227025372127,902.7882719968284,916.1118329947376,737.199595075379,118.75685006897436,0.0,970.0767744929052,654.4738100913322,528.9282875818856,1031.9371909575527,772.5407360128223,876.320474212619,730.5211888153539,717.5516592632606,821.7467236773588,755.5604141701875,335.01188155260627,680.1346044749304,819.1805462305824,881.666556473965,385.6214012089635,962.2126607857502,560.7994298519327,713.0216519943701,910.7020639187452
34,1099.876775084762,296.44080340518786,740.4709853122299,827.2643138457871,155.80537407581534,618.5869669204525,357.36855613850486,569.1196812395508,416.8917105287816,552.406345802457,771.9512171485859,483.57605320328224,849.3910790379268,373.6205496751363,356.15910368984777,276.89531136356555,394.28641361249066,690.0174569319926,417.8446757357653,602.1210384222245,940.4453326668804,698.2334189286132,150.4040392551911,599.0811062313006,597.5338061570376,457.5806192789133,566.7000443154341,469.7721029497552,687.6084560114342,676.0656960447523,519.6060088667455,773.0606717125883,851.366269202247,970.0767744929052,0.0,398.1535893898682,525.1361260682014,585.3835072743,258.4018483623185,419.0408835744108,668.5592360041425,494.2766138128623,189.5106305038869,534.5846794564059,720.8626171834336,646.7354499497973,208.4081079071308,626.7165431123834,647.3272887561453,178.43185379675447,433.89732436222425,356.2552714884793,718.6423981459473
35,1222.5896747518514,263.48273017795543,663.2758445116447,816.6952834512269,328.0630939687624,223.8036644977463,41.77428116618812,589.1244805040683,349.72537449066573,165.67691535840572,379.41827693008094,481.27933289730737,457.607391934604,215.604997329994,465.6857377930848,354.9507403014985,591.9289480340558,314.1134886988747,30.80462784223509,335.66586130557107,636.3296262625529,368.4193880417071,322.7765880913224,646.2598157800473,209.95194016010413,479.8577725173613,259.3342806920153,710.8453491924872,590.0972410563778,411.0595418302217,324.92951296520056,793.1886164732581,541.3240618132264,654.4738100913322,398.1535893898682,0.0,425.8483935426591,443.5955835224488,370.1792539066678,599.1169627202847,706.4339058892481,156.33772210678688,359.9068270750877,217.18247016333729,522.1356627613777,659.7426750076355,376.92112923784697,365.0012367750351,279.6294837354593,322.3681901501567,115.00279060523744,410.2399152720325,445.0913099573192
36,822.2930378220861,621.7000890364969,242.73974993334676,391.210548260009,369.33093788822185,475.7283495176701,428.5661052926365,193.45537981466543,109.49831659973,416.4854032860231,678.4347143852741,117.72638371733125,744.9684801062381,617.5118294186942,242.71249007340367,253.2450289363807,364.319294868284,444.09860485503424,453.4760325060941,759.1544378625289,489.2666124485725,352.6271069355879,374.97738758368666,255.1697623858749,569.1205052024053,144.90378513949125,274.78273318596564,476.6030028997281,174.54782738678716,831.9976242246411,748.1959254504668,373.4107182148512,423.67055496078655,528.9282875818856,525.1361260682014,425.8483935426591,0.0,863.9038241356911,277.31123638278353,348.8189892279582,299.9366605715277,576.1671003185774,341.77866608439365,636.9436564993138,212.5712476433497,247.0925809153525,329.9489387510505,788.1825757113913,402.6544965894447,597.558501521031,321.4143510642057,194.58716951618257,862.5681154749406
37,1624.4359179568592,294.4386586967884,1104.5956328681689,1250.9941010371317,636.1302968350222,544.5428196352354,435.4705069044052,1009.044339960468,775.2930368381692,540.3505896396653,521.7613070246707,900.9934997277838,567.4001052010144,252.8187330423916,842.7138998631689,726.472874040087,938.2459169646136,662.4656110033907,420.5004396693491,182.7532149021044,1025.192602084055,765.4786014788507,627.3534279568495,1060.7481491692224,419.1906819127638,891.9284199051649,686.8587578063363,1037.5760596524528,1032.2151775075736,190.31848635613716,120.72651600010909,1220.2556270813095,933.7448216641712,1031.9371909575527,585.3835072743,443.5955835224488,863.9038241356911,0.0,729.1452475258404,955.3023386975754,1126.1559571914338,321.00434896818655,684.0720549617581,276.52611633147563,961.9039718009968,1084.6096131075742,707.764407967537,174.88331309081002,651.594909965093,407.3771534234981,557.6316188888346,802.985980007536,221.3936129071638
38,896.4494910933806,443.799115677502,482.2071488208605,574.4467938938224,110.70120377931464,538.7090437133106,345.36885643249025,315.3169889520272,177.13556691880288,466.16104085396057,731.4030200779541,225.21909657745664,808.2822697453378,478.9270571179323,114.899421671309,27.24753673154621,222.5662270423765,568.1192116225728,400.2700905810335,680.3612518924438,737.3772772507293,531.8221836274419,119.03045952976458,352.70757143193225,574.5379290298397,200.1062265715468,407.0880319889147,340.7106199113136,431.27307252339926,758.7661074570267,631.2764397095733,525.2665220639778,657.1240895658955,772.5407360128223,258.4018483623185,370.1792539066678,277.31123638278353,729.1452475258404,0.0,232.79268065378284,422.2554380099805,518.891974451249,68.89180018402863,576.0689616200804,485.12260493308224,394.13045296870735,52.86899546306234,709.1761576998634,521.3776073297674,375.0393026131581,330.7079709346485,97.99990180280768,797.4503917956189
39,682.5133650327956,664.2856876051453,439.2624466091118,455.4566351016522,319.6337141282848,745.929374996484,576.8305596810216,236.96243829691372,309.8362789345069,674.9118890951246,945.9819560605614,234.02230241097385,1020.8998110051032,708.1568736201002,137.6956706867834,244.48991824374923,30.005245963658727,752.8007889677319,629.6557203021356,913.1043087877154,835.7529919105287,686.6029860505832,328.52503785895385,229.5397416898988,797.966062297327,204.1021230877,580.3314375627193,129.4937795649195,422.6957124689486,991.5187478309332,861.6024976548381,388.5430793635574,772.4895354216702,876.320474212619,419.0408835744108,599.1169627202847,348.8189892279582,955.3023386975754,232.79268065378284,0.0,288.83895878889666,750.4830405075533,271.30084752944737,808.2962353142586,548.2724833050622,291.9554747739442,247.53985605504428,941.8766730149588,706.7824358867592,576.6743486193564,543.5399266056079,201.27416042411363,1030.2425410550943
40,522.7780985256064,855.8213254493156,201.54742739643376,166.7900817563821,532.5616232454249,775.6301549323915,700.2732793539387,117.65576697717812,356.7486797398801,715.9344101203819,977.9601387284106,226.1514398905984,1043.3477728809569,873.6346245763053,313.0933959786634,414.5255546368237,318.7034801566912,737.6377612516079,736.0850928724149,1041.9609332415632,687.1200854898528,632.4814369810886,541.0872344344479,69.73197412612174,866.6343310816486,234.67385007862543,572.9692594514255,361.31645941256926,231.61178366876996,1117.4232268404876,1016.9182316424416,104.60560875211064,652.011069344935,730.5211888153539,668.5592360041425,706.4339058892481,299.9366605715277,1126.1559571914338,422.2554380099805,288.83895878889666,0.0,861.6657784222031,486.7763500736774,922.8233155165608,402.5776399297057,55.18178635285123,464.3898966800309,1071.3356577450431,698.5772558210127,797.0658995160961,612.4114581576989,330.8694620256328,1150.5608789459927
