,0,1,2,3,4,5,6,7,8,9,10,11,12,13,14,15,16,17,18,19,20,21,22,23,24,25,26,27,28,29,30,31,32,33,34,35,36,37,38,39,40,41,42,43,44,45,46,47,48,49,50,51,52
0,0.0,1511.2308859539378,841.6701657689064,778.6254934901135,1225.4184849910362,863.2992296353007,1114.868384616741,1132.3715604077604,955.019052322106,865.0426750093645,1624.4359179568592,1109.92910874342,1024.4838590822496,1215.1706129987615,1042.7775691708523,1257.9395939653857,1046.666832107643,1143.3653979393323,1368.3450086766732,1209.046031389859,708.5099838566523,1113.327186575934,1285.8724122071346,887.7151492551887,1435.9833557030488,1282.390951027523,578.1502627165742,884.1295818725132,591.9013078159593,955.3518770340426,1025.4176999119215,925.6643742786698,1277.8475058924291,925.2419028655648,953.5736612136268,1128.34759618127,1435.814339997837,1222.119600758166,717.8818942918335,498.07001036068,661.3088158451234,1033.4995786572283,833.8989408485043,1156.5537824495257,1350.7347632139608,1067.135683257721,1541.251201563086,991.2427005307636,1253.9360682082674,1278.7878822078974,1099.876775084762,822.8731071824103,1667.6765190679764
1,1511.2308859539378,0.0,697.0412385787198,829.9880473626007,445.21631564682457,722.5269406491514,543.8107498777001,418.8510207267891,634.8775345040482,701.840220660578,384.9460775905928,577.6876684075679,663.3687322471059,303.95151311147697,753.7149346421133,275.2060606797354,516.7008086630493,369.6784426085391,157.3692409107374,304.2984826108344,842.1239050920741,500.8059780853581,232.4898788047444,891.0476047200548,280.62689221325144,295.4619490606298,954.0597590078982,654.3611656436408,921.000236779286,631.1663267970907,673.279886463922,629.1013557365883,364.5504822482838,677.7261673494203,675.1921536176858,384.5545956499322,180.08383762950945,364.4326003592797,796.1767333447393,1094.6062693577285,917.5104356564188,501.4402452380442,733.3094566628693,442.99681914199977,207.30172317327148,708.2340795242689,250.67715290402603,736.0651771166131,340.5248743957551,632.5681254617595,686.9671199079125,721.4618210166351,226.65075050982375
2,841.6701657689064,697.0412385787198,0.0,431.5067780881653,574.056753348188,95.19228060147114,519.2442651512107,417.8560247734396,135.802479432336,62.614538526498784,786.2589254948094,543.6879250283687,255.29023157727443,393.0937399941535,628.5241332100267,489.0498294711948,205.1357105662969,359.62758671710367,576.0686480451427,418.2604081749312,145.0861964553414,476.350989784975,496.23399472818426,333.67403147729186,710.3681463120491,542.9290475106314,375.2315968029557,289.83522077919235,262.2683336039427,133.18649466484447,264.1604677928996,86.34934975931039,582.1304634842086,411.7830295666694,172.32002685786546,346.18629122382504,597.9113216356734,380.5494424590164,149.4005977711932,539.629328270625,222.7496913464799,197.4258284855848,351.8435484974912,482.8319255066247,516.188658977097,612.1940087224381,699.6526579108959,277.7176507788646,535.5262308835295,751.7944183522033,357.71351948098163,26.23402440483203,830.0041820725978
3,778.6254934901135,829.9880473626007,431.5067780881653,0.0,459.53443751936896,524.5739267126154,343.18724407045465,411.7752163631132,552.6193191532388,494.0230592511856,1073.7232362173052,333.3149214745956,680.104954612401,590.9245124002542,283.1500513430849,554.9238115785199,552.4197986346531,480.92413383737966,673.1183443820025,538.4992028058331,450.3203972194763,354.82160989430474,599.4335140726014,744.9597490926045,683.6459931405404,552.3692537703195,223.77093903794616,196.2040981318849,339.19876003261254,548.1043687871448,690.4043400001974,488.8614764639472,523.9723789314211,159.044887389896,600.7674778139454,468.5016188202183,822.8210074991945,673.0621120809141,321.84285619347736,290.4296596875853,511.83454708605393,499.4961730302378,104.83182902053598,407.39382901540057,734.7616170560407,296.78212126875025,951.1213614718234,709.1636043862395,514.3893045157016,504.3287994799218,782.5896318309989,441.2599560820448,1032.5079868927269
4,1225.4184849910362,445.21631564682457,574.056753348188,459.53443751936896,0.0,651.0992385536096,118.423270945486,164.1541903477864,606.2600213717697,617.231294453905,788.5671120495069,141.91801761495722,708.1684846449677,367.6220999856006,311.1369458059048,217.5082712943662,516.8987831217695,276.67360854772994,301.8136159502602,273.80962009555446,691.5488968232721,113.74032657847604,270.60833862018995,887.0339423890924,228.9249965265424,157.44904680133288,648.0678209007074,353.80495602035666,685.9707426110663,600.5309816487497,720.957409000661,558.579339463493,81.28040934264462,302.8114687273189,665.8275474899066,280.2894166153077,522.546529848468,504.1770126062028,587.0665789647397,749.2532829973363,774.8435755381435,459.8542898589133,391.5199145727619,91.3353042876567,457.1163631058731,265.2693092119754,648.0916525303852,771.9263060614076,114.26468564475306,225.09794638972372,786.1315260652867,599.0996092489938,671.0022524051266
5,863.2992296353007,722.5269406491514,95.19228060147114,524.5739267126154,651.0992385536096,0.0,605.1874164811464,490.2334063203058,94.56534414630822,35.22615338613419,763.0396039480097,631.5928152722353,179.23830355262285,423.1966721538733,722.6691493331797,542.3524941341212,206.85685992859936,414.41006020422304,616.4769862957409,466.215239233618,157.08196730252166,559.1401540114981,540.8920982536087,241.99219913798447,768.6406504747737,603.1295080667843,448.00890747620144,384.19521600803154,314.30043885314194,96.368868706707,185.4901936356779,99.05417663604769,651.1165657791136,506.1869663842552,96.50346759525333,402.60627851097297,602.8394319769692,378.52199315094015,223.771743904642,609.7933360067609,208.16764181800207,226.79480829502705,446.9070428466274,559.8781440152696,528.313603863765,705.2428981112281,691.3737752049485,187.35114600636248,601.3734564895659,837.9934644298714,277.6152728413751,83.57712320749022,832.02304164781
6,1114.868384616741,543.8107498777001,519.2442651512107,343.18724407045465,118.423270945486,605.1874164811464,0.0,170.61863945567316,576.373493379114,570.1368263952118,862.6749375928123,38.59269064392886,690.540028164506,404.8736026835261,213.8161857905036,286.27195116516003,505.4887995001079,294.1247957086266,391.3281645422928,316.8825008514408,620.8580479994001,58.89276373433164,340.80824652880426,846.5068174011151,347.03592303443673,248.34897598191384,540.0448426119631,262.41267281182616,593.2293710434562,570.597689684243,703.2215461251175,521.0525441636277,192.5726703322434,189.62982370748745,636.3689860416296,291.5601183504702,595.2915632247543,533.1982384715428,505.82909269209273,633.5271175665047,702.4401451109485,444.3580992434105,283.20812648537816,106.91511999949267,519.7579114394279,170.38218367793817,724.9509797390203,747.7588061665987,203.3990344467184,232.82408912193688,778.1444878828178,542.3908367441188,765.8339398081546
7,1132.3715604077604,418.8510207267891,417.8560247734396,411.7752163631132,164.1541903477864,490.2334063203058,170.61863945567316,0.0,442.2949005271077,457.0374391805031,702.6874167964463,208.98994385954256,544.651554282612,234.63066038460272,376.5285320030278,143.7088470521624,353.9104582507547,124.25138860678352,261.6180484451033,149.91564648202996,544.1448431879778,112.00931613938042,192.02521943054225,723.9422600741874,309.5036026626223,150.0447338300088,557.6770540545633,249.5219497294094,563.5478056234981,436.5790291467546,557.446657524904,395.9559170164308,165.2801269643138,259.1503073871499,501.76264256369416,123.456892507707,437.4210408839139,362.96138975765433,452.26119865729095,684.8561769847881,627.7005212099895,296.01443533521706,318.45948995192146,77.62236096915305,356.65387851575264,336.3329644310777,568.3073421547911,607.8579819311863,125.32615889137,377.0758473125837,624.859782181148,443.56720146621376,628.3287374771203
8,955.019052322106,634.8775345040482,135.802479432336,552.6193191532388,606.2600213717697,94.56534414630822,576.373493379114,442.2949005271077,0.0,91.05288598181708,669.8859703242236,606.690629664591,127.9969732587345,340.7946252450561,718.0799810646939,473.4926744972026,118.65917895563196,350.0476997111101,537.2316137169029,394.6296356380899,246.61618983456003,525.1279921138996,465.4279452740936,284.4069358454456,701.2281023980714,539.4041243261048,511.0303053602907,387.2747454994636,392.0323658416272,5.7848841641445246,139.00285344547714,64.21834987660036,595.8814299840163,506.3560865566213,60.083052636416255,340.1796296690499,509.6207948269311,285.0007716748989,284.9535653810058,675.3833929754134,302.6647540933159,154.02380282180212,463.27302877709536,516.6398810248478,437.0932650211771,695.1839011543423,596.8102039963007,172.38795279752867,543.3939472913755,806.8788653868531,230.02821403079935,142.93360867954968,738.0208089142014
9,865.0426750093645,701.840220660578,62.614538526498784,494.0230592511856,617.231294453905,35.22615338613419,570.1368263952118,457.0374391805031,91.05288598181708,0.0,759.4142540430713,596.4159441506832,197.61723702194007,400.2061837037135,688.0021336922933,513.4432395504947,190.39616923915764,384.7751486705961,591.1608179127533,438.4589536203828,156.61597672462594,524.3943353833168,514.2271882699707,277.2171895286163,738.8320967311935,572.6613409430463,428.2184429686036,349.7228008730665,302.3677935332105,90.70514954636492,205.5096778305583,72.97266458031656,618.7653015885458,471.68760648339247,113.55144401325116,372.5427663727695,588.5907981255466,365.6759694283274,201.96353227829587,591.5065817535605,219.30135332592096,202.09137611278555,414.10589844962993,525.9478050739289,511.4052373651572,670.2597189242728,682.0075428994778,215.40715453793092,569.6315585519447,802.9547031031831,298.93989156274034,57.36552352142299,819.24919583019
10,1624.4359179568592,384.9460775905928,786.2589254948094,1073.7232362173052,788.5671120495069,763.0396039480097,862.6749375928123,702.6874167964463,669.8859703242236,759.4142540430713,0.0,900.530283289433,622.5276730052155,484.3167105768741,1075.7942808651578,577.4414649377579,582.246853133078,599.448463651654,490.1287448864624,553.5785756101496,916.0059968046236,808.7125499535847,522.6330959976951,830.912381962607,662.8425450363874,631.2842558501537,1131.6344079830085,878.4749321314425,1046.9388535229416,669.3138500397845,626.1251477465182,700.5454346657131,714.6190137722117,944.8129206212528,678.7791122672088,609.8847121995386,267.5148687990834,414.8790159459296,925.1227449177684,1291.4153501039325,970.1040756428932,608.9022125880789,969.0662650410848,755.7673810898101,346.43625590039824,1033.0459010333968,141.1890655038842,679.0254817351896,674.5637576741583,998.266023124435,585.3835072743,802.985980007536,221.3936129071638
11,1109.92910874342,577.6876684075679,543.6879250283687,333.3149214745956,141.91801761495722,631.5928152722353,38.59269064392886,208.98994385954256,606.690629664591,596.4159441506832,900.530283289433,0.0,722.8062377964299,443.3845128882242,177.18296524489804,323.63234974261087,539.4797978627978,332.1700301359444,426.68292836188687,355.4661635946915,639.4239724558045,97.02835434379674,378.3019771838647,873.4254516265818,369.89376737853047,282.56930480884483,538.8894211479278,275.9922931608696,602.0910823444923,600.932717105647,735.4313860397561,549.990722570191,220.73526708452388,187.7448247350867,666.5159904700582,329.2550985506359,633.0738634178041,571.2482897854022,520.8925609466926,623.289565852171,719.9731893449757,478.0417846187008,284.4152305417961,144.87618124983968,558.0633679842192,132.9086433743076,762.4978603133217,778.6209863969138,237.28573174772632,209.53028317497427,811.8162260151885,566.1128103509313,800.8300783534212
12,1024.4838590822496,663.3687322471059,255.29023157727443,680.104954612401,708.1684846449677,179.23830355262285,690.540028164506,544.651554282612,127.9969732587345,197.61723702194007,622.5276730052155,722.8062377964299,0.0,397.0863692511373,842.2019455107145,550.0360143759079,191.7035473888361,438.042535400905,592.2108851611457,469.8558192486725,331.4550032582811,636.6538164186514,530.7541231671837,228.70382917871768,774.7219269336724,621.6096236810132,625.5593378176194,514.4642590528545,493.2735246373564,132.8952827749407,12.795665727423684,192.21145537045425,687.4941028218583,632.5225509752972,84.11952074686266,431.1091574918035,512.7998737914783,298.9478135467634,399.5468616504384,788.287331192051,363.4367731542059,248.81418656330703,591.2657507168975,621.414899432691,456.57606311457147,817.5412075636333,574.990565226563,73.17348368660039,632.8802451724376,917.5353848481584,102.78690050091986,254.96831488451957,727.5430532278773
13,1215.1706129987615,303.95151311147697,393.0937399941535,590.9245124002542,367.6220999856006,423.1966721538733,404.8736026835261,234.63066038460272,340.7946252450561,400.2061837037135,484.3167105768741,443.3845128882242,397.0863692511373,0.0,609.7321424322795,164.84866265162853,222.77626057331724,117.19860008103154,197.4359977965616,93.83688506757284,538.1739246384701,346.561594672051,134.72440860676983,614.4367894449088,379.9027713825017,240.37186040577677,674.1633175651863,397.4787904245951,623.30489055739,336.4113957482542,408.8814243115814,327.2346787538238,320.19189084239827,461.0638330526174,388.52861400972967,126.17772501196416,234.57171730260336,137.39168698478483,497.4508061998948,825.922554086058,613.9910570950248,198.41898723780253,486.7673831295282,303.5388615588103,145.42234448820386,570.539867066505,360.5472396744759,469.4080112931521,265.2788652947713,592.6663964524719,450.8455722110834,417.5895799709612,458.6504322595476
14,1042.7775691708523,753.7149346421133,628.5241332100267,283.1500513430849,311.1369458059048,722.6691493331797,213.8161857905036,376.5285320030278,718.0799810646939,688.0021336922933,1075.7942808651578,177.18296524489804,842.2019455107145,609.7321424322795,0.0,500.0623363034904,672.0269085672586,494.3560587021879,603.7589064379343,526.1422422013256,692.746151769807,267.2557176834524,554.5294898287306,961.6384734591086,529.6604875851892,459.2573910345355,506.8334513981266,338.70136421616604,612.2077352369932,712.5647014319048,854.3055132159766,656.1230019115044,392.3070699135464,216.9019280099833,775.5787276597257,488.78861312728986,808.6231554357871,730.6908271144399,563.8819080056174,544.7338266800567,765.5713226408867,610.4671983169135,294.97879940859883,320.5085387065247,731.5440868379064,45.89148025197967,938.5533838824588,889.3553417519594,413.9001203844176,242.53152851418616,938.075583592216,646.614277239543,977.6350641510932
15,1257.9395939653857,275.2060606797354,489.0498294711948,554.9238115785199,217.5082712943662,542.3524941341212,286.27195116516003,143.7088470521624,473.4926744972026,513.4432395504947,577.4414649377579,323.63234974261087,550.0360143759079,164.84866265162853,500.0623363034904,0.0,363.1807187472445,129.4561863652615,118.21669635161956,80.23056377049484,628.5161547765446,235.21289671387623,54.80904913398757,756.4189732532474,227.73871737562675,75.5393409414269,689.4830488308793,384.1078515576649,676.388287309366,468.3197009272031,562.369673578561,443.31950947930426,158.11376299924203,402.8042583228661,527.9952925309815,142.94823061902963,309.9444892683611,300.8652083017794,556.7373703679278,823.6230140446614,710.1817624895568,319.7464283654345,459.4481272477138,179.64887680685885,239.9239185476667,456.47995489160087,438.8969382139117,620.3595316499504,105.72419801204856,440.0809221681738,612.0481842433729,515.2212811983574,486.56398970143135
16,1046.666832107643,516.7008086630493,205.1357105662969,552.4197986346531,516.8987831217695,206.85685992859936,505.4887995001079,353.9104582507547,118.65917895563196,190.39616923915764,582.246853133078,539.4797978627978,191.7035473888361,222.77626057331724,672.0269085672586,363.1807187472445,0.0,246.76479751531608,419.86255593893054,283.155274734305,342.97957058657624,449.8230581480727,350.3338941190844,394.3727842461224,590.2346089602236,432.6513071995042,558.5152420832394,365.4830578943122,464.6920042475603,114.65880788673272,204.4504141580932,121.85827992080377,496.1959114526507,473.1925419560501,166.55791948054372,239.4701311514592,398.2344806081186,176.46008951890852,343.7270629164553,722.0794039398291,409.6948823468137,61.83142630534078,452.7219662766056,431.1089649837608,321.6417628635805,643.133730238598,495.0463607709409,258.8173047424692,441.8691328276368,728.9235676719286,272.74940713275714,224.1675661151179,629.2269173139728
17,1143.3653979393323,369.6784426085391,359.62758671710367,480.92413383737966,276.67360854772994,414.41006020422304,294.1247957086266,124.25138860678352,350.0476997111101,384.7751486705961,599.448463651654,332.1700301359444,438.042535400905,117.19860008103154,494.3560587021879,129.4561863652615,246.76479751531608,0.0,226.10869875495595,65.69927665391258,499.7457192440164,235.2450407511196,143.39951598732023,634.3675518444098,354.232195897128,189.61472972628377,584.925565935056,292.132081296652,556.0287008503929,344.65125275107255,450.7161334458578,315.592697414542,249.46810221919364,345.4030388545066,406.746386269721,15.02440904294862,342.2644989927082,239.08328730343013,433.59926205947664,729.3730041980765,581.0609494107578,196.32072484647688,378.22477148197095,199.45703758457367,255.14368397288777,456.2514996734229,471.6489510684798,505.4699673480081,195.1511039259194,497.5818386453576,510.8511698390947,385.787307027683,554.672558366961
18,1368.3450086766732,157.3692409107374,576.0686480451427,673.1183443820025,301.8136159502602,616.4769862957409,391.3281645422928,261.6180484451033,537.2316137169029,591.1608179127533,490.1287448864624,426.68292836188687,592.2108851611457,197.4359977965616,603.7589064379343,118.21669635161956,419.86255593893054,226.10869875495595,0.0,161.23626872266306,719.5469831971635,345.4881736908374,82.7250736168454,811.7338081356828,204.67310313293947,145.32812207620805,804.0694110789043,500.72690895177817,782.1131908143651,532.6701504366508,603.6671679418287,518.5882456705012,225.0781977721383,520.3681769215176,585.9199255634054,241.08811158625147,229.87120238550676,307.2017499844298,659.5665772896531,940.8000932934292,798.8159507781702,389.7089330981033,577.4696716234293,287.9580987762272,187.9223092690129,558.8616902655544,348.9744871693549,665.0321197911051,190.50722030551503,508.3267551880326,637.6340707106792,601.6876524621597,374.5814531340079
19,1209.046031389859,304.2984826108344,418.2604081749312,538.4992028058331,273.80962009555446,466.215239233618,316.8825008514408,149.91564648202996,394.6296356380899,438.4589536203828,553.5785756101496,355.4661635946915,469.8558192486725,93.83688506757284,526.1422422013256,80.23056377049484,283.155274734305,65.69927665391258,161.23626872266306,0.0,560.4017149914578,259.7434147592779,78.92656577814157,676.8354434603073,307.19079643933264,152.9765300431388,649.8814176124954,353.7411349278964,621.3292530040659,389.5501690062004,482.2098164353037,367.2239142750693,228.3279175759108,396.4356401959275,448.422495621455,80.70588532326482,290.2102999435596,230.8931128821465,498.40107079300896,792.7230280469596,640.7313827636052,241.48338676992745,437.4149574374722,212.80099028689108,207.1835587449049,485.2719423511541,421.0053662472635,540.1291291421296,172.9221970784806,498.8803837440452,533.2124173786463,444.2005904084977,494.2517173115784
20,708.5099838566523,842.1239050920741,145.0861964553414,450.3203972194763,691.5488968232721,157.08196730252166,620.8580479994001,544.1448431879778,246.61618983456003,156.61597672462594,916.0059968046236,639.4239724558045,331.4550032582811,538.1739246384701,692.746151769807,628.5161547765446,342.97957058657624,499.7457192440164,719.5469831971635,560.4017149914578,0.0,585.9635218661533,638.9140498161629,303.4918196930336,845.4731078094334,677.9743158123707,319.57181902909707,365.9785467310549,168.461076183013,246.8525608415319,335.70319059731577,221.1869456529368,709.4006983798789,480.18161449225937,252.06458278854188,485.7403914139,740.0292058068259,519.4106885822708,130.15456714346425,472.8721148936969,83.58678077852115,342.02792990710435,398.7962646879652,601.917207059161,659.8003446104101,685.0758668648739,837.2870146756303,321.2583825244023,666.3005578823478,848.7732146427832,423.4468996964989,121.2149775409568,971.7118988167654
21,1113.327186575934,500.8059780853581,476.350989784975,354.82160989430474,113.74032657847604,559.1401540114981,58.89276373433164,112.00931613938042,525.1279921138996,524.3943353833168,808.7125499535847,97.02835434379674,636.6538164186514,346.561594672051,267.2557176834524,235.21289671387623,449.8230581480727,235.2450407511196,345.4881736908374,259.7434147592779,585.9635218661533,0.0,288.9281344877249,799.1989153875627,329.08707810669665,207.4345076624425,535.4604263916424,240.39890097740977,572.9675054827019,519.343134232255,649.3879830081803,471.8177549539749,169.19556839471704,195.89392791945184,585.2106179103305,232.70457145452943,541.7862591468022,474.3249815826777,476.93929141374497,642.0783843267469,668.6729835183085,389.1678711430523,279.852612734583,57.84924568870708,464.3213696854304,225.6049947052427,672.0689745886363,695.5144646384026,164.80375241583832,281.7674131762913,722.5673045153319,500.4127924179477,719.5976591705149
22,1285.8724122071346,232.4898788047444,496.23399472818426,599.4335140726014,270.60833862018995,540.8920982536087,340.80824652880426,192.02521943054225,465.4279452740936,514.2271882699707,522.6330959976951,378.3019771838647,530.7541231671837,134.72440860676983,554.5294898287306,54.80904913398757,350.3338941190844,143.39951598732023,82.7250736168454,78.92656577814157,638.9140498161629,288.9281344877249,0.0,744.5586305754983,245.18481705277637,119.89417494433042,723.1050637971989,421.88635200478535,699.3886120396932,460.59014057888754,542.7143735207761,442.2501588058682,206.15414029109604,450.3621924614408,516.855672420378,158.37015645374285,255.1356606895839,263.65344371277445,576.9342143847521,862.154350871982,718.8890311981836,314.51048559850057,501.384973771465,234.0243464846997,186.6032809932953,511.1012452134025,384.19601498505176,602.607591579804,157.11685871744703,491.2421497813084,585.367874935332,522.0596426313112,436.320849389792
23,887.7151492551887,891.0476047200548,333.67403147729186,744.9597490926045,887.0339423890924,241.99219913798447,846.5068174011151,723.9422600741874,284.4069358454456,277.2171895286163,830.912381962607,873.4254516265818,228.70382917871768,614.4367894449088,961.6384734591086,756.4189732532474,394.3727842461224,634.3675518444098,811.7338081356828,676.8354434603073,303.4918196930336,799.1989153875627,744.5586305754983,0.0,984.004103186738,823.5181947940641,620.8011916833069,623.0317376314202,463.8948721126944,289.8816111177484,219.9867793962045,328.56571658355824,879.9462959210124,744.7421365185306,228.4277055196341,624.5865474101323,741.2212224021248,526.7746472681321,424.5422834562066,766.6020502997802,277.2611733722693,438.1126923831074,678.3491229137251,796.396702208581,684.7496913580762,945.867357086799,797.6413055318999,158.34292581931732,827.7307630722555,1079.1859734074733,246.2933685681116,315.0484200621413,952.6184851899412
24,1435.9833557030488,280.62689221325144,710.3681463120491,683.6459931405404,228.9249965265424,768.6406504747737,347.03592303443673,309.5036026626223,701.2281023980714,738.8320967311935,662.8425450363874,369.89376737853047,774.7219269336724,379.9027713825017,529.6604875851892,227.73871737562675,590.2346089602236,354.232195897128,204.67310313293947,307.19079643933264,845.4731078094334,329.08707810669665,245.18481705277637,984.004103186738,0.0,167.59572377264385,858.2538446304042,552.4056843387538,873.0284520729472,696.0473127523333,786.8398906010825,669.7806363557387,160.02320636375657,524.9168776464686,755.5797303277178,366.29106025204186,421.84752998725367,505.1723192887001,760.8072750236224,971.0378393157804,928.3824678981628,547.4241115024403,606.5563892896827,280.3202457286541,392.0603835368555,484.2498010706624,524.3628759951995,845.9625014240181,184.33215591646336,363.72313361165095,830.4414307356625,736.5969980701564,499.7611832784565
25,1282.390951027523,295.4619490606298,542.9290475106314,552.3692537703195,157.44904680133288,603.1295080667843,248.34897598191384,150.0447338300088,539.4041243261048,572.6613409430463,631.2842558501537,282.56930480884483,621.6096236810132,240.37186040577677,459.2573910345355,75.5393409414269,432.6513071995042,189.61472972628377,145.32812207620805,152.9765300431388,677.9743158123707,207.4345076624425,119.89417494433042,823.5181947940641,167.59572377264385,0.0,707.5097869673635,399.3375517600019,710.6047969241822,534.0544476059035,634.0712888483874,504.6339503123663,86.53132357399258,394.78497568900406,595.4686217510402,200.64284167570264,365.9120611803554,376.2880377872328,595.742975680411,831.6714858725063,760.8216223255786,385.4409123597417,464.4062289192516,149.80401636935795,304.8578420583397,414.1099432972974,490.68968098759393,691.0437973006449,45.36583973310837,372.7081444394006,686.1732423877131,569.1503510327832,518.3777863147363
26,578.1502627165742,954.0597590078982,375.2315968029557,223.77093903794616,648.0678209007074,448.00890747620144,540.0448426119631,557.6770540545633,511.0303053602907,428.2184429686036,1131.6344079830085,538.8894211479278,625.5593378176194,674.1633175651863,506.8334513981266,689.4830488308793,558.5152420832394,584.925565935056,804.0694110789043,649.8814176124954,319.57181902909707,535.4604263916424,723.1050637971989,620.8011916833069,858.2538446304042,707.5097869673635,0.0,308.1779046955547,159.1676357852712,508.37482613014686,632.8273860738617,456.7565675481621,699.765871489282,351.4746434920631,541.453305743967,570.2486984955968,906.726461489006,716.7890918687151,226.5289496597644,164.67369330426186,352.16425884822587,523.3342173350597,257.08503035897843,578.4890624969144,817.9461795263946,519.7260310191961,1025.868299629062,631.655042823067,677.1821587493424,724.1243742239104,725.552937107657,371.1175225704472,1132.6605290458847
27,884.1295818725132,654.3611656436408,289.83522077919235,196.2040981318849,353.80495602035666,384.19521600803154,262.41267281182616,249.5219497294094,387.2747454994636,349.7228008730665,878.4749321314425,275.9922931608696,514.4642590528545,397.4787904245951,338.70136421616604,384.1078515576649,365.4830578943122,292.132081296652,500.72690895177817,353.7411349278964,365.9785467310549,240.39890097740977,421.88635200478535,623.0317376314202,552.4056843387538,399.3375517600019,308.1779046955547,0.0,332.77554397173503,382.05700147268,525.9448679268052,323.5747220473995,396.0066158332317,121.99300023445268,442.2801866679765,278.6519248442028,631.1430298821873,477.0523151169292,244.92649568401757,440.2837963449815,445.0673398040798,308.9437119294452,91.5054398520826,275.2979177481151,542.3976832395024,323.94201681392326,758.0130590368676,555.4972228686102,369.8066678888251,484.1735333144525,614.3581236050826,308.11735285085723,846.790255384507
28,591.9013078159593,921.000236779286,262.2683336039427,339.19876003261254,685.9707426110663,314.30043885314194,593.2293710434562,563.5478056234981,392.0323658416272,302.3677935332105,1046.9388535229416,602.0910823444923,493.2735246373564,623.30489055739,612.2077352369932,676.388287309366,464.6920042475603,556.0287008503929,782.1131908143651,621.3292530040659,168.461076183013,572.9675054827019,699.3886120396932,463.8948721126944,873.0284520729472,710.6047969241822,159.1676357852712,332.77554397173503,0.0,390.6682300501996,498.8142601060039,348.61257203318496,722.19225530874,420.2569924058385,410.7207453804657,541.0345230979221,845.2961135453738,636.4850705499407,126.0361757926916,304.89825506984613,192.9968367719428,444.3689365045062,324.80952351281024,603.9521576359174,759.4148946963527,615.1601404980329,954.5891464509228,488.88469356565616,688.7272553543077,804.0129359112645,588.9169165335531,249.5257091711157,1076.6919385307738
29,955.3518770340426,631.1663267970907,133.18649466484447,548.1043687871448,600.5309816487497,96.368868706707,570.597689684243,436.5790291467546,5.7848841641445246,90.70514954636492,669.3138500397845,600.932717105647,132.8952827749407,336.4113957482542,712.5647014319048,468.3197009272031,114.65880788673272,344.65125275107255,532.6701504366508,389.5501690062004,246.8525608415319,519.343134232255,460.59014057888754,289.8816111177484,696.0473127523333,534.0544476059035,508.37482613014686,382.05700147268,390.6682300501996,0.0,144.04081153095882,59.394701707239264,590.3122495830412,500.9959386834829,65.86793425986811,334.7173406959199,507.0165826989077,282.4816837761259,282.5145490213063,672.811970762478,304.18448926203087,148.74111205841658,458.393472136666,510.8884037766138,433.9399551739882,689.5788791058723,595.1556455870696,178.08366405333783,537.8785618231594,801.0941534095238,234.67534874859803,141.29375420503118,735.7655858912271
30,1025.4176999119215,673.279886463922,264.1604677928996,690.4043400001974,720.957409000661,185.4901936356779,703.2215461251175,557.446657524904,139.00285344547714,205.5096778305583,626.1251477465182,735.4313860397561,12.795665727423684,408.8814243115814,854.3055132159766,562.369673578561,204.4504141580932,450.7161334458578,603.6671679418287,482.2098164353037,335.70319059731577,649.3879830081803,542.7143735207761,219.9867793962045,786.8398906010825,634.0712888483874,632.8273860738617,525.9448679268052,498.8142601060039,144.04081153095882,0.0,203.19354614068493,700.1570745280349,644.283275263715,92.0717045496563,443.8303045357421,521.2344714451832,308.9686999993708,407.17876828380486,795.1554025087953,364.9022338799768,261.6078093283286,602.1915053485617,634.2098989182427,466.2951998150464,829.824206882344,581.2092943375934,62.785407496034246,645.5132183325428,930.3002762087684,93.57729281709273,262.86175259252843,734.4818046049054
31,925.6643742786698,629.1013557365883,86.34934975931039,488.8614764639472,558.579339463493,99.05417663604769,521.0525441636277,395.9559170164308,64.21834987660036,72.97266458031656,700.5454346657131,549.990722570191,192.21145537045425,327.2346787538238,656.1230019115044,443.31950947930426,121.85827992080377,315.592697414542,518.5882456705012,367.2239142750693,221.1869456529368,471.8177549539749,442.2501588058682,328.56571658355824,669.7806363557387,504.6339503123663,456.7565675481621,323.5747220473995,348.61257203318496,59.394701707239264,203.19354614068493,0.0,554.6747670673134,443.2723127420084,119.45905761060088,304.00510739214434,519.1819656927098,298.31777546224464,233.34420227220608,621.4302317008403,290.065482186673,129.18286421460192,399.0553496462664,467.84559303822846,440.3451265075789,634.3386051211711,616.7341662225472,233.23236447774968,504.0750647680587,752.9422867818597,294.0611044920165,102.79309567107848,750.6427853588445
32,1277.8475058924291,364.5504822482838,582.1304634842086,523.9723789314211,81.28040934264462,651.1165657791136,192.5726703322434,165.2801269643138,595.8814299840163,618.7653015885458,714.6190137722117,220.73526708452388,687.4941028218583,320.19189084239827,392.3070699135464,158.11376299924203,496.1959114526507,249.46810221919364,225.0781977721383,228.3279175759108,709.4006983798789,169.19556839471704,206.15414029109604,879.9462959210124,160.02320636375657,86.53132357399258,699.765871489282,396.0066158332317,722.19225530874,590.3122495830412,700.1570745280349,554.6747670673134,0.0,365.08844613955137,653.9600658800846,257.1290280695306,450.7500974091087,457.3910281991184,614.98523920241,811.0186060151257,792.9645916556613,443.8683046985118,446.83270063814,121.2972782376297,391.36765336496126,346.4611579426424,573.617729209669,754.7614366861591,55.59483658003294,286.4475063216678,757.9571794989012,608.0058593464518,590.7249285683251
33,925.2419028655648,677.7261673494203,411.7830295666694,159.044887389896,302.8114687273189,506.1869663842552,189.62982370748745,259.1503073871499,506.3560865566213,471.68760648339247,944.8129206212528,187.7448247350867,632.5225509752972,461.0638330526174,216.9019280099833,402.8042583228661,473.1925419560501,345.4030388545066,520.3681769215176,396.4356401959275,480.18161449225937,195.89392791945184,450.3621924614408,744.7421365185306,524.9168776464686,394.78497568900406,351.4746434920631,121.99300023445268,420.2569924058385,500.9959386834829,644.283275263715,443.2723127420084,365.08844613955137,0.0,562.5056575520872,335.0325776189064,685.8869739593355,561.8083792998364,353.6354049489625,446.8084247241054,556.0904859332919,413.449107010893,97.2404756044492,248.508482367368,600.0843605268426,204.9615888335896,816.1682513821687,676.0534139072003,355.8758061179841,383.8248386213004,730.9681739029345,429.7126529943268,886.3640751401176
34,953.5736612136268,675.1921536176858,172.32002685786546,600.7674778139454,665.8275474899066,96.50346759525333,636.3689860416296,501.76264256369416,60.083052636416255,113.55144401325116,678.7791122672088,666.5159904700582,84.11952074686266,388.52861400972967,775.5787276597257,527.9952925309815,166.55791948054372,406.746386269721,585.9199255634054,448.422495621455,252.06458278854188,585.2106179103305,516.855672420378,228.4277055196341,755.5797303277178,595.4686217510402,541.453305743967,442.2801866679765,410.7207453804657,65.86793425986811,92.0717045496563,119.45905761060088,653.9600658800846,562.5056575520872,0.0,397.4687547241856,539.6501939857701,316.32355734043443,315.43766385801644,704.298063073085,293.17279879045174,210.4756450274808,515.0343737153298,576.4211124731665,472.8406553898352,753.5462023047463,617.0014287265022,113.78035136166532,600.9936162615292,866.9598166733784,185.627063249214,170.9164067636073,763.6970041149193
35,1128.34759618127,384.5545956499322,346.18629122382504,468.5016188202183,280.2894166153077,402.60627851097297,291.5601183504702,123.456892507707,340.1796296690499,372.5427663727695,609.8847121995386,329.2550985506359,431.1091574918035,126.17772501196416,488.78861312728986,142.94823061902963,239.4701311514592,15.02440904294862,241.08811158625147,80.70588532326482,485.7403914139,232.70457145452943,158.37015645374285,624.5865474101323,366.29106025204186,200.64284167570264,570.2486984955968,278.6519248442028,541.0345230979221,334.7173406959199,443.8303045357421,304.00510739214434,257.1290280695306,335.0325776189064,397.4687547241856,0.0,354.3492430685149,242.64586779544223,418.6934955408713,715.1952008221299,567.2579326364513,187.0385424471556,365.4133744079895,200.1530076476573,266.68247262504144,451.46460260030193,483.2470574655512,497.7122982177677,203.567804870882,499.3086784569434,506.0188962514497,372.3779514988889,568.3415378723375
36,1435.814339997837,180.08383762950945,597.9113216356734,822.8210074991945,522.546529848468,602.8394319769692,595.2915632247543,437.4210408839139,509.6207948269311,588.5907981255466,267.5148687990834,633.0738634178041,512.7998737914783,234.57171730260336,808.6231554357871,309.9444892683611,398.2344806081186,342.2644989927082,229.87120238550676,290.2102999435596,740.0292058068259,541.7862591468022,255.1356606895839,741.2212224021248,421.84752998725367,365.9120611803554,906.726461489006,631.1430298821873,845.2961135453738,507.0165826989077,521.2344714451832,519.1819656927098,450.7500974091087,685.8869739593355,539.6501939857701,354.3492430685149,0.0,224.66916970705176,719.4957233819682,1060.0928107577977,807.8847411952723,402.5345924389057,719.4030887413675,488.37646437706974,89.18513825707534,765.6736984256804,130.92186627897806,583.294192935149,408.3070507090495,736.519535970499,521.7140744073484,619.5347916149785,232.16998507252285
37,1222.119600758166,364.4326003592797,380.5494424590164,673.0621120809141,504.1770126062028,378.52199315094015,533.1982384715428,362.96138975765433,285.0007716748989,365.6759694283274,414.8790159459296,571.2482897854022,298.9478135467634,137.39168698478483,730.6908271144399,300.8652083017794,176.46008951890852,239.08328730343013,307.2017499844298,230.8931128821465,519.4106885822708,474.3249815826777,263.65344371277445,526.7746472681321,505.1723192887001,376.2880377872328,716.7890918687151,477.0523151169292,636.4850705499407,282.4816837761259,308.9686999993708,298.31777546224464,457.3910281991184,561.8083792998364,316.32355734043443,242.64586779544223,224.66916970705176,0.0,512.6969392829741,877.1038969999537,584.6411074325811,194.285726130521,568.5508141630933,435.96560508929423,158.0971301078436,693.9908393427528,319.1317049042957,371.7407329832578,402.6197350102651,728.9672203456885,331.55936173418286,400.42330832768505,453.73766934739706
38,717.8818942918335,796.1767333447393,149.4005977711932,321.84285619347736,587.0665789647397,223.771743904642,505.82909269209273,452.26119865729095,284.9535653810058,201.96353227829587,925.1227449177684,520.8925609466926,399.5468616504384,497.4508061998948,563.8819080056174,556.7373703679278,343.7270629164553,433.59926205947664,659.5665772896531,498.40107079300896,130.15456714346425,476.93929141374497,576.9342143847521,424.5422834562066,760.8072750236224,595.742975680411,226.5289496597644,244.92649568401757,126.0361757926916,282.5145490213063,407.17876828380486,233.34420227220608,614.98523920241,353.6354049489625,315.43766385801644,418.6934955408713,719.4957233819682,512.6969392829741,0.0,390.5284942239852,202.4733875814244,319.49438850996177,269.26226013457494,500.6085769028576,633.4314454070948,557.8888015666972,829.906501971978,410.18726142188746,577.3879241270643,728.9364943087046,500.3341792406062,144.70440220518634,950.75124351937
39,498.07001036068,1094.6062693577285,539.629328270625,290.4296596875853,749.2532829973363,609.7933360067609,633.5271175665047,684.8561769847881,675.3833929754134,591.5065817535605,1291.4153501039325,623.289565852171,788.287331192051,825.922554086058,544.7338266800567,823.6230140446614,722.0794039398291,729.3730041980765,940.8000932934292,792.7230280469596,472.8721148936969,642.0783843267469,862.154350871982,766.6020502997802,971.0378393157804,831.6714858725063,164.67369330426186,440.2837963449815,304.89825506984613,672.811970762478,795.1554025087953,621.4302317008403,811.0186060151257,446.8084247241054,704.298063073085,715.1952008221299,1060.0928107577977,877.1038969999537,390.5284942239852,0.0,490.5916997096812,684.8089190011577,367.2778063108788,691.9722336691029,970.949589982596,569.9810612285507,1181.9941887085588,790.8950330917205,796.709706184445,781.9867584020235,887.323139131865,534.6916390222846,1282.4786567327442
40,661.3088158451234,917.5104356564188,222.7496913464799,511.83454708605393,774.8435755381435,208.16764181800207,702.4401451109485,627.7005212099895,302.6647540933159,219.30135332592096,970.1040756428932,719.9731893449757,363.4367731542059,613.9910570950248,765.5713226408867,710.1817624895568,409.6948823468137,581.0609494107578,798.8159507781702,640.7313827636052,83.58678077852115,668.6729835183085,718.8890311981836,277.2611733722693,928.3824678981628,760.8216223255786,352.16425884822587,445.0673398040798,192.9968367719428,304.18448926203087,364.9022338799768,290.065482186673,792.9645916556613,556.0904859332919,293.17279879045174,567.2579326364513,807.8847411952723,584.6411074325811,202.4733875814244,490.5916997096812,0.0,416.0871898319734,470.6042707502117,685.3660542433911,730.3106967152526,760.3279636068179,899.3292555261372,336.4566440251802,749.6739041780652,928.9736683754666,444.1840948944391,197.2077023980608,1038.3535678494784
