,0,1,2,3,4,5,6,7,8,9,10,11,12,13,14,15,16,17,18,19,20,21,22,23,24,25,26,27,28,29,30,31,32,33,34,35,36,37,38,39,40,41,42,43,44,45,46,47,48,49,50,51,52
0,0.0,919.5,675.8,1341.7,1548.3,963.8,1426.8,1449.4,1410.0,1478.9,1205.8,939.2,840.0,1133.7,967.9,1240.4,807.8,646.5,805.1,1359.0,1443.8,1317.7,428.5,877.9,507.2,1100.4,643.0,920.4,997.6,1362.7,863.6,1042.7,507.9,1332.1,969.1,507.2,1146.4,1134.3,699.3,535.0,1112.5,1234.9,806.4,1534.4,1020.5,1514.4,667.3,1184.8,1051.2,681.5,692.3,721.3,1513.9
1,919.5,0.0,674.7,1004.7,969.7,144.6,1076.1,686.8,647.4,1128.2,833.3,462.5,407.7,817.1,851.7,1064.4,331.1,379.4,328.4,1008.3,1093.1,1141.7,803.7,401.2,711.9,723.8,517.4,850.6,106.3,600.1,420.7,280.1,762.1,569.5,516.8,711.9,649.3,611.6,486.0,697.6,936.5,472.3,564.3,914.1,776.9,947.3,500.9,422.2,678.4,388.4,243.6,244.6,865.4
2,675.8,674.7,0.0,665.9,872.5,791.1,751.0,1032.2,1071.6,803.1,530.0,691.8,411.2,506.9,292.1,564.6,491.8,460.5,557.7,683.2,768.0,641.9,247.3,630.5,419.1,488.8,349.7,244.6,752.8,1104.7,431.7,926.6,478.4,1074.1,620.7,419.1,733.3,721.2,415.9,140.8,436.7,976.9,276.0,858.6,344.7,838.6,327.6,778.8,463.8,641.9,757.7,473.9,838.1
3,1341.7,1004.7,665.9,0.0,452.9,886.3,337.8,612.6,652.0,389.9,207.6,802.9,772.3,300.2,396.0,151.7,745.6,855.0,802.9,263.6,354.8,229.0,913.2,844.5,919.4,418.5,825.3,449.0,957.4,699.3,637.9,835.6,978.7,714.4,653.4,919.4,434.6,422.5,891.5,806.7,229.2,780.6,579.5,439.0,388.8,419.0,803.2,582.5,393.5,1015.1,1075.0,816.3,418.5
4,1548.3,969.7,872.5,452.9,0.0,851.3,231.1,298.4,337.8,225.6,400.5,883.5,965.2,493.1,602.6,560.0,938.5,1047.9,979.4,265.0,248.1,518.1,1119.8,1021.0,1112.3,611.4,1018.2,658.7,922.4,385.1,830.8,800.6,1171.6,400.2,846.3,1112.3,627.5,615.4,1084.4,1013.3,583.1,512.9,772.4,55.6,589.3,58.7,996.1,695.5,586.4,1208.0,1040.0,1009.2,104.3
5,963.8,144.6,791.1,886.3,851.3,0.0,957.7,568.4,529.0,1009.8,714.9,491.8,524.1,778.1,812.7,984.5,447.5,495.8,444.8,889.9,974.7,1061.8,920.1,517.6,828.3,633.8,633.8,868.8,97.3,481.7,537.1,161.7,851.9,451.1,633.2,828.3,530.9,493.2,602.4,814.0,897.5,353.9,680.7,795.7,737.9,828.9,617.3,303.8,643.6,504.8,271.5,361.0,747.0
6,1426.8,1076.1,751.0,337.8,231.1,957.7,0.0,465.5,504.9,101.1,279.0,874.3,843.7,371.6,481.1,444.9,817.0,926.4,874.3,82.9,17.0,522.2,998.3,915.9,990.8,489.9,896.7,537.2,1028.8,552.2,709.3,907.0,1050.1,567.3,724.8,990.8,506.0,493.9,962.9,891.8,461.6,680.0,650.9,222.7,467.8,197.2,874.6,653.9,464.9,1086.5,1146.4,887.7,271.4
7,1449.4,686.8,1032.2,612.6,298.4,568.4,465.5,0.0,39.4,460.0,560.2,600.6,936.4,652.8,762.3,713.4,742.0,928.1,696.5,467.6,482.5,636.1,1279.5,738.1,1260.6,742.6,1066.1,818.4,639.5,86.7,831.1,517.7,1313.4,276.8,757.7,1260.6,639.7,602.0,1034.7,1173.0,742.8,214.5,932.1,242.8,749.0,276.0,1049.6,412.6,746.1,961.3,757.1,749.5,194.1
8,1410.0,647.4,1071.6,652.0,337.8,529.0,504.9,39.4,0.0,499.4,599.6,561.2,897.0,692.2,801.7,752.8,702.6,888.7,657.1,507.0,521.9,675.5,1313.0,698.7,1221.2,703.2,1026.7,857.8,600.1,47.3,791.7,478.3,1274.0,316.2,718.3,1221.2,600.3,562.6,995.3,1206.9,782.2,175.1,947.9,282.2,788.4,315.4,1010.2,373.2,713.0,921.9,717.7,710.1,233.5
9,1478.9,1128.2,803.1,389.9,225.6,1009.8,101.1,460.0,499.4,0.0,331.1,926.4,895.8,423.7,533.2,497.0,869.1,978.5,926.4,135.0,118.1,574.3,1050.4,968.0,1042.9,542.0,948.8,589.3,1080.9,546.7,761.4,959.1,1102.2,561.8,776.9,1042.9,558.1,546.0,1015.0,943.9,513.7,674.5,703.0,217.2,519.9,191.7,926.7,706.0,517.0,1138.6,1198.5,939.8,265.9
10,1205.8,833.3,530.0,207.6,400.5,714.9,279.0,560.2,599.6,331.1,0.0,631.5,622.7,150.6,260.1,305.8,574.2,705.4,631.5,211.2,296.0,383.1,777.3,673.1,769.8,268.9,675.7,316.2,786.0,646.9,488.3,664.2,829.1,662.0,482.0,769.8,263.2,251.1,741.9,670.8,240.6,609.2,429.9,386.6,246.8,366.6,653.6,411.1,243.9,843.7,903.6,644.9,366.1
11,939.2,462.5,691.8,802.9,883.5,491.8,874.3,600.6,561.2,926.4,631.5,0.0,415.6,623.4,658.0,870.7,235.8,396.5,164.9,806.5,891.3,948.0,820.8,206.5,729.0,479.1,534.5,657.2,540.6,513.9,326.0,441.1,781.8,483.3,322.6,729.0,449.1,437.0,503.1,714.7,742.8,386.1,482.2,827.9,583.2,861.1,518.0,330.4,465.3,429.7,545.5,217.9,779.2
12,840.0,407.7,411.2,772.3,965.2,524.1,843.7,936.4,897.0,895.8,622.7,415.6,0.0,538.1,572.7,785.4,194.4,193.5,281.5,775.9,860.7,862.7,540.6,354.3,456.2,448.6,264.7,571.6,485.8,849.7,134.4,659.6,515.5,819.1,326.0,456.2,516.6,504.5,238.4,434.1,657.5,721.9,277.6,951.3,497.9,931.3,237.4,562.1,399.4,374.9,490.7,206.9,930.8
13,1133.7,817.1,506.9,300.2,493.1,778.1,371.6,652.8,692.2,423.7,150.6,623.4,538.1,0.0,237.0,380.0,518.7,620.8,576.1,303.8,388.6,457.3,720.6,617.7,685.2,184.3,591.1,293.1,849.2,739.5,403.7,727.4,744.5,754.6,453.9,685.2,377.6,365.5,657.3,614.1,253.5,672.4,345.3,479.2,162.2,459.2,569.0,474.3,159.3,784.3,900.1,585.5,458.7
14,967.9,851.7,292.1,396.0,602.6,812.7,481.1,762.3,801.7,533.2,260.1,658.0,572.7,237.0,0.0,294.7,553.3,655.4,610.7,413.3,498.1,372.0,539.4,652.3,676.7,218.9,582.6,78.3,883.8,834.8,438.3,762.0,736.0,804.2,488.5,676.7,463.4,451.3,648.8,432.9,166.8,707.0,336.9,588.7,74.8,568.7,560.5,508.9,193.9,818.9,934.7,620.1,568.2
15,1240.4,1064.4,564.6,151.7,560.0,984.5,444.9,713.4,752.8,497.0,305.8,870.7,785.4,380.0,294.7,0.0,766.0,868.1,823.4,370.7,461.9,77.3,811.9,865.0,893.1,431.6,799.0,347.7,1055.6,800.1,651.0,933.8,952.4,815.2,701.2,893.1,532.8,520.7,865.2,705.4,127.9,878.8,553.2,539.8,287.5,526.1,776.9,680.7,406.6,1031.6,1147.4,832.8,519.3
16,807.8,331.1,491.8,745.6,938.5,447.5,817.0,742.0,702.6,869.1,574.2,235.8,194.4,518.7,553.3,766.0,0.0,201.9,116.7,749.2,834.0,843.3,621.2,189.5,534.4,421.8,339.9,552.2,409.2,655.3,132.2,582.5,593.7,624.7,215.1,534.4,391.8,379.7,308.5,514.7,638.1,527.5,275.8,924.6,478.5,904.6,321.0,437.3,380.0,298.3,414.1,86.5,904.1
17,646.5,379.4,460.5,855.0,1047.9,495.8,926.4,928.1,888.7,978.5,705.4,396.5,193.5,620.8,655.4,868.1,201.9,0.0,262.4,858.6,943.4,945.4,424.3,335.2,332.5,531.3,138.0,654.3,457.5,841.4,217.1,631.3,391.8,810.8,348.0,332.5,525.3,513.2,106.6,483.4,740.2,713.6,351.5,1034.0,580.6,1014.0,165.3,570.8,482.1,278.7,462.4,178.6,1013.5
18,805.1,328.4,557.7,802.9,979.4,444.8,874.3,696.5,657.1,926.4,631.5,164.9,281.5,576.1,610.7,823.4,116.7,262.4,0.0,806.5,891.3,900.7,686.7,103.6,594.9,479.1,400.4,609.6,406.5,609.8,219.3,537.0,647.7,579.2,272.5,594.9,449.1,437.0,369.0,580.6,695.5,482.0,362.9,923.8,535.9,957.0,383.9,426.3,437.4,295.6,411.4,83.8,875.1
19,1359.0,1008.3,683.2,263.6,265.0,889.9,82.9,467.6,507.0,135.0,211.2,806.5,775.9,303.8,413.3,370.7,749.2,858.6,806.5,0.0,99.9,448.0,930.5,848.1,923.0,422.1,828.9,469.4,961.0,554.3,641.5,839.2,982.3,569.4,657.0,923.0,438.2,426.1,895.1,824.0,393.8,682.1,583.1,256.6,400.0,231.1,806.8,586.1,397.1,1018.7,1078.6,819.9,273.5
20,1443.8,1093.1,768.0,354.8,248.1,974.7,17.0,482.5,521.9,118.1,296.0,891.3,860.7,388.6,498.1,461.9,834.0,943.4,891.3,99.9,0.0,539.2,1015.3,932.9,1007.8,506.9,913.7,554.2,1045.8,569.2,726.3,924.0,1067.1,584.3,741.8,1007.8,523.0,510.9,979.9,908.8,478.6,697.0,667.9,239.7,484.8,214.2,891.6,670.9,481.9,1103.5,1163.4,904.7,288.4
21,1317.7,1141.7,641.9,229.0,518.1,1061.8,522.2,636.1,675.5,574.3,383.1,948.0,862.7,457.3,372.0,77.3,843.3,945.4,900.7,448.0,539.2,0.0,889.2,942.3,970.4,508.9,876.3,425.0,1132.9,722.8,728.3,1011.1,1029.7,737.9,778.5,970.4,610.1,598.0,942.5,782.7,205.2,850.6,630.5,462.5,364.8,495.7,854.2,758.0,483.9,1108.9,1224.7,910.1,442.0
22,428.5,803.7,247.3,913.2,1119.8,920.1,998.3,1279.5,1313.0,1050.4,777.3,820.8,540.6,720.6,539.4,811.9,621.2,424.3,686.7,930.5,1015.3,889.2,0.0,759.5,171.8,699.4,286.3,491.9,881.8,1265.7,561.1,1055.6,231.1,1235.1,750.1,171.8,940.7,928.6,352.5,106.5,684.0,1137.9,405.4,1105.9,592.0,1085.9,310.6,986.2,650.2,649.2,751.5,602.9,1085.4
23,877.9,401.2,630.5,844.5,1021.0,517.6,915.9,738.1,698.7,968.0,673.1,206.5,354.3,617.7,652.3,865.0,189.5,335.2,103.6,848.1,932.9,942.3,759.5,0.0,667.7,520.7,473.2,651.2,479.3,651.4,292.1,578.6,720.5,620.8,314.1,667.7,490.7,478.6,441.8,653.4,737.1,523.6,435.7,965.4,577.5,998.6,456.7,467.9,479.0,368.4,484.2,156.6,916.7
24,507.2,711.9,419.1,919.4,1112.3,828.3,990.8,1260.6,1221.2,1042.9,769.8,729.0,456.2,685.2,676.7,893.1,534.4,332.5,594.9,923.0,1007.8,970.4,171.8,667.7,0.0,651.9,194.5,646.2,790.0,1173.9,479.8,930.1,59.3,1143.3,671.4,0.0,857.8,845.7,260.7,278.3,765.2,1046.1,357.9,1098.4,605.6,1078.4,218.8,903.3,602.7,557.4,579.7,511.1,1077.9
25,1100.4,723.8,488.8,418.5,611.4,633.8,489.9,742.6,703.2,542.0,268.9,479.1,448.6,184.3,218.9,431.6,421.8,531.3,479.1,422.1,506.9,508.9,699.4,520.7,651.9,0.0,557.8,275.0,704.9,655.9,314.2,583.1,711.2,625.3,316.0,651.9,284.5,272.4,576.2,592.9,303.7,528.1,311.0,597.5,144.1,577.5,535.7,330.0,69.8,691.0,806.8,492.2,577.0
26,643.0,517.4,349.7,825.3,1018.2,633.8,896.7,1066.1,1026.7,948.8,675.7,534.5,264.7,591.1,582.6,799.0,339.9,138.0,400.4,828.9,913.7,876.3,286.3,473.2,194.5,557.8,0.0,552.1,595.5,979.4,288.3,769.3,253.8,948.8,479.9,194.5,663.3,651.2,66.2,372.6,671.1,851.6,263.8,1004.3,511.5,984.3,27.3,708.8,508.6,362.9,564.1,316.6,983.8
27,920.4,850.6,244.6,449.0,658.7,868.8,537.2,818.4,857.8,589.3,316.2,657.2,571.6,293.1,78.3,347.7,552.2,654.3,609.6,469.4,554.2,425.0,491.9,651.2,646.2,275.0,552.1,0.0,928.7,890.9,437.2,818.1,705.5,860.3,487.4,646.2,519.5,507.4,618.3,385.4,219.8,763.1,306.4,644.8,130.9,624.8,530.0,565.0,250.0,817.8,933.6,619.0,624.3
28,997.6,106.3,752.8,957.4,922.4,97.3,1028.8,639.5,600.1,1080.9,786.0,540.6,485.8,849.2,883.8,1055.6,409.2,457.5,406.5,961.0,1045.8,1132.9,881.8,479.3,790.0,704.9,595.5,928.7,0.0,552.8,498.8,232.8,840.2,522.2,594.9,790.0,602.0,564.3,564.1,775.7,968.6,425.0,642.4,866.8,809.0,900.0,579.0,374.9,714.7,466.5,321.7,322.7,818.1
29,1362.7,600.1,1104.7,699.3,385.1,481.7,552.2,86.7,47.3,546.7,646.9,513.9,849.7,739.5,834.8,800.1,655.3,841.4,609.8,554.3,569.2,722.8,1265.7,651.4,1173.9,655.9,979.4,890.9,552.8,0.0,744.4,431.0,1226.7,313.0,671.0,1173.9,553.0,515.3,948.0,1159.6,829.5,127.8,900.6,329.5,760.0,362.7,962.9,325.9,665.7,874.6,670.4,662.8,280.8
30,863.6,420.7,431.7,637.9,830.8,537.1,709.3,831.1,791.7,761.4,488.3,326.0,134.4,403.7,438.3,651.0,132.2,217.1,219.3,641.5,726.3,728.3,561.1,292.1,479.8,314.2,288.3,437.2,498.8,744.4,0.0,671.6,539.1,713.8,191.6,479.8,382.2,370.1,262.0,454.6,523.1,616.6,204.0,816.9,363.5,796.9,261.0,427.7,265.0,387.9,503.7,189.1,796.4
31,1042.7,280.1,926.6,835.6,800.6,161.7,907.0,517.7,478.3,959.1,664.2,441.1,659.6,727.4,762.0,933.8,582.5,631.3,537.0,839.2,924.0,1011.1,1055.6,578.6,930.1,583.1,769.3,818.1,232.8,431.0,671.6,0.0,930.8,400.4,598.2,930.1,480.2,442.5,737.9,949.5,846.8,303.2,816.2,745.0,687.2,778.2,752.8,253.1,592.9,640.3,350.4,496.5,696.3
32,507.9,762.1,478.4,978.7,1171.6,851.9,1050.1,1313.4,1274.0,1102.2,829.1,781.8,515.5,744.5,736.0,952.4,593.7,391.8,647.7,982.3,1067.1,1029.7,231.1,720.5,59.3,711.2,253.8,705.5,840.2,1226.7,539.1,930.8,0.0,1196.1,730.7,59.3,917.1,905.0,320.0,337.6,824.5,1098.9,417.2,1157.7,664.9,1137.7,278.1,962.6,662.0,569.6,580.4,563.9,1137.2
33,1332.1,569.5,1074.1,714.4,400.2,451.1,567.3,276.8,316.2,561.8,662.0,483.3,819.1,754.6,804.2,815.2,624.7,810.8,579.2,569.4,584.3,737.9,1235.1,620.8,1143.3,625.3,948.8,860.3,522.2,313.0,713.8,400.4,1196.1,0.0,640.4,1143.3,522.4,484.7,917.4,1129.0,844.6,185.2,870.0,344.6,729.4,377.8,932.3,295.3,635.1,844.0,639.8,632.2,295.9
34,969.1,516.8,620.7,653.4,846.3,633.2,724.8,757.7,718.3,776.9,482.0,322.6,326.0,453.9,488.5,701.2,215.1,348.0,272.5,657.0,741.8,778.5,750.1,314.1,671.4,316.0,479.9,487.4,594.9,671.0,191.6,598.2,730.7,640.4,0.0,671.4,299.6,287.5,453.6,643.6,573.3,543.2,347.8,832.4,413.7,812.4,452.6,345.1,302.2,484.0,599.8,285.2,811.9
35,507.2,711.9,419.1,919.4,1112.3,828.3,990.8,1260.6,1221.2,1042.9,769.8,729.0,456.2,685.2,676.7,893.1,534.4,332.5,594.9,923.0,1007.8,970.4,171.8,667.7,0.0,651.9,194.5,646.2,790.0,1173.9,479.8,930.1,59.3,1143.3,671.4,0.0,857.8,845.7,260.7,278.3,765.2,1046.1,357.9,1098.4,605.6,1078.4,218.8,903.3,602.7,557.4,579.7,511.1,1077.9
36,1146.4,649.3,733.3,434.6,627.5,530.9,506.0,639.7,600.3,558.1,263.2,449.1,516.6,377.6,463.4,532.8,391.8,525.3,449.1,438.2,523.0,610.1,940.7,490.7,857.8,284.5,663.3,519.5,602.0,553.0,382.2,480.2,917.1,522.4,299.6,857.8,0.0,37.7,631.9,834.2,467.6,425.2,538.4,613.6,388.6,593.6,643.2,227.1,294.3,661.3,719.6,462.5,593.1
37,1134.3,611.6,721.2,422.5,615.4,493.2,493.9,602.0,562.6,546.0,251.1,437.0,504.5,365.5,451.3,520.7,379.7,513.2,437.0,426.1,510.9,598.0,928.6,478.6,845.7,272.4,651.2,507.4,564.3,515.3,370.1,442.5,905.0,484.7,287.5,845.7,37.7,0.0,619.8,822.1,455.5,387.5,526.3,601.5,376.5,581.5,631.1,189.4,282.2,649.2,681.9,450.4,581.0
38,699.3,486.0,415.9,891.5,1084.4,602.4,962.9,1034.7,995.3,1015.0,741.9,503.1,238.4,657.3,648.8,865.2,308.5,106.6,369.0,895.1,979.9,942.5,352.5,441.8,260.7,576.2,66.2,618.3,564.1,948.0,262.0,737.9,320.0,917.4,453.6,260.7,631.9,619.8,0.0,438.8,737.3,820.2,327.8,1070.5,577.7,1050.5,93.5,677.4,527.0,331.5,532.7,285.2,1050.0
39,535.0,697.6,140.8,806.7,1013.3,814.0,891.8,1173.0,1206.9,943.9,670.8,714.7,434.1,614.1,432.9,705.4,514.7,483.4,580.6,824.0,908.8,782.7,106.5,653.4,278.3,592.9,372.6,385.4,775.7,1159.6,454.6,949.5,337.6,1129.0,643.6,278.3,834.2,822.1,438.8,0.0,577.5,1031.8,298.9,999.4,485.5,979.4,350.5,879.7,543.7,664.8,780.6,496.8,978.9
40,1112.5,936.5,436.7,229.2,583.1,897.5,461.6,742.8,782.2,513.7,240.6,742.8,657.5,253.5,166.8,127.9,638.1,740.2,695.5,393.8,478.6,205.2,684.0,737.1,765.2,303.7,671.1,219.8,968.6,829.5,523.1,846.8,824.5,844.6,573.3,765.2,467.6,455.5,737.3,577.5,0.0,791.8,425.3,569.2,159.6,549.2,649.0,593.7,278.7,903.7,1019.5,704.9,548.7
41,1234.9,472.3,976.9,780.6,512.9,353.9,680.0,214.5,175.1,674.5,609.2,386.1,721.9,672.4,707.0,878.8,527.5,713.6,482.0,682.1,697.0,850.6,1137.9,523.6,1046.1,528.1,851.6,763.1,425.0,127.8,616.6,303.2,1098.9,185.2,543.2,1046.1,425.2,387.5,820.2,1031.8,791.8,0.0,772.8,457.3,632.2,490.5,835.1,198.1,537.9,746.8,542.6,535.0,408.6
42,806.4,564.3,276.0,579.5,772.4,680.7,650.9,932.1,947.9,703.0,429.9,482.2,277.6,345.3,336.9,553.2,275.8,351.5,362.9,583.1,667.9,630.5,405.4,435.7,357.9,311.0,263.8,306.4,642.4,900.6,204.0,816.2,417.2,870.0,347.8,357.9,538.4,526.3,327.8,298.9,425.3,772.8,0.0,758.5,265.7,738.5,241.7,583.9,261.8,531.5,647.3,332.7,738.0
43,1534.4,914.1,858.6,439.0,55.6,795.7,222.7,242.8,282.2,217.2,386.6,827.9,951.3,479.2,588.7,539.8,924.6,1034.0,923.8,256.6,239.7,462.5,1105.9,965.4,1098.4,597.5,1004.3,644.8,866.8,329.5,816.9,745.0,1157.7,344.6,832.4,1098.4,613.6,601.5,1070.5,999.4,569.2,457.3,758.5,0.0,575.4,50.3,982.2,639.9,572.5,1188.6,984.4,976.8,48.7
44,1020.5,776.9,344.7,388.8,589.3,737.9,467.8,749.0,788.4,519.9,246.8,583.2,497.9,162.2,74.8,287.5,478.5,580.6,535.9,400.0,484.8,364.8,592.0,577.5,605.6,144.1,511.5,130.9,809.0,760.0,363.5,687.2,664.9,729.4,413.7,605.6,388.6,376.5,577.7,485.5,159.6,632.2,265.7,575.4,0.0,555.4,489.4,434.1,119.1,744.1,859.9,545.3,554.9
45,1514.4,947.3,838.6,419.0,58.7,828.9,197.2,276.0,315.4,191.7,366.6,861.1,931.3,459.2,568.7,526.1,904.6,1014.0,957.0,231.1,214.2,495.7,1085.9,998.6,1078.4,577.5,984.3,624.8,900.0,362.7,796.9,778.2,1137.7,377.8,812.4,1078.4,593.6,581.5,1050.5,979.4,549.2,490.5,738.5,50.3,555.4,0.0,962.2,673.1,552.5,1174.1,1017.6,975.3,81.9
46,667.3,500.9,327.6,803.2,996.1,617.3,874.6,1049.6,1010.2,926.7,653.6,518.0,237.4,569.0,560.5,776.9,321.0,165.3,383.9,806.8,891.6,854.2,310.6,456.7,218.8,535.7,27.3,530.0,579.0,962.9,261.0,752.8,278.1,932.3,452.6,218.8,643.2,631.1,93.5,350.5,649.0,835.1,241.7,982.2,489.4,962.2,0.0,688.7,486.5,390.2,583.9,300.1,961.7
47,1184.8,422.2,778.8,582.5,695.5,303.8,653.9,412.6,373.2,706.0,411.1,330.4,562.1,474.3,508.9,680.7,437.3,570.8,426.3,586.1,670.9,758.0,986.2,467.9,903.3,330.0,708.8,565.0,374.9,325.9,427.7,253.1,962.6,295.3,345.1,903.3,227.1,189.4,677.4,879.7,593.7,198.1,583.9,639.9,434.1,673.1,688.7,0.0,339.8,691.1,492.5,479.3,591.2
48,1051.2,678.4,463.8,393.5,586.4,643.6,464.9,746.1,713.0,517.0,243.9,465.3,399.4,159.3,193.9,406.6,380.0,482.1,437.4,397.1,481.9,483.9,650.2,479.0,602.7,69.8,508.6,250.0,714.7,665.7,265.0,592.9,662.0,635.1,302.2,602.7,294.3,282.2,527.0,543.7,278.7,537.9,261.8,572.5,119.1,552.5,486.5,339.8,0.0,645.6,761.4,446.8,552.0
49,681.5,388.4,641.9,1015.1,1208.0,504.8,1086.5,961.3,921.9,1138.6,843.7,429.7,374.9,784.3,818.9,1031.6,298.3,278.7,295.6,1018.7,1103.5,1108.9,649.2,368.4,557.4,691.0,362.9,817.8,466.5,874.6,387.9,640.3,569.6,844.0,484.0,557.4,661.3,649.2,331.5,664.8,903.7,746.8,531.5,1188.6,744.1,1174.1,390.2,691.1,645.6,0.0,414.8,211.8,1139.9
50,692.3,243.6,757.7,1075.0,1040.0,271.5,1146.4,757.1,717.7,1198.5,903.6,545.5,490.7,900.1,934.7,1147.4,414.1,462.4,411.4,1078.6,1163.4,1224.7,751.5,484.2,579.7,806.8,564.1,933.6,321.7,670.4,503.7,350.4,580.4,639.8,599.8,579.7,719.6,681.9,532.7,780.6,1019.5,542.6,647.3,984.4,859.9,1017.6,583.9,492.5,761.4,414.8,0.0,327.6,935.7
51,721.3,244.6,473.9,816.3,1009.2,361.0,887.7,749.5,710.1,939.8,644.9,217.9,206.9,585.5,620.1,832.8,86.5,178.6,83.8,819.9,904.7,910.1,602.9,156.6,511.1,492.2,316.6,619.0,322.7,662.8,189.1,496.5,563.9,632.2,285.2,511.1,462.5,450.4,285.2,496.8,704.9,535.0,332.7,976.8,545.3,975.3,300.1,479.3,446.8,211.8,327.6,0.0,928.1
52,1513.9,865.4,838.1,418.5,104.3,747.0,271.4,194.1,233.5,265.9,366.1,779.2,930.8,458.7,568.2,519.3,904.1,1013.5,875.1,273.5,288.4,442.0,1085.4,916.7,1077.9,577.0,983.8,624.3,818.1,280.8,796.4,696.3,1137.2,295.9,811.9,1077.9,593.1,581.0,1050.0,978.9,548.7,408.6,738.0,48.7,554.9,81.9,961.7,591.2,552.0,1139.9,935.7,928.1,0.0
