,0,1,2,3,4,5,6,7,8,9,10,11,12,13,14,15,16,17,18,19,20,21,22,23,24,25,26,27,28,29,30,31,32,33,34,35,36,37,38,39,40,41,42,43,44,45,46,47
0,0.0,1375.7648733344608,1317.0447978612,1421.4292996741517,982.45477874051,1574.3862972233742,1139.0785122745992,564.7291120752682,583.1604786867431,807.7191702710371,1281.0701085173807,1309.6572994848616,1567.5205900713486,536.9778507892711,1055.2164337668924,1015.4230008833008,661.5784798444381,1229.5926017194597,584.2378880953659,955.019052322106,1501.0900896312858,958.5756360005124,1528.5602440066384,873.9530890532976,1383.777298464011,784.2535503835325,695.4880632159953,596.8226385394146,1448.2945508625496,626.2848891108332,663.0281631262604,1087.360816744255,822.2930378220861,1528.0830740449985,928.6589236761376,1614.0715824234017,1438.4648492488975,873.0146491919542,1431.0662557167752,1358.484045864726,1148.8692222830662,1224.391474822311,664.1387045807052,522.7780985256064,1067.135683257721,1514.4293041309554,822.8731071824103,1667.6765190679764
1,1375.7648733344608,0.0,394.4175871768696,76.63448535837216,458.0701745715035,402.13518303091104,352.9748098668172,853.2774715086586,838.6314400208257,635.4233891544815,287.8065935886703,212.86623586924784,252.22133608866903,929.7999912667678,404.4514969315471,430.2970636341804,732.3346880984267,485.9823096351548,863.2980740809878,508.1488322586304,256.11903128526944,477.7388333627923,221.61674764532555,531.5425499866262,115.4222346941183,822.3705439577669,682.8035657334952,824.6255003570349,106.15367167822647,827.5787483728502,812.8525532383587,321.87367563823994,555.9541295055133,312.342740000905,507.2876120739168,362.0730919139779,151.27099275119195,535.1932728379915,80.35835234930254,317.40341564969015,230.51330876925567,346.7461761067399,891.683572793837,853.2521783374038,616.6004690043819,268.5301021029504,587.7797032147491,326.83418665433817
2,1317.0447978612,394.4175871768696,0.0,352.5721283601513,349.38194213578055,795.5520381829668,632.0250263325989,905.3862818007348,897.250563007221,765.7336091444168,638.5108456090329,183.7152376429058,626.5337556864257,999.7796121081489,280.6378517879981,319.61735393629084,781.9232894866234,816.2150166043787,737.62973314775,365.01106213593,649.0458944517102,371.7625886299987,331.36569782302035,464.7358331862167,287.2045332743405,597.2902985540616,659.4654531981877,886.0064644808411,350.48389252081114,695.5338804750396,663.7609378523881,536.1926990651023,607.3333549668592,256.18543591849027,673.8382402144051,335.8662426493468,291.5459642862264,463.2202222808097,359.7993181431806,693.0161879853566,358.8342614410158,112.19142200279336,702.8060495658918,836.0522315596833,887.7406138422067,660.7016779560041,505.661621292232,452.85766040034656
3,1421.4292996741517,76.63448535837216,352.5721283601513,0.0,477.09631777995327,447.6429878983188,428.1080332048543,910.5293103438452,896.5767283643532,699.7162123232866,363.4599473581179,183.6704148704028,274.2436888727442,990.1338950117272,415.84696671614046,446.7430354804131,787.5879378535616,562.0000940551646,893.0410576056024,523.9323899521653,301.77866124403914,498.62312910548616,145.43217940220526,562.5205683580632,66.93592129344478,832.5817881729702,726.1153537930207,882.7694147757154,31.089842263203025,855.5851885441627,837.5153110458625,389.286969414721,607.5721245247191,237.79247892184176,573.7208869576901,285.44096948855264,78.90310730589607,565.4200556938596,10.255075901219628,387.9555062193042,272.96674018320186,325.732766826568,910.2119524592614,900.6227478314596,692.7766968651541,312.2241153312456,618.3840264077295,259.4471987602517
4,982.45477874051,458.0701745715035,349.38194213578055,477.09631777995327,0.0,803.5205323603091,460.11904295627625,559.1212346890427,552.2103250244492,452.7519661308372,543.3117841097941,332.3614334532553,702.0298419308019,654.8303158695716,72.81522723497295,33.1048331098958,438.22436453219694,656.396877695121,421.969657149104,53.07635896805533,675.1895220707859,23.8898993129412,557.5061394708171,115.36170250384288,424.5432647429228,367.84396030116767,310.1039507925841,541.7305558451661,497.8592508573358,382.5090709541295,361.3833783100373,344.89351416152766,276.66996890601325,545.8966485463162,396.9824661288117,632.0760443465987,472.58796904999065,114.0543301039178,487.34946738821947,624.1909093876533,245.39507944137657,245.6180011705294,434.0983046342381,487.5953341600914,655.9951909669295,689.6651853837463,160.11690820732312,698.3229150030055
5,1574.3862972233742,402.13518303091104,795.5520381829668,447.6429878983188,803.5205323603091,0.0,436.98737819811487,1011.447844144417,993.4256552963516,767.5593867090363,297.051335201154,615.0007047561694,198.73783616136637,1059.1968308138453,768.4815573411884,783.2770824621035,915.4497553765768,383.11798580938586,1152.43354934904,856.5909637035296,146.53326043230746,817.471638497663,540.4512577017401,840.1652104403015,509.659878680505,1168.354700979593,932.2446758558148,979.3891376451212,458.6285264763089,1124.383759577024,1120.98850731725,512.1745064510503,782.0841753540103,658.146650122218,646.4757321220816,667.8697536552522,521.36494555356,845.6684225218299,442.33181505444304,216.06856878115877,559.117191428542,746.0247390738012,1214.3862055545917,1069.1579791867473,573.0452492539844,135.43144863275757,892.3289705162528,548.6460560434177
6,1139.0785122745992,352.9748098668172,632.0250263325989,428.1080332048543,460.11904295627625,436.98737819811487,0.0,579.1069232716862,561.570777790093,336.5500255279384,142.09484159425446,469.9221573726024,447.96634700117056,635.7156271702587,459.04453860600574,453.8439412788792,478.7311924293246,197.7506527131872,733.2146343297751,508.7894194450676,368.8263574308008,464.6037539949065,573.4261131109827,452.4691946239451,440.75612081051474,791.1258887920641,503.9771423694151,547.3346927634311,458.63149230103386,710.0114365059834,713.599874086214,115.31866443604451,352.6271069355879,650.6165864082194,210.4402178964998,711.0486535371069,493.2646071442409,458.92196671437046,433.02674828042,221.22906539281263,276.2481495144754,534.4004357945546,813.7907527239406,632.4814369810886,267.9331230029411,381.06954911044136,496.0085103168501,675.7568827492419
7,564.7291120752682,853.2774715086586,905.3862818007348,910.5293103438452,559.1212346890427,1011.447844144417,579.1069232716862,0.0,18.66778143880005,243.8903239945581,721.0610656231911,839.0539707853321,1018.6074990587388,97.09702778167964,624.9099492049984,586.7021915369688,125.98636357854424,666.516489426371,388.3439287662082,558.6318875192327,945.992315519961,538.7638021069855,1036.3043906539162,446.1997740538537,886.286175793488,596.2316103566403,260.76313532211265,32.11761342791879,940.0825021117116,402.6961620458985,438.8684585488572,542.3188741967087,309.54071163849545,1063.664056296969,369.6563710983469,1145.1993885104202,944.2322951622548,449.196328969514,919.2227276583392,796.0920131529697,642.6985399668205,796.2400552873358,526.5913286033747,155.7120497144846,514.3774128184375,958.7815842059996,419.3779978220573,1168.1092972245924
8,583.1604786867431,838.6314400208257,897.250563007221,896.5767283643532,552.2103250244492,993.4256552963516,561.570777790093,18.66778143880005,0.0,225.92578264778103,703.4554418960462,827.7828416938693,1001.8919899416568,102.65068551124858,617.0602019744799,579.2245772636245,115.7066793630984,647.8809083360974,396.9676279645512,553.4064851828743,928.793236363251,532.2625098343294,1023.318136863358,440.1920537926743,873.2377324272763,601.1254560652761,258.2066711518695,14.32536774105978,926.258328423439,409.6198699595611,444.87507807836806,526.392320488806,298.11420470594703,1052.234416140991,352.4504785393468,1133.3834554600269,931.2786612944304,443.4257697945641,905.1952824421344,778.1730167222535,629.6814227374189,787.613060554035,534.5726223004549,166.53584810907202,495.8900101752543,941.5288458210651,415.4612494533143,1154.5194577663729
9,807.7191702710371,635.4233891544815,765.7336091444168,699.7162123232866,452.7519661308372,767.5593867090363,336.5500255279384,243.8903239945581,225.92578264778103,0.0,478.0692555425076,661.3699289637204,780.6223548684658,301.03384434648103,500.7629845386917,470.3236950438852,163.69243973222132,430.7463445022024,496.8483052923292,475.14586003873126,704.8999894714018,439.8761878789997,835.061862020409,365.3590702653736,686.1408362639678,640.8872040761053,271.2371821332266,211.8461105423598,730.3909267424403,489.9398853813664,511.1177561633737,314.64076724663283,180.8287207945193,880.204506702122,131.13100228853767,956.295074269897,744.4025558072246,371.1477891853759,707.4856809217482,552.2474486610942,448.4462984245253,653.5739827343556,614.7944452466202,326.47889980588053,305.12339149388964,717.3733738563726,371.0194903213649,959.1335962121572
10,1281.0701085173807,287.8065935886703,638.5108456090329,363.4599473581179,543.3117841097941,297.051335201154,142.09484159425446,721.0610656231911,703.4554418960462,478.0692555425076,0.0,459.5352892444772,315.5593890255865,775.9366027276996,524.625313224791,529.5359915368537,620.3310555462735,198.84585607729576,860.356963169628,595.4055790177325,230.47444977726371,552.9297610108853,504.9364127937735,559.762451406952,396.398755393634,896.0442275408467,636.5133881663479,689.2397651111526,390.74396801775856,834.2514955487936,833.8960174020704,219.8717974348218,485.7716295553796,600.1089761300375,352.5023125493457,647.0734034675731,438.91028607504296,565.7606700580782,365.3104876654875,85.36465935449819,316.3262121008642,556.8792968732722,930.7941130288368,772.4273023838695,351.5115962191556,241.8462854909864,608.7277159806083,585.7022425642062
11,1309.6572994848616,212.86623586924784,183.7152376429058,183.6704148704028,332.3614334532553,615.0007047561694,469.9221573726024,839.0539707853321,827.7828416938693,661.3699289637204,459.5352892444772,0.0,455.14535251337,927.6113179154114,262.28779354358875,299.4851806888156,713.0761955556845,644.144191979983,754.0717146784136,371.2876402323053,468.8850170647504,355.9133183973933,226.1473188464832,435.8138213247796,117.1557682993562,665.8058863127703,620.2591407181305,815.0078837676615,191.50730368661036,714.1465099894389,690.6851617993818,388.50707690477776,529.6746662825399,224.76229359240483,551.3064380809963,308.01497647609006,147.91642699105566,437.0099834016344,192.66624061406148,510.3963619483158,216.7163062488396,142.36398529132953,753.0588156432456,800.204255332674,734.367385905173,481.0998478152095,488.2874297542485,366.7394905012763
12,1567.5205900713486,252.22133608866903,626.5337556864257,274.2436888727442,702.0298419308019,198.73783616136637,447.96634700117056,1018.6074990587388,1001.8919899416568,780.6223548684658,315.5593890255865,455.14535251337,0.0,1081.4965909873777,653.4238506089476,676.3609060885793,907.8918952025244,480.4607808420303,1090.731721070821,753.649958451943,94.65006701333078,719.9896334714141,345.72014628337143,762.5673294355892,340.6901080807986,1069.2221215871325,890.2121425276987,987.5666231127318,277.564917360964,1057.7380424786463,1047.24991550476,480.2093808058943,748.5740355443149,464.2063837527355,650.3245063015526,469.5561816189584,339.53688401768227,767.0558741903453,266.7498038229431,273.2990363880471,461.0218464770291,594.859328206232,1131.8375180961305,1047.673489163163,658.5536036985228,90.8483964547686,818.0833824949816,351.4177701126985
13,536.9778507892711,929.7999912667678,999.7796121081489,990.1338950117272,654.8303158695716,1059.1968308138453,635.7156271702587,97.09702778167964,102.65068551124858,301.03384434648103,775.9366027276996,927.6113179154114,1081.4965909873777,0.0,719.6710092915225,681.8729997214207,217.9188350178944,698.6536808599432,468.3257559037088,655.4063147771008,1004.5418233142948,634.8018224483386,1119.549664678167,542.5591195716981,969.4453217790972,684.5328899896435,357.8076718353614,113.85840223262682,1020.1913023134362,487.2683154917574,525.3925076169793,612.7122892138196,398.4971813445269,1151.69576192325,431.97446200342296,1232.129833842616,1027.6702831760642,545.6933422843227,998.4941057689248,846.3247884622739,726.3072074129383,889.9753483454913,607.3848000590185,234.79829952881784,530.5496556321154,1016.7379122061036,516.4563813852577,1248.9640973371324
14,1055.2164337668924,404.4514969315471,280.6378517879981,415.84696671614046,72.81522723497295,768.4815573411884,459.04453860600574,624.9099492049984,617.0602019744799,500.7629845386917,524.625313224791,262.28779354358875,653.4238506089476,719.6710092915225,0.0,40.23621039846718,502.0211200941216,656.7842164994588,492.066559690039,109.5679198996436,634.5064926224304,96.66181497693265,488.2511849551481,186.35093310990788,359.8753963937853,418.3138600069191,380.55042543620345,606.0302399314866,434.6210237291178,451.9316539682046,428.5996161065904,344.90238671798875,331.8262439795963,473.3425235512993,429.35770025520935,559.5837137028756,405.3305568069048,185.7074004108705,426.0783343347805,601.5744687012932,211.75091954644208,174.02286866256554,495.10987770067646,559.0904026654863,677.0290503182403,648.7672279964407,232.90134206565864,628.9697539951342
15,1015.4230008833008,430.2970636341804,319.61735393629084,446.7430354804131,33.1048331098958,783.2770824621035,453.8439412788792,586.7021915369688,579.2245772636245,470.3236950438852,529.5359915368537,299.4851806888156,676.3609060885793,681.8729997214207,40.23621039846718,0.0,464.5530465540797,651.2089375481709,454.6603581474589,77.87574762059242,652.5666483976172,56.967413540654135,524.8563092289411,146.23017450492694,393.08531043223655,392.8849412918802,340.6468226641974,568.4134939874434,466.88780076193547,414.994993605964,393.13445246170335,338.6273910326049,297.75497922182683,512.8418341051419,406.37699496110525,599.0042976577865,440.4230596555539,145.49609825379983,456.99770237744127,608.8951122922903,224.15990906465413,214.0630527314956,463.57675056546105,518.9583005083842,660.389133328699,666.9718135980947,192.8386572205975,665.6682065643699
16,661.5784798444381,732.3346880984267,781.9232894866234,787.5879378535616,438.22436453219694,915.4497553765768,478.7311924293246,125.98636357854424,115.7066793630984,163.69243973222132,620.3310555462735,713.0761955556845,907.8918952025244,217.9188350178944,502.0211200941216,464.5530465540797,0.0,592.7697096741268,350.3801851727408,442.2121270937917,839.6350903713935,418.88226100187234,911.5173366518306,327.9015818906724,761.6382796210869,526.8499631122247,159.34798517599734,104.0881484379497,816.8264238789233,351.61292167231704,380.13639042565416,428.1587650479535,183.69519283245464,937.7049148225424,269.13920339146904,1019.3584542728591,819.4284566975164,331.56963360659523,796.4550410367033,699.4041980274022,518.1514376352931,672.0580117724984,479.2888421053256,162.84590332919882,466.0580328749902,852.9162475067454,308.17263865949377,1044.2655637740718
17,1229.5926017194597,485.9823096351548,816.2150166043787,562.0000940551646,656.396877695121,383.11798580938586,197.7506527131872,666.516489426371,647.8809083360974,430.7463445022024,198.84585607729576,644.144191979983,480.4607808420303,698.6536808599432,656.7842164994588,651.2089375481709,592.7697096741268,0.0,892.8401771366889,703.9795432113851,386.3551069775274,659.6730687589256,703.7755800622144,639.3228623804024,591.967097854798,975.5026831878172,657.8065246968862,634.7471624081404,589.532786315302,874.8498495658333,883.9481617444565,312.6191865339919,511.48505153459433,797.9004718411338,338.8261432372832,845.9187968955805,636.6568183472723,645.9530489287682,564.0465727334438,207.50892315427123,468.3339891110637,724.2904577590429,986.9168887469232,755.1700991381737,189.93594426720648,393.02678643825385,677.98643649823,780.8900420305624
18,584.2378880953659,863.2980740809878,737.62973314775,893.0410576056024,421.969657149104,1152.43354934904,733.2146343297751,388.3439287662082,396.9676279645512,496.8483052923292,860.356963169628,754.0717146784136,1090.731721070821,468.3257559037088,492.066559690039,454.6603581474589,350.3801851727408,892.8401771366889,0.0,384.7381534575589,1045.159381010898,398.7298092547627,979.4744060612422,331.78867391217426,844.4409693556618,230.81890981109729,235.3457785605945,397.7304182676593,915.9393010605204,42.22677489646016,80.34818903299,641.0515422808104,382.9086330742832,962.2325330852138,554.69707080675,1048.5807465060077,894.0718604710501,328.32039583383266,903.2125443447908,945.5805552809704,634.2372495328525,651.9118357892423,139.05959050735902,234.2393829184213,799.6988171936669,1059.6240731912358,275.55426682536233,1120.2911748289168
19,955.019052322106,508.1488322586304,365.01106213593,523.9323899521653,53.07635896805533,856.5909637035296,508.7894194450676,558.6318875192327,553.4064851828743,475.14586003873126,595.4055790177325,371.2876402323053,753.649958451943,655.4063147771008,109.5679198996436,77.87574762059242,442.2121270937917,703.9795432113851,384.7381534575589,0.0,727.9602561647387,44.316290505008304,597.4087013880551,114.93061124547395,469.1024009325888,315.6598228499819,301.7728404814106,543.9205841634887,543.486596729492,344.003893690113,319.4066779581468,393.93038708407903,295.1319667748576,577.7624331754051,431.7162644673396,664.1316605455742,514.8970657272463,110.7766542554988,534.1828313400395,676.6808725737081,298.2931564505777,269.5212150692937,386.2992346472841,473.4629658844921,695.1839011543423,742.4216356379869,142.93360867954968,738.0208089142014
20,1501.0900896312858,256.11903128526944,649.0458944517102,301.77866124403914,675.1895220707859,146.53326043230746,368.8263574308008,945.992315519961,928.793236363251,704.8999894714018,230.47444977726371,468.8850170647504,94.65006701333078,1004.5418233142948,634.5064926224304,652.5666483976172,839.6350903713935,386.3551069775274,1045.159381010898,727.9602561647387,0.0,690.9579981699833,403.1826973459833,723.1135374253744,363.1945059159484,1042.6268969521827,835.0637618345263,914.4964532113546,314.2742758040197,1014.3618600224688,1007.2612461569736,416.66811933257577,688.9737670605671,519.0345906801575,576.3508019078843,536.8216518459856,376.72684575923313,728.149532067513,296.85119755684934,179.85350522239122,429.88015021358376,601.4854077948621,1096.550699928067,985.1082743248336,566.4103980465856,14.575112479399454,777.2857493675043,432.1138146221053
21,958.5756360005124,477.7388333627923,371.7625886299987,498.62312910548616,23.8898993129412,817.471638497663,464.6037539949065,538.7638021069855,532.2625098343294,439.8761878789997,552.9297610108853,355.9133183973933,719.9896334714141,634.8018224483386,96.66181497693265,56.967413540654135,418.88226100187234,659.6730687589256,398.7298092547627,44.316290505008304,690.9579981699833,0.0,580.8246548792689,93.3388480401873,446.9234884602427,351.70180345325093,287.808809280392,522.0284027928667,519.8400833945545,359.5047751856765,339.1510224863836,349.8456497104154,261.76476803549,569.7855223200803,390.341334052656,655.9616892725732,495.5065663217081,91.48870695494298,508.86983011658606,634.7603727326122,261.1931450274969,268.9664485100133,413.94971448250766,464.64010360437175,652.3570975663142,705.4729256713546,136.38003782783872,721.6359745924526
22,1528.5602440066384,221.61674764532555,331.36569782302035,145.43217940220526,557.5061394708171,540.4512577017401,573.4261131109827,1036.3043906539162,1023.318136863358,835.061862020409,504.9364127937735,226.1473188464832,345.72014628337143,1119.549664678167,488.2511849551481,524.8563092289411,911.5173366518306,703.7755800622144,979.4744060612422,597.4087013880551,403.1826973459833,580.8246548792689,0.0,657.0789699353281,150.118214257974,888.250743976422,834.713240847148,1009.8343073214772,115.50582802548723,939.8262039572824,916.782981263306,529.5620407007534,728.6699243593459,118.5632765282021,711.9380525233428,142.3065561220678,92.08888755652951,658.830393530096,141.33164704938434,520.5603931147095,393.6391775452738,352.41714509958786,978.46624930573,1013.0751049103744,838.1521123931888,410.1464539973046,710.9509739236631,140.8168039060253
23,873.9530890532976,531.5425499866262,464.7358331862167,562.5205683580632,115.36170250384288,840.1652104403015,452.4691946239451,446.1997740538537,440.1920537926743,365.3590702653736,559.762451406952,435.8138213247796,762.5673294355892,542.5591195716981,186.35093310990788,146.23017450492694,327.9015818906724,639.3228623804024,331.78867391217426,114.93061124547395,723.1135374253744,93.3388480401873,657.0789699353281,0.0,516.7232538205541,338.7569846138604,194.7427566828432,430.3052640292007,586.3761946570398,296.3250436639784,284.8117483382765,343.45443957017505,184.53871966519372,654.9484929543654,338.05530550753133,740.6296327409907,568.791255952968,6.720137393153999,572.6314835942848,644.3763938459892,303.1839887464407,360.29271052579554,374.3247710719177,372.74015331200616,606.2727445393411,737.6812511158026,56.23843708200479,797.3504995717632
24,1383.777298464011,115.4222346941183,287.2045332743405,66.93592129344478,424.5432647429228,509.659878680505,440.75612081051474,886.286175793488,873.2377324272763,686.1408362639678,396.398755393634,117.1557682993562,340.6901080807986,969.4453217790972,359.8753963937853,393.08531043223655,761.6382796210869,591.967097854798,844.4409693556618,469.1024009325888,363.1945059159484,446.9234884602427,150.118214257974,516.7232538205541,0.0,773.596729551489,688.6742340025893,859.738590132999,76.13639036976491,805.9946623361875,785.9244740741952,384.8170165399372,579.0582172394004,209.90027168276964,564.6529135289496,274.26653497735566,58.35026341367948,519.0669381912959,75.60341873945278,431.96561715424286,243.588002305635,259.4789909385634,854.9656154638768,865.9320040886275,708.4998643365892,374.3860855271379,571.8277985215735,284.65093018047594
25,784.2535503835325,822.3705439577669,597.2902985540616,832.5817881729702,367.84396030116767,1168.354700979593,791.1258887920641,596.2316103566403,601.1254560652761,640.8872040761053,896.0442275408467,665.8058863127703,1069.2221215871325,684.5328899896435,418.3138600069191,392.8849412918802,526.8499631122247,975.5026831878172,230.81890981109729,315.6598228499819,1042.6268969521827,351.70180345325093,888.250743976422,338.7569846138604,773.596729551489,0.0,374.1114359046207,598.6469659019199,849.4310468470919,200.67937096425547,160.07309848385466,681.8702888672286,481.15929448407405,845.2751845672392,656.7889696673951,929.312027623616,813.5270318705403,332.3788620404039,842.7506341920277,979.8512717509587,612.7736096866602,537.5544071146774,120.457090054363,451.10983842507295,922.7340902764746,1057.1336990020125,297.610798798912,1025.901602731314
26,695.4880632159953,682.8035657334952,659.4654531981877,726.1153537930207,310.1039507925841,932.2446758558148,503.9771423694151,260.76313532211265,258.2066711518695,271.2371821332266,636.5133881663479,620.2591407181305,890.2121425276987,357.8076718353614,380.55042543620345,340.6468226641974,159.34798517599734,657.8065246968862,235.3457785605945,301.7728404814106,835.0637618345263,287.808809280392,834.713240847148,194.7427566828432,688.6742340025893,374.1114359046207,0.0,250.79680529326723,752.8237975549417,221.61494595738407,240.07075509819032,420.9207186557132,151.36383380073394,843.0277066653298,319.3893627012904,927.7968065665378,743.9427555933088,196.32343280547556,735.8084652335448,720.9336017895498,454.0541914995252,554.5644970226011,344.14763083348424,180.16698855003423,568.1854134069916,849.2363027357451,159.8617512828114,973.0081557584466
27,596.8226385394146,824.6255003570349,886.0064644808411,882.7694147757154,541.7305558451661,979.3891376451212,547.3346927634311,32.11761342791879,14.32536774105978,211.8461105423598,689.2397651111526,815.0078837676615,987.5666231127318,113.85840223262682,606.0302399314866,568.4134939874434,104.0881484379497,634.7471624081404,397.7304182676593,543.9205841634887,914.4964532113546,522.0284027928667,1009.8343073214772,430.3052640292007,859.738590132999,598.6469659019199,250.79680529326723,0.0,912.4905084307932,408.9438078621296,443.4114213055615,512.1293102845351,285.42070494683173,1039.372594665546,338.1496783659088,1120.3533229902607,917.8111102486208,433.6787264794355,891.3644257504332,764.0791662022599,616.2134379223138,776.126386860321,534.6458220954795,169.94951709162774,484.19783345851374,927.2393812651394,406.8891056098291,1140.820685181172
28,1448.2945508625496,106.15367167822647,350.48389252081114,31.089842263203025,497.8592508573358,458.6285264763089,458.63149230103386,940.0825021117116,926.258328423439,730.3909267424403,390.74396801775856,191.50730368661036,277.564917360964,1020.1913023134362,434.6210237291178,466.88780076193547,816.8264238789233,589.532786315302,915.9393010605204,543.486596729492,314.2742758040197,519.8400833945545,115.50582802548723,586.3761946570398,76.13639036976491,849.4310468470919,752.8237975549417,912.4905084307932,0.0,878.025767643529,858.9874059830161,420.3086320410271,636.2486631604712,213.7939935436065,604.633049486588,256.68751889797363,62.804602109251775,589.0626818059768,25.825916212026108,411.4817496792502,300.83620059865643,333.6486195327021,929.6702437358172,928.1299620838032,722.7514040295516,323.74527924349945,641.9920883312554,228.9588359883141
29,626.2848891108332,827.5787483728502,695.5338804750396,855.5851885441627,382.5090709541295,1124.383759577024,710.0114365059834,402.6961620458985,409.6198699595611,489.9398853813664,834.2514955487936,714.1465099894389,1057.7380424786463,487.2683154917574,451.9316539682046,414.994993605964,351.61292167231704,874.8498495658333,42.22677489646016,344.003893690113,1014.3618600224688,359.5047751856765,939.8262039572824,296.3250436639784,805.9946623361875,200.67937096425547,221.61494595738407,408.9438078621296,878.025767643529,0.0,42.05004837104188,614.4571157741128,363.4019256802966,921.0975056787707,538.4218107708922,1007.4230427777982,855.0105756656069,292.4487999412024,865.7831817349653,919.5989132865584,599.4685508541377,610.4214728231334,127.70852529198692,252.6003176482548,789.6747720397047,1028.8708575553212,240.22084333934276,1080.6275279850188
30,663.0281631262604,812.8525532383587,663.7609378523881,837.5153110458625,361.3833783100373,1120.98850731725,713.599874086214,438.8684585488572,444.87507807836806,511.1177561633737,833.8960174020704,690.6851617993818,1047.24991550476,525.3925076169793,428.5996161065904,393.13445246170335,380.13639042565416,883.9481617444565,80.34818903299,319.4066779581468,1007.2612461569736,339.1510224863836,916.782981263306,284.8117483382765,785.9244740741952,160.07309848385466,240.07075509819032,443.4114213055615,858.9874059830161,42.05004837104188,0.0,614.1383023169343,373.3814044241322,893.7764097860604,550.4680321280755,979.9602581889708,833.4806751134261,280.207445828571,847.7513386910202,919.2274009777232,587.0065639940507,582.1114571089761,104.52350643441544,291.3331731278873,806.9530972972077,1021.814665225386,229.9872602502564,1057.4231830770948
31,1087.360816744255,321.87367563823994,536.1926990651023,389.286969414721,344.89351416152766,512.1745064510503,115.31866443604451,542.3188741967087,526.392320488806,314.64076724663283,219.8717974348218,388.50707690477776,480.2093808058943,612.7122892138196,344.90238671798875,338.6273910326049,428.1587650479535,312.6191865339919,641.0515422808104,393.93038708407903,416.66811933257577,349.8456497104154,529.5620407007534,343.45443957017505,384.8170165399372,681.8702888672286,420.9207186557132,512.1293102845351,420.3086320410271,614.4571157741128,614.1383023169343,0.0,272.6574105013098,589.8076362321415,185.4481021294077,659.0183815704263,441.7857166331577,349.7027915471541,396.3963409875195,305.2363708281683,177.6745778856231,432.9730661861334,711.6705039989863,568.8086018337433,351.5557873559092,430.5468265588664,390.3529345603838,647.6852787229378
32,822.2930378220861,555.9541295055133,607.3333549668592,607.5721245247191,276.66996890601325,782.0841753540103,352.6271069355879,309.54071163849545,298.11420470594703,180.8287207945193,485.7716295553796,529.6746662825399,748.5740355443149,398.4971813445269,331.8262439795963,297.75497922182683,183.69519283245464,511.48505153459433,382.9086330742832,295.1319667748576,688.9737670605671,261.76476803549,728.6699243593459,184.53871966519372,579.0582172394004,481.15929448407405,151.36383380073394,285.42070494683173,636.2486631604712,363.4019256802966,373.3814044241322,272.6574105013098,0.0,754.1857079461272,177.70371842937345,835.6755252628465,636.6048242915749,190.3648075836456,616.7018308255495,569.9202314829622,336.0871565387328,495.9136970997251,477.2233259266581,299.9366605715277,441.5750135899068,702.9533305873257,194.58716951618257,862.5681154749406
33,1528.0830740449985,312.342740000905,256.18543591849027,237.79247892184176,545.8966485463162,658.146650122218,650.6165864082194,1063.664056296969,1052.234416140991,880.204506702122,600.1089761300375,224.76229359240483,464.2063837527355,1151.69576192325,473.3425235512993,512.8418341051419,937.7049148225424,797.9004718411338,962.2325330852138,577.7624331754051,519.0345906801575,569.7855223200803,118.5632765282021,654.9484929543654,209.90027168276964,845.2751845672392,843.0277066653298,1039.372594665546,213.7939935436065,921.0975056787707,893.7764097860604,589.8076362321415,754.1857079461272,0.0,764.3338886148539,86.36986375638442,161.2500656793788,655.5049198690043,237.58876800011404,625.1235493657173,431.7800842928865,312.09544276488526,944.5992507591442,1023.1778400308938,918.3975619625808,526.6449698153008,705.2102671741625,201.73263860785275
34,928.6589236761376,507.2876120739168,673.8382402144051,573.7208869576901,396.9824661288117,646.4757321220816,210.4402178964998,369.6563710983469,352.4504785393468,131.13100228853767,352.5023125493457,551.3064380809963,650.3245063015526,431.97446200342296,429.35770025520935,406.37699496110525,269.13920339146904,338.8261432372832,554.69707080675,431.7162644673396,576.3508019078843,390.341334052656,711.9380525233428,338.05530550753133,564.6529135289496,656.7889696673951,319.3893627012904,338.1496783659088,604.633049486588,538.4218107708922,550.4680321280755,185.4481021294077,177.70371842937345,764.3338886148539,0.0,837.4616967592057,622.5095757982818,344.6799644905195,581.1039090603184,430.4072041270646,334.81834929995165,563.2030164216264,654.5818292574493,426.2947888852027,268.646319207179,589.1252483040136,363.25183463744605,832.6642080767842
35,1614.0715824234017,362.0730919139779,335.8662426493468,285.44096948855264,632.0760443465987,667.8697536552522,711.0486535371069,1145.1993885104202,1133.3834554600269,956.295074269897,647.0734034675731,308.01497647609006,469.5561816189584,1232.129833842616,559.5837137028756,599.0042976577865,1019.3584542728591,845.9187968955805,1048.5807465060077,664.1316605455742,536.8216518459856,655.9616892725732,142.3065561220678,740.6296327409907,274.26653497735566,929.312027623616,927.7968065665378,1120.3533229902607,256.68751889797363,1007.4230427777982,979.9602581889708,659.0183815704263,835.6755252628465,86.36986375638442,837.4616967592057,0.0,218.4387478868289,741.2866644586198,282.39448951021313,662.2082300878394,508.4461443238413,398.047848715376,1029.8519592370449,1107.877696475497,977.3180730638092,542.3585489802715,791.2160964340153,151.04768214896637
36,1438.4648492488975,151.27099275119195,291.5459642862264,78.90310730589607,472.58796904999065,521.36494555356,493.2646071442409,944.2322951622548,931.2786612944304,744.4025558072246,438.91028607504296,147.91642699105566,339.53688401768227,1027.6702831760642,405.3305568069048,440.4230596555539,819.4284566975164,636.6568183472723,894.0718604710501,514.8970657272463,376.72684575923313,495.5065663217081,92.08888755652951,568.791255952968,58.35026341367948,813.5270318705403,743.9427555933088,917.8111102486208,62.804602109251775,855.0105756656069,833.4806751134261,441.7857166331577,636.6048242915749,161.2500656793788,622.5095757982818,218.4387478868289,0.0,570.8233300958266,81.16688933238576,466.4694120154196,301.59902332085835,286.0159830425614,899.1029983959476,921.8694407332508,760.2901458733742,386.37618043731015,623.3028305123296,229.2151317425624
37,873.0146491919542,535.1932728379915,463.2202222808097,565.4200556938596,114.0543301039178,845.6684225218299,458.92196671437046,449.196328969514,443.4257697945641,371.1477891853759,565.7606700580782,437.0099834016344,767.0558741903453,545.6933422843227,185.7074004108705,145.49609825379983,331.56963360659523,645.9530489287682,328.32039583383266,110.7766542554988,728.149532067513,91.48870695494298,658.830393530096,6.720137393153999,519.0669381912959,332.3788620404039,196.32343280547556,433.6787264794355,589.0626818059768,292.4487999412024,280.207445828571,349.7027915471541,190.3648075836456,655.5049198690043,344.6799644905195,741.2866644586198,570.8233300958266,0.0,575.5486409028771,650.3157264375235,307.2835232488321,359.45410956042,368.9640832407559,373.5855116733802,612.9306825124008,742.7197957807487,52.96416605894781,799.2069100744044
38,1431.0662557167752,80.35835234930254,359.7993181431806,10.255075901219628,487.34946738821947,442.33181505444304,433.02674828042,919.2227276583392,905.1952824421344,707.4856809217482,365.3104876654875,192.66624061406148,266.7498038229431,998.4941057689248,426.0783343347805,456.99770237744127,796.4550410367033,564.0465727334438,903.2125443447908,534.1828313400395,296.85119755684934,508.86983011658606,141.33164704938434,572.6314835942848,75.60341873945278,842.7506341920277,735.8084652335448,891.3644257504332,25.825916212026108,865.7831817349653,847.7513386910202,396.3963409875195,616.7018308255495,237.58876800011404,581.1039090603184,282.39448951021313,81.16688933238576,575.5486409028771,0.0,387.5719965017191,282.44331834704155,334.8800970766718,920.463931940062,910.1149785812252,696.9576118348267,306.99471888857056,628.5128069464639,251.6778506882418
39,1358.484045864726,317.40341564969015,693.0161879853566,387.9555062193042,624.1909093876533,216.06856878115877,221.22906539281263,796.0920131529697,778.1730167222535,552.2474486610942,85.36465935449819,510.3963619483158,273.2990363880471,846.3247884622739,601.5744687012932,608.8951122922903,699.4041980274022,207.50892315427123,945.5805552809704,676.6808725737081,179.85350522239122,634.7603727326122,520.5603931147095,644.3763938459892,431.96561715424286,979.8512717509587,720.9336017895498,764.0791662022599,411.4817496792502,919.5989132865584,919.2274009777232,305.2363708281683,569.9202314829622,625.1235493657173,430.4072041270646,662.2082300878394,466.4694120154196,650.3157264375235,387.5719965017191,0.0,390.7201490362002,619.4151857964424,1015.9458848142682,853.6990560844761,386.9108949388859,187.71872976952173,693.7542715341124,582.4570068686693
40,1148.8692222830662,230.51330876925567,358.8342614410158,272.96674018320186,245.39507944137657,559.117191428542,276.2481495144754,642.6985399668205,629.6814227374189,448.4462984245253,316.3262121008642,216.7163062488396,461.0218464770291,726.3072074129383,211.75091954644208,224.15990906465413,518.1514376352931,468.3339891110637,634.2372495328525,298.2931564505777,429.88015021358376,261.1931450274969,393.6391775452738,303.1839887464407,243.588002305635,612.7736096866602,454.0541914995252,616.2134379223138,300.83620059865643,599.4685508541377,587.0065639940507,177.6745778856231,336.0871565387328,431.7800842928865,334.81834929995165,508.4461443238413,301.59902332085835,307.2835232488321,282.44331834704155,390.7201490362002,0.0,258.2325963199185,670.8804594852734,627.6718069390153,529.0359082171314,444.37598420058674,359.2492793884274,526.483862438039
41,1224.391474822311,346.7461761067399,112.19142200279336,325.732766826568,245.6180011705294,746.0247390738012,534.4004357945546,796.2400552873358,787.613060554035,653.5739827343556,556.8792968732722,142.36398529132953,594.859328206232,889.9753483454913,174.02286866256554,214.0630527314956,672.0580117724984,724.2904577590429,651.9118357892423,269.5212150692937,601.4854077948621,268.9664485100133,352.41714509958786,360.29271052579554,259.4789909385634,537.5544071146774,554.5644970226011,776.126386860321,333.6486195327021,610.4214728231334,582.1114571089761,432.9730661861334,495.9136970997251,312.09544276488526,563.2030164216264,398.047848715376,286.0159830425614,359.45410956042,334.8800970766718,619.4151857964424,258.2325963199185,0.0,633.2619461177657,733.0058178485251,783.8661140107345,614.3978902377853,405.0500600666648,488.55612504275
42,664.1387045807052,891.683572793837,702.8060495658918,910.2119524592614,434.0983046342381,1214.3862055545917,813.7907527239406,526.5913286033747,534.5726223004549,614.7944452466202,930.7941130288368,753.0588156432456,1131.8375180961305,607.3848000590185,495.10987770067646,463.57675056546105,479.2888421053256,986.9168887469232,139.05959050735902,386.2992346472841,1096.550699928067,413.94971448250766,978.46624930573,374.3247710719177,854.9656154638768,120.457090054363,344.14763083348424,534.6458220954795,929.6702437358172,127.70852529198692,104.52350643441544,711.6705039989863,477.2233259266581,944.5992507591442,654.5818292574493,1029.8519592370449,899.1029983959476,368.9640832407559,920.463931940062,1015.9458848142682,670.8804594852734,633.2619461177657,0.0,373.1811109419811,911.4513325288162,1111.1257363836903,322.4636534440701,1118.0272827909475
43,522.7780985256064,853.2521783374038,836.0522315596833,900.6227478314596,487.5953341600914,1069.1579791867473,632.4814369810886,155.7120497144846,166.53584810907202,326.47889980588053,772.4273023838695,800.204255332674,1047.673489163163,234.79829952881784,559.0904026654863,518.9583005083842,162.84590332919882,755.1700991381737,234.2393829184213,473.4629658844921,985.1082743248336,464.64010360437175,1013.0751049103744,372.74015331200616,865.9320040886275,451.10983842507295,180.16698855003423,169.94951709162774,928.1299620838032,252.6003176482548,291.3331731278873,568.8086018337433,299.9366605715277,1023.1778400308938,426.2947888852027,1107.877696475497,921.8694407332508,373.5855116733802,910.1149785812252,853.6990560844761,627.6718069390153,733.0058178485251,373.1811109419811,0.0,626.8080515757896,998.8239177057304,330.8694620256328,1150.5608789459927
44,1067.135683257721,616.6004690043819,887.7406138422067,692.7766968651541,655.9951909669295,573.0452492539844,267.9331230029411,514.3774128184375,495.8900101752543,305.12339149388964,351.5115962191556,734.367385905173,658.5536036985228,530.5496556321154,677.0290503182403,660.389133328699,466.0580328749902,189.93594426720648,799.6988171936669,695.1839011543423,566.4103980465856,652.3570975663142,838.1521123931888,606.2727445393411,708.4998643365892,922.7340902764746,568.1854134069916,484.19783345851374,722.7514040295516,789.6747720397047,806.9530972972077,351.5557873559092,441.5750135899068,918.3975619625808,268.646319207179,977.3180730638092,760.2901458733742,612.9306825124008,696.9576118348267,386.9108949388859,529.0359082171314,783.8661140107345,911.4513325288162,626.8080515757896,0.0,574.6243346139098,631.5422187310819,932.4424371989428
45,1514.4293041309554,268.5301021029504,660.7016779560041,312.2241153312456,689.6651853837463,135.43144863275757,381.06954911044136,958.7815842059996,941.5288458210651,717.3733738563726,241.8462854909864,481.0998478152095,90.8483964547686,1016.7379122061036,648.7672279964407,666.9718135980947,852.9162475067454,393.02678643825385,1059.6240731912358,742.4216356379869,14.575112479399454,705.4729256713546,410.1464539973046,737.6812511158026,374.3860855271379,1057.1336990020125,849.2363027357451,927.2393812651394,323.74527924349945,1028.8708575553212,1021.814665225386,430.5468265588664,702.9533305873257,526.6449698153008,589.1252483040136,542.3585489802715,386.37618043731015,742.7197957807487,306.99471888857056,187.71872976952173,444.37598420058674,614.3978902377853,1111.1257363836903,998.8239177057304,574.6243346139098,0.0,791.8412762593023,434.53996027774167
