,0,1,2,3,4,5,6,7,8,9,10,11,12,13,14,15,16,17,18,19,20,21,22,23,24,25,26,27,28,29,30,31,32,33,34,35,36,37,38,39,40,41,42,43,44,45,46,47
0,0.0,678.4,1222.9,832.4,873.9,840.0,686.5,681.5,647.7,1150.7,889.1,1337.8,863.5,1064.4,1477.1,1020.9,1038.9,885.2,473.6,651.1,493.4,823.3,1205.8,910.2,643.0,985.5,801.0,1116.6,848.3,843.5,1458.7,1535.3,952.4,1040.6,1133.7,1112.4,1529.0,704.8,1129.4,667.3,841.9,1085.9,1028.7,1124.7,1153.6,1048.9,721.3,1513.9
1,678.4,0.0,708.6,400.1,514.6,226.3,406.3,401.3,557.9,578.8,284.1,926.9,206.2,488.6,1066.2,546.3,737.9,227.9,297.7,348.0,381.0,391.0,642.5,477.9,38.4,409.7,368.7,589.0,416.0,411.2,895.4,1043.3,305.0,608.3,557.9,536.6,965.7,123.7,595.3,11.1,590.0,558.3,554.1,610.4,708.8,473.1,289.0,950.6
2,1222.9,708.6,0.0,596.5,457.2,593.1,742.8,737.8,853.1,335.6,424.5,606.2,535.1,355.3,624.4,322.8,472.1,516.1,929.5,628.8,804.3,476.6,128.1,507.7,739.8,438.6,521.5,301.5,484.8,607.6,402.8,550.7,444.0,470.0,242.5,197.8,473.1,666.8,314.3,719.7,648.1,270.8,269.0,135.6,336.4,370.8,539.0,458.0
3,832.4,400.1,596.5,0.0,725.6,308.8,327.9,322.9,494.1,524.3,262.7,695.4,262.6,459.6,834.7,670.8,561.3,302.3,640.7,213.9,649.5,159.5,702.4,246.4,427.7,567.3,137.2,490.2,184.5,11.1,977.1,892.9,328.1,376.8,643.0,621.7,1047.4,358.3,503.0,411.2,455.9,459.5,678.6,498.3,505.6,444.1,111.1,985.6
4,873.9,514.6,457.2,725.6,0.0,609.3,845.0,840.0,1011.2,378.3,462.9,915.1,482.5,365.3,839.8,180.4,781.0,442.8,685.0,731.0,380.5,609.7,365.3,679.8,547.8,158.3,654.6,409.3,617.9,736.7,618.2,766.1,414.3,732.8,342.2,300.6,688.5,576.0,396.5,525.7,957.0,400.1,188.2,546.9,645.3,349.8,668.1,673.4
5,840.0,226.3,593.1,308.8,609.3,0.0,379.9,374.9,546.1,502.6,168.6,824.8,150.3,400.6,964.1,565.9,655.8,189.8,524.0,265.9,475.7,299.7,622.7,386.6,264.7,462.4,277.4,473.5,324.7,319.9,875.6,1022.3,223.2,506.2,538.1,516.8,945.9,184.5,486.3,237.4,507.9,442.8,573.7,494.9,593.3,385.1,206.9,930.8
6,686.5,406.3,742.8,327.9,845.0,379.9,0.0,47.0,375.2,670.6,409.0,854.7,408.9,605.9,994.0,817.1,641.5,448.6,540.3,114.0,711.4,318.8,848.7,405.7,367.9,713.6,296.5,636.5,343.8,339.0,1123.4,1052.2,474.4,536.1,789.3,768.0,1193.7,342.0,649.3,395.2,493.6,605.8,824.9,644.6,664.9,590.4,216.8,1144.9
7,681.5,401.3,737.8,322.9,840.0,374.9,47.0,0.0,370.2,665.6,404.0,849.7,403.9,600.9,989.0,812.1,636.5,443.6,535.3,109.0,706.4,313.8,843.7,400.7,362.9,708.6,291.5,631.5,338.8,334.0,1118.4,1047.2,469.4,531.1,784.3,763.0,1188.7,337.0,644.3,390.2,488.6,600.8,819.9,639.6,659.9,585.4,211.8,1139.9
8,647.7,557.9,853.1,494.1,1011.2,546.1,375.2,370.2,0.0,836.8,575.2,700.9,575.1,772.1,840.2,983.3,402.0,614.8,501.5,339.8,771.8,485.0,959.0,571.9,519.5,879.8,462.7,802.7,510.0,505.2,1233.7,898.4,640.6,570.3,955.5,934.2,1176.1,493.6,815.5,546.8,205.0,772.0,991.1,753.3,516.7,756.6,383.0,991.1
9,1150.7,578.8,335.6,524.3,378.3,502.6,670.6,665.6,836.8,0.0,339.0,605.6,432.0,102.0,744.9,266.3,471.5,392.3,773.9,556.6,688.7,404.7,323.1,435.8,612.0,295.1,449.6,34.1,412.9,535.4,576.0,723.9,320.6,469.4,238.5,217.2,646.3,576.3,21.3,589.9,647.5,64.8,274.1,237.4,335.8,117.5,466.8,631.2
10,889.1,284.1,424.5,262.7,462.9,168.6,409.0,404.0,575.2,339.0,0.0,685.3,110.6,242.8,824.6,408.1,551.2,96.3,581.8,295.0,530.4,192.7,464.9,262.8,322.5,304.6,231.3,304.9,200.9,273.8,717.8,865.7,65.4,366.7,380.3,359.0,788.1,242.3,317.7,295.2,537.0,274.2,415.9,326.3,424.7,227.3,205.2,773.0
11,1337.8,926.9,606.2,695.4,915.1,824.8,854.7,849.7,700.9,605.6,685.3,0.0,778.6,625.3,139.3,803.1,319.9,776.9,1167.5,740.7,1176.3,535.9,671.8,529.6,954.5,831.9,580.8,571.5,544.1,706.5,551.4,213.0,704.8,323.4,764.4,719.7,490.7,885.1,584.3,938.0,495.9,540.8,790.9,506.4,269.8,640.8,637.9,305.7
12,863.5,206.2,535.1,262.6,482.5,150.3,408.9,403.9,575.1,432.0,110.6,778.6,0.0,330.0,917.9,450.1,644.5,39.7,482.8,294.9,419.8,253.5,546.3,340.4,244.6,324.2,231.2,415.5,278.5,273.7,799.2,947.1,116.8,460.0,461.7,440.4,869.5,164.4,428.3,217.3,536.9,384.8,457.9,436.9,535.3,314.5,205.1,854.4
13,1064.4,488.6,355.3,459.6,365.3,400.6,605.9,600.9,772.1,102.0,242.8,625.3,330.0,0.0,764.6,263.0,491.2,290.3,683.7,491.9,598.5,340.0,319.8,371.1,521.8,207.0,384.9,119.5,348.2,470.7,572.7,720.6,218.6,415.5,235.2,213.9,643.0,474.3,106.7,499.7,667.2,110.3,270.8,257.1,355.5,15.5,402.1,627.9
14,1477.1,1066.2,624.4,834.7,839.8,964.1,994.0,989.0,840.2,744.9,824.6,139.3,917.9,764.6,0.0,705.4,459.2,916.2,1306.8,880.0,1186.9,675.2,532.5,668.9,1093.8,821.2,720.1,710.8,683.4,845.8,412.1,73.7,844.1,462.7,625.1,580.4,351.4,1024.4,723.6,1077.3,635.2,680.1,651.6,645.7,409.1,780.1,777.2,166.4
15,1020.9,546.3,322.8,670.8,180.4,565.9,817.1,812.1,983.3,266.3,408.1,803.1,450.1,263.0,705.4,0.0,669.0,410.4,741.4,703.1,527.5,554.9,230.9,625.0,579.5,192.7,599.8,297.3,563.1,681.9,483.8,631.7,381.9,666.9,210.9,166.2,554.1,596.5,284.5,557.4,845.0,288.1,53.8,434.9,533.3,278.5,613.3,539.0
16,1038.9,737.9,472.1,561.3,781.0,655.8,641.5,636.5,402.0,471.5,551.2,319.9,644.5,491.2,459.2,669.0,0.0,642.8,892.7,527.5,987.3,401.8,578.0,395.5,765.5,697.8,446.7,437.4,410.0,572.4,852.7,517.4,570.7,189.3,641.2,619.9,795.1,696.1,450.2,749.0,197.0,406.7,676.8,372.3,135.7,506.7,492.7,610.1
17,885.2,227.9,516.1,302.3,442.8,189.8,448.6,443.6,614.8,392.3,96.3,776.9,39.7,290.3,916.2,410.4,642.8,0.0,504.5,334.6,441.5,284.3,506.6,354.4,266.3,284.5,270.9,396.5,292.5,313.4,759.5,907.4,77.1,458.3,422.0,400.7,829.8,186.1,397.0,239.0,576.6,365.8,418.2,417.9,516.3,274.8,244.8,814.7
18,473.6,297.7,929.5,640.7,685.0,524.0,540.3,535.3,501.5,773.9,581.8,1167.5,482.8,683.7,1306.8,741.4,892.7,504.5,0.0,504.9,304.5,631.6,837.6,718.5,262.3,604.8,609.3,803.2,656.6,651.8,1090.5,1238.4,575.8,848.9,753.0,731.7,1160.8,347.6,790.4,286.6,695.7,794.0,749.2,903.9,977.7,668.2,529.6,1145.7
19,651.1,348.0,628.8,213.9,731.0,265.9,114.0,109.0,339.8,556.6,295.0,740.7,294.9,491.9,880.0,703.1,527.5,334.6,504.9,0.0,597.4,204.8,734.7,291.7,332.5,599.6,182.5,522.5,229.8,225.0,1009.4,938.2,360.4,422.1,675.3,654.0,1079.7,306.2,535.3,359.1,379.6,491.8,710.9,530.6,550.9,476.4,102.8,1030.9
20,493.4,381.0,804.3,649.5,380.5,475.7,711.4,706.4,771.8,688.7,530.4,1176.3,419.8,598.5,1186.9,527.5,987.3,441.5,304.5,597.4,0.0,640.4,712.4,727.3,351.2,505.4,618.1,718.0,665.4,660.6,965.3,1113.2,508.3,857.7,655.7,634.4,1035.6,436.5,705.2,375.5,839.4,708.8,535.3,854.1,952.5,583.0,538.4,1020.5
21,823.3,391.0,476.6,159.5,609.7,299.7,318.8,313.8,485.0,404.7,192.7,535.9,253.5,340.0,675.2,554.9,401.8,284.3,631.6,204.8,640.4,0.0,582.5,86.9,418.6,451.4,44.9,370.6,25.0,170.6,857.2,733.4,212.2,217.3,527.1,505.8,927.5,349.2,383.4,402.1,446.8,339.9,562.7,378.4,346.1,324.5,102.0,826.1
22,1205.8,642.5,128.1,702.4,365.3,622.7,848.7,843.7,959.0,323.1,464.9,671.8,546.3,319.8,532.5,230.9,578.0,506.6,837.6,734.7,712.4,582.5,0.0,613.6,675.7,346.7,627.4,354.1,590.7,713.5,310.9,458.8,440.7,575.9,150.6,105.9,381.2,692.7,341.3,653.6,754.0,344.9,177.1,241.5,442.3,335.3,644.9,366.1
23,910.2,477.9,507.7,246.4,679.8,386.6,405.7,400.7,571.9,435.8,262.8,529.6,340.4,371.1,668.9,625.0,395.5,354.4,718.5,291.7,727.3,86.9,613.6,0.0,505.5,521.5,131.8,401.7,95.1,257.5,888.3,727.1,282.3,211.0,597.2,575.9,958.6,436.1,414.5,489.0,533.7,371.0,632.8,409.5,339.8,355.6,188.9,819.8
24,643.0,38.4,739.8,427.7,547.8,264.7,367.9,362.9,519.5,612.0,322.5,954.5,244.6,521.8,1093.8,579.5,765.5,266.3,262.3,332.5,351.2,418.6,675.7,505.5,0.0,442.9,396.3,627.4,443.6,438.8,928.6,1076.5,343.4,635.9,591.1,569.8,998.9,85.3,628.5,27.3,617.6,596.7,587.3,641.6,740.0,506.3,316.6,983.8
25,985.5,409.7,438.6,567.3,158.3,462.4,713.6,708.6,879.8,295.1,304.6,831.9,324.2,207.0,821.2,192.7,697.8,284.5,604.8,599.6,505.4,451.4,346.7,521.5,442.9,0.0,496.3,326.1,459.6,578.4,599.6,747.5,256.0,574.5,262.1,240.8,669.9,470.6,313.3,420.8,841.6,316.9,200.5,463.7,562.1,191.5,509.8,654.8
26,801.0,368.7,521.5,137.2,654.6,277.4,296.5,291.5,462.7,449.6,231.3,580.8,231.2,384.9,720.1,599.8,446.7,270.9,609.3,182.5,618.1,44.9,627.4,131.8,396.3,496.3,0.0,415.5,69.9,148.3,902.1,778.3,257.1,262.2,572.0,550.7,972.4,326.9,428.3,379.8,424.5,384.8,607.6,423.3,391.0,369.4,79.7,871.0
27,1116.6,589.0,301.5,490.2,409.3,473.5,636.5,631.5,802.7,34.1,304.9,571.5,415.5,119.5,710.8,297.3,437.4,396.5,803.2,522.5,718.0,370.6,354.1,401.7,627.4,326.1,415.5,0.0,378.8,501.3,607.0,754.9,324.4,435.3,269.5,248.2,677.3,547.2,12.8,600.1,613.4,30.7,305.1,203.3,301.7,135.0,432.7,662.2
28,848.3,416.0,484.8,184.5,617.9,324.7,343.8,338.8,510.0,412.9,200.9,544.1,278.5,348.2,683.4,563.1,410.0,292.5,656.6,229.8,665.4,25.0,590.7,95.1,443.6,459.6,69.9,378.8,0.0,195.6,865.4,741.6,220.4,225.5,535.3,514.0,935.7,374.2,391.6,427.1,471.8,348.1,570.9,386.6,354.3,332.7,127.0,834.3
29,843.5,411.2,607.6,11.1,736.7,319.9,339.0,334.0,505.2,535.4,273.8,706.5,273.7,470.7,845.8,681.9,572.4,313.4,651.8,225.0,660.6,170.6,713.5,257.5,438.8,578.4,148.3,501.3,195.6,0.0,988.2,904.0,339.2,387.9,654.1,632.8,1058.5,369.4,514.1,422.3,467.0,470.6,689.7,509.4,516.7,455.2,122.2,996.7
30,1458.7,895.4,402.8,977.1,618.2,875.6,1123.4,1118.4,1233.7,576.0,717.8,551.4,799.2,572.7,412.1,483.8,852.7,759.5,1090.5,1009.4,965.3,857.2,310.9,888.3,928.6,599.6,902.1,607.0,865.4,988.2,0.0,338.4,693.6,850.6,403.5,358.8,128.1,945.6,594.2,906.5,1028.7,597.8,430.0,516.2,717.0,588.2,919.6,245.7
31,1535.3,1043.3,550.7,892.9,766.1,1022.3,1052.2,1047.2,898.4,723.9,865.7,213.0,947.1,720.6,73.7,631.7,517.4,907.4,1238.4,938.2,1113.2,733.4,458.8,727.1,1076.5,747.5,778.3,754.9,741.6,904.0,338.4,0.0,841.5,520.9,551.4,506.7,277.7,1082.6,742.1,1054.4,693.4,738.3,577.9,664.1,467.3,736.1,835.4,92.7
32,952.4,305.0,444.0,328.1,414.3,223.2,474.4,469.4,640.6,320.6,65.4,704.8,116.8,218.6,844.1,381.9,570.7,77.1,575.8,360.4,508.3,212.2,440.7,282.3,343.4,256.0,257.1,324.4,220.4,339.2,693.6,841.5,0.0,386.2,356.1,334.8,763.9,263.2,325.3,316.1,602.4,293.7,389.7,345.8,444.2,203.1,270.6,748.8
33,1040.6,608.3,470.0,376.8,732.8,506.2,536.1,531.1,570.3,469.4,366.7,323.4,460.0,415.5,462.7,666.9,189.3,458.3,848.9,422.1,857.7,217.3,575.9,211.0,635.9,574.5,262.2,435.3,225.5,387.9,850.6,520.9,386.2,0.0,639.1,617.8,798.6,566.5,448.1,619.4,365.3,404.6,674.7,370.2,133.6,400.0,319.3,613.6
34,1133.7,557.9,242.5,643.0,342.2,538.1,789.3,784.3,955.5,238.5,380.3,764.4,461.7,235.2,625.1,210.9,641.2,422.0,753.0,675.3,655.7,527.1,150.6,597.2,591.1,262.1,572.0,269.5,535.3,654.1,403.5,551.4,356.1,639.1,0.0,44.7,473.8,608.1,256.7,569.0,817.2,260.3,157.1,355.9,505.5,250.7,585.5,458.7
35,1112.4,536.6,197.8,621.7,300.6,516.8,768.0,763.0,934.2,217.2,359.0,719.7,440.4,213.9,580.4,166.2,619.9,400.7,731.7,654.0,634.4,505.8,105.9,575.9,569.8,240.8,550.7,248.2,514.0,632.8,358.8,506.7,334.8,617.8,44.7,0.0,429.1,586.8,235.4,547.7,795.9,239.0,112.4,311.2,484.2,229.4,564.2,414.0
36,1529.0,965.7,473.1,1047.4,688.5,945.9,1193.7,1188.7,1176.1,646.3,788.1,490.7,869.5,643.0,351.4,554.1,795.1,829.8,1160.8,1079.7,1035.6,927.5,381.2,958.6,998.9,669.9,972.4,677.3,935.7,1058.5,128.1,277.7,763.9,798.6,473.8,429.1,0.0,1015.9,664.5,976.8,971.1,668.1,500.3,586.5,745.0,658.5,989.9,185.0
37,704.8,123.7,666.8,358.3,576.0,184.5,342.0,337.0,493.6,576.3,242.3,885.1,164.4,474.3,1024.4,596.5,696.1,186.1,347.6,306.2,436.5,349.2,692.7,436.1,85.3,470.6,326.9,547.2,374.2,369.4,945.6,1082.6,263.2,566.5,608.1,586.8,1015.9,0.0,560.0,112.6,548.2,516.5,604.3,568.6,667.0,458.8,247.2,1000.8
38,1129.4,595.3,314.3,503.0,396.5,486.3,649.3,644.3,815.5,21.3,317.7,584.3,428.3,106.7,723.6,284.5,450.2,397.0,790.4,535.3,705.2,383.4,341.3,414.5,628.5,313.3,428.3,12.8,391.6,514.1,594.2,742.1,325.3,448.1,256.7,235.4,664.5,560.0,0.0,606.4,626.2,43.5,292.3,216.1,314.5,122.2,445.5,649.4
39,667.3,11.1,719.7,411.2,525.7,237.4,395.2,390.2,546.8,589.9,295.2,938.0,217.3,499.7,1077.3,557.4,749.0,239.0,286.6,359.1,375.5,402.1,653.6,489.0,27.3,420.8,379.8,600.1,427.1,422.3,906.5,1054.4,316.1,619.4,569.0,547.7,976.8,112.6,606.4,0.0,601.1,569.4,565.2,621.5,719.9,484.2,300.1,961.7
40,841.9,590.0,648.1,455.9,957.0,507.9,493.6,488.6,205.0,647.5,537.0,495.9,536.9,667.2,635.2,845.0,197.0,576.6,695.7,379.6,839.4,446.8,754.0,533.7,617.6,841.6,424.5,613.4,471.8,467.0,1028.7,693.4,602.4,365.3,817.2,795.9,971.1,548.2,626.2,601.1,0.0,582.7,852.8,548.3,311.7,682.7,344.8,786.1
41,1085.9,558.3,270.8,459.5,400.1,442.8,605.8,600.8,772.0,64.8,274.2,540.8,384.8,110.3,680.1,288.1,406.7,365.8,794.0,491.8,708.8,339.9,344.9,371.0,596.7,316.9,384.8,30.7,348.1,470.6,597.8,738.3,293.7,404.6,260.3,239.0,668.1,516.5,43.5,569.4,582.7,0.0,295.9,172.6,271.0,125.8,402.0,653.0
42,1028.7,554.1,269.0,678.6,188.2,573.7,824.9,819.9,991.1,274.1,415.9,790.9,457.9,270.8,651.6,53.8,676.8,418.2,749.2,710.9,535.3,562.7,177.1,632.8,587.3,200.5,607.6,305.1,570.9,689.7,430.0,577.9,389.7,674.7,157.1,112.4,500.3,604.3,292.3,565.2,852.8,295.9,0.0,382.4,541.1,286.3,621.1,485.2
43,1124.7,610.4,135.6,498.3,546.9,494.9,644.6,639.6,753.3,237.4,326.3,506.4,436.9,257.1,645.7,434.9,372.3,417.9,903.9,530.6,854.1,378.4,241.5,409.5,641.6,463.7,423.3,203.3,386.6,509.4,516.2,664.1,345.8,370.2,355.9,311.2,586.5,568.6,216.1,621.5,548.3,172.6,382.4,0.0,236.6,272.6,440.8,571.4
44,1153.6,708.8,336.4,505.6,645.3,593.3,664.9,659.9,516.7,335.8,424.7,269.8,535.3,355.5,409.1,533.3,135.7,516.3,977.7,550.9,952.5,346.1,442.3,339.8,740.0,562.1,391.0,301.7,354.3,516.7,717.0,467.3,444.2,133.6,505.5,484.2,745.0,667.0,314.5,719.9,311.7,271.0,541.1,236.6,0.0,371.0,448.1,560.0
45,1048.9,473.1,370.8,444.1,349.8,385.1,590.4,585.4,756.6,117.5,227.3,640.8,314.5,15.5,780.1,278.5,506.7,274.8,668.2,476.4,583.0,324.5,335.3,355.6,506.3,191.5,369.4,135.0,332.7,455.2,588.2,736.1,203.1,400.0,250.7,229.4,658.5,458.8,122.2,484.2,682.7,125.8,286.3,272.6,371.0,0.0,386.6,643.4
46,721.3,289.0,539.0,111.1,668.1,206.9,216.8,211.8,383.0,466.8,205.2,637.9,205.1,402.1,777.2,613.3,492.7,244.8,529.6,102.8,538.4,102.0,644.9,188.9,316.6,509.8,79.7,432.7,127.0,122.2,919.6,835.4,270.6,319.3,585.5,564.2,989.9,247.2,445.5,300.1,344.8,402.0,621.1,440.8,448.1,386.6,0.0,928.1
47,1513.9,950.6,458.0,985.6,673.4,930.8,1144.9,1139.9,991.1,631.2,773.0,305.7,854.4,627.9,166.4,539.0,610.1,814.7,1145.7,1030.9,1020.5,826.1,366.1,819.8,983.8,654.8,871.0,662.2,834.3,996.7,245.7,92.7,748.8,613.6,458.7,414.0,185.0,1000.8,649.4,961.7,786.1,653.0,485.2,571.4,560.0,643.4,928.1,0.0
