,0,1,2,3,4,5,6,7,8,9,10,11,12,13,14,15,16,17,18,19,20,21,22,23,24,25,26,27,28,29,30,31,32,33,34,35,36,37,38,39,40,41,42,43,44,45,46,47
0,0.0,537.8,995.0,661.4,689.7,1029.4,803.4,691.9,1521.3,1532.5,903.9,675.3,601.9,710.6,891.3,823.3,865.4,1511.5,420.4,787.8,637.8,925.4,959.4,1518.7,1451.5,864.0,1263.6,1168.2,676.3,680.2,880.1,618.0,1138.0,539.2,1041.8,1124.1,844.5,1318.2,1309.3,1042.7,1114.7,710.8,1406.0,1489.5,426.3,1148.5,721.3,1513.9
1,537.8,0.0,457.2,123.6,442.2,578.0,506.5,164.0,996.0,1007.2,604.4,137.5,305.0,182.7,591.8,523.8,544.1,1120.6,173.0,488.3,100.0,628.5,487.1,1029.7,926.2,326.2,759.9,830.6,138.5,466.8,558.8,276.3,624.7,396.8,617.2,586.3,306.7,881.6,861.3,874.5,576.9,173.0,1127.9,1127.1,170.2,711.9,421.8,988.6
2,995.0,457.2,0.0,382.4,441.8,139.2,506.1,463.4,595.0,606.2,348.2,347.1,541.5,482.1,382.6,332.2,328.0,719.6,602.1,403.5,447.2,628.1,177.0,628.7,525.2,143.3,358.9,412.0,318.7,588.1,360.2,512.8,169.2,592.3,255.6,129.1,176.0,492.8,460.3,648.5,119.7,296.3,764.6,726.1,627.4,350.3,390.6,587.6
3,661.4,123.6,382.4,0.0,378.2,503.2,442.5,177.6,921.2,932.4,540.4,62.7,318.6,196.3,527.8,459.8,469.3,1045.8,296.6,424.3,113.6,564.5,412.3,954.9,851.4,251.4,685.1,763.0,63.7,480.4,484.0,289.9,549.9,410.4,542.4,511.5,231.9,806.8,786.5,810.5,502.1,98.2,1063.9,1052.3,293.8,637.1,357.8,913.8
4,689.7,442.2,441.8,378.2,0.0,396.7,124.7,298.2,1033.4,1039.1,246.8,342.9,171.3,316.9,234.2,166.2,683.9,875.8,615.2,130.7,342.2,246.7,600.4,1067.1,963.6,456.3,630.9,526.9,314.5,146.3,698.6,224.3,505.3,150.5,697.4,548.5,414.1,931.2,898.7,492.7,557.7,312.8,770.3,853.8,496.2,792.1,64.2,992.3
5,1029.4,578.0,139.2,503.2,396.7,0.0,461.0,506.5,693.5,704.7,251.8,467.9,498.5,525.2,286.2,283.4,448.8,747.6,722.9,358.4,542.4,583.0,297.8,727.2,623.7,264.1,344.6,289.5,439.5,543.0,481.0,495.2,111.0,547.2,354.1,154.2,296.8,591.3,558.8,526.0,163.4,417.1,642.1,725.6,748.2,448.8,345.5,686.1
6,803.4,506.5,506.1,442.5,124.7,461.0,0.0,362.5,1097.7,1000.1,311.1,407.2,272.5,381.2,298.5,230.5,748.2,836.8,679.5,195.0,406.5,122.0,664.7,1131.4,1027.9,520.6,695.2,493.5,378.8,271.0,762.9,288.6,569.6,275.2,761.7,612.8,478.4,995.5,963.0,368.0,622.0,377.1,731.3,814.8,564.4,856.4,128.5,953.3
7,691.9,164.0,463.4,177.6,298.2,506.5,362.5,0.0,1050.0,1061.2,460.4,191.5,161.0,18.7,447.8,379.8,598.1,1089.4,337.0,344.3,64.0,484.5,541.1,1083.7,980.2,380.2,741.7,686.6,192.5,322.8,612.8,132.3,615.1,252.8,671.2,592.5,350.6,935.6,915.3,730.5,583.1,227.0,983.9,1067.4,334.2,765.9,277.8,1042.6
8,1521.3,996.0,595.0,921.2,1033.4,693.5,1097.7,1050.0,0.0,138.2,888.2,885.9,1135.2,1068.7,922.6,919.8,712.9,309.3,1100.9,995.1,986.0,1048.6,653.7,344.2,185.3,669.8,452.9,751.9,857.5,1179.7,745.1,1107.8,648.2,1183.9,601.7,608.1,715.8,489.6,457.1,873.6,598.7,823.0,399.3,315.8,1166.2,518.3,982.2,177.3
9,1532.5,1007.2,606.2,932.4,1039.1,704.7,1000.1,1061.2,138.2,0.0,803.9,897.1,1146.4,1079.9,818.3,872.9,724.1,178.8,1112.1,987.8,997.2,918.1,664.9,259.6,123.3,681.0,464.1,621.4,868.7,1185.4,756.3,1119.0,659.4,1189.6,612.9,619.3,727.0,500.8,468.3,743.1,609.9,834.2,268.8,185.3,1177.4,529.5,974.9,46.8
10,903.9,604.4,348.2,540.4,246.8,251.8,311.1,460.4,888.2,803.9,0.0,505.1,373.0,479.1,46.0,80.6,657.8,640.6,777.4,195.5,504.4,433.1,506.8,921.9,818.4,410.5,485.7,291.7,476.7,393.1,690.0,389.1,360.4,397.3,603.5,403.6,402.4,786.0,753.5,419.0,412.8,475.0,535.1,618.6,664.9,698.2,182.6,757.1
11,675.3,137.5,347.1,62.7,342.9,467.9,407.2,191.5,885.9,897.1,505.1,0.0,332.5,210.2,492.5,424.5,434.0,1010.5,310.5,389.0,127.5,529.2,377.0,919.6,816.1,216.1,649.8,727.7,28.4,489.2,448.7,303.8,514.6,424.3,507.1,476.2,196.6,771.5,751.2,775.2,466.8,62.9,1028.6,1017.0,307.7,601.8,322.5,878.5
12,601.9,305.0,541.5,318.6,171.3,498.5,272.5,161.0,1135.2,1146.4,373.0,332.5,0.0,179.7,360.4,292.4,739.1,1002.0,478.0,256.9,205.0,394.5,682.1,1168.9,1065.4,521.2,732.7,653.1,333.5,161.8,753.8,87.1,607.1,91.8,797.1,650.3,478.0,1033.0,1000.5,640.5,659.5,368.0,896.5,980.0,362.9,891.8,190.4,1118.5
13,710.6,182.7,482.1,196.3,316.9,525.2,381.2,18.7,1068.7,1079.9,479.1,210.2,179.7,0.0,466.5,398.5,616.8,1108.1,355.7,363.0,82.7,503.2,559.8,1102.4,998.9,398.9,760.4,705.3,211.2,341.5,631.5,151.0,633.8,271.5,689.9,611.2,369.3,954.3,934.0,749.2,601.8,245.7,1002.6,1086.1,352.9,784.6,296.5,1061.3
14,891.3,591.8,382.6,527.8,234.2,286.2,298.5,447.8,922.6,818.3,46.0,492.5,360.4,466.5,0.0,68.0,692.2,655.0,764.8,182.9,491.8,420.5,541.2,956.3,852.8,397.9,520.1,306.1,464.1,380.5,724.4,376.5,394.8,384.7,637.9,438.0,389.8,820.4,787.9,433.4,447.2,462.4,549.5,633.0,652.3,732.6,170.0,771.5
15,823.3,523.8,332.2,459.8,166.2,283.4,230.5,379.8,919.8,872.9,80.6,424.5,292.4,398.5,68.0,0.0,641.8,709.6,696.8,114.9,423.8,352.5,490.8,953.5,850.0,346.7,517.3,360.7,396.1,312.5,674.0,308.5,392.0,316.7,587.8,435.2,338.6,817.6,785.1,488.0,444.4,394.4,604.1,687.6,584.3,682.5,102.0,826.1
16,865.4,544.1,328.0,469.3,683.9,448.8,748.2,598.1,712.9,724.1,657.8,434.0,739.1,616.8,692.2,641.8,0.0,837.5,445.0,713.1,534.1,870.2,151.0,710.3,643.1,311.9,476.8,662.8,405.6,830.2,109.2,710.4,420.0,830.9,233.4,379.9,358.0,509.8,500.9,899.3,370.5,371.1,927.5,844.0,689.6,340.1,663.5,705.5
17,1511.5,1120.6,719.6,1045.8,875.8,747.6,836.8,1089.4,309.3,178.8,640.6,1010.5,1002.0,1108.1,655.0,709.6,837.5,0.0,1225.5,824.5,1110.6,754.8,778.3,373.0,236.7,794.4,577.5,458.1,982.1,1022.1,869.7,1018.1,766.6,1026.3,726.3,732.7,840.4,614.2,581.7,579.8,723.3,947.6,140.8,57.3,1290.8,642.9,811.6,132.0
18,420.4,173.0,602.1,296.6,615.2,722.9,679.5,337.0,1100.9,1112.1,777.4,310.5,478.0,355.7,764.8,696.8,445.0,1225.5,0.0,661.3,273.0,801.5,539.0,1098.3,1031.1,459.0,864.8,1003.6,311.5,639.8,459.7,449.3,769.6,569.8,621.4,731.2,455.8,897.8,888.9,1047.5,721.8,319.0,1300.9,1232.0,244.6,728.1,594.8,1093.5
19,787.8,488.3,403.5,424.3,130.7,358.4,195.0,344.3,995.1,987.8,195.5,389.0,256.9,363.0,182.9,114.9,713.1,824.5,661.3,0.0,388.3,317.0,562.1,1028.8,925.3,418.0,592.6,475.6,360.6,277.0,744.7,273.0,467.0,281.2,659.1,510.2,375.8,892.9,860.4,563.0,519.4,358.9,719.0,802.5,548.8,753.8,66.5,941.0
20,637.8,100.0,447.2,113.6,342.2,542.4,406.5,64.0,986.0,997.2,504.4,127.5,205.0,82.7,491.8,423.8,534.1,1110.6,273.0,388.3,0.0,528.5,477.1,1019.7,916.2,316.2,749.9,730.6,128.5,366.8,548.8,176.3,614.7,296.8,607.2,576.3,296.7,871.6,851.3,774.5,566.9,163.0,1027.9,1111.4,270.2,701.9,321.8,978.6
21,925.4,628.5,628.1,564.5,246.7,583.0,122.0,484.5,1048.6,918.1,433.1,529.2,394.5,503.2,420.5,352.5,870.2,754.8,801.5,317.0,528.5,0.0,786.7,1112.3,976.0,642.6,774.0,411.5,500.8,393.0,884.9,410.6,691.6,397.2,883.7,734.8,600.4,1074.3,1041.8,286.0,744.0,499.1,649.3,732.8,686.4,978.4,250.5,871.3
22,959.4,487.1,177.0,412.3,600.4,297.8,664.7,541.1,653.7,664.9,506.8,377.0,682.1,559.8,541.2,490.8,151.0,778.3,539.0,562.1,477.1,786.7,0.0,651.1,583.9,160.9,417.6,586.9,348.6,746.7,183.2,653.4,344.1,750.9,174.2,304.0,207.0,450.6,441.7,823.4,294.6,314.1,868.3,784.8,657.3,280.9,549.2,646.3
23,1518.7,1029.7,628.7,954.9,1067.1,727.2,1131.4,1083.7,344.2,259.6,921.9,919.6,1168.9,1102.4,956.3,953.5,710.3,373.0,1098.3,1028.8,1019.7,1112.3,651.1,0.0,189.7,703.5,486.6,798.7,891.2,1213.4,645.6,1141.5,681.9,1217.6,521.1,641.8,749.5,406.5,397.6,937.3,632.4,856.7,463.0,379.5,1199.9,414.9,1015.9,241.0
24,1451.5,926.2,525.2,851.4,963.6,623.7,1027.9,980.2,185.3,123.3,818.4,816.1,1065.4,998.9,852.8,850.0,643.1,236.7,1031.1,925.3,916.2,976.0,583.9,189.7,0.0,600.0,383.1,679.3,787.7,1109.9,675.3,1038.0,578.4,1114.1,531.9,538.3,646.0,419.8,387.3,801.0,528.9,753.2,326.7,243.2,1096.4,448.5,912.4,104.7
25,864.0,326.2,143.3,251.4,456.3,264.1,520.6,380.2,669.8,681.0,410.5,216.1,521.2,398.9,397.9,346.7,311.9,794.4,459.0,418.0,316.2,642.6,160.9,703.5,600.0,0.0,433.7,553.6,187.7,602.6,344.1,492.5,310.8,606.8,291.0,272.2,46.1,555.4,535.1,790.1,262.8,153.2,884.4,800.9,496.4,385.7,405.1,662.4
26,1263.6,759.9,358.9,685.1,630.9,344.6,695.2,741.7,452.9,464.1,485.7,649.8,732.7,760.4,520.1,517.3,476.8,577.5,864.8,592.6,749.9,774.0,417.6,486.6,383.1,433.7,0.0,362.5,621.4,777.2,509.0,729.4,363.6,781.4,365.6,372.0,479.7,350.7,318.2,599.0,362.6,586.9,667.5,584.0,930.1,282.2,579.7,445.5
27,1168.2,830.6,412.0,763.0,526.9,289.5,493.5,686.6,751.9,621.4,291.7,727.7,653.1,705.3,306.1,360.7,662.8,458.1,1003.6,475.6,730.6,411.5,586.9,798.7,679.3,553.6,362.5,0.0,699.3,673.2,695.0,669.2,308.5,677.4,551.6,351.7,556.0,662.8,630.3,236.5,360.9,697.6,352.6,436.1,945.0,594.3,462.7,574.6
28,676.3,138.5,318.7,63.7,314.5,439.5,378.8,192.5,857.5,868.7,476.7,28.4,333.5,211.2,464.1,396.1,405.6,982.1,311.5,360.6,128.5,500.8,348.6,891.2,787.7,187.7,621.4,699.3,0.0,460.8,420.3,304.8,486.2,425.3,478.7,447.8,168.2,743.1,722.8,746.8,438.4,34.5,1000.2,988.6,308.7,573.4,294.1,850.1
29,680.2,466.8,588.1,480.4,146.3,543.0,271.0,322.8,1179.7,1185.4,393.1,489.2,161.8,341.5,380.5,312.5,830.2,1022.1,639.8,277.0,366.8,393.0,746.7,1213.4,1109.9,602.6,777.2,673.2,460.8,0.0,844.9,248.9,651.6,141.0,843.7,694.8,560.4,1077.5,1045.0,639.0,704.0,459.1,916.6,1000.1,486.7,938.4,210.5,1138.6
30,880.1,558.8,360.2,484.0,698.6,481.0,762.9,612.8,745.1,756.3,690.0,448.7,753.8,631.5,724.4,674.0,109.2,869.7,459.7,744.7,548.8,884.9,183.2,645.6,675.3,344.1,509.0,695.0,420.3,844.9,0.0,725.1,452.2,845.6,233.2,412.1,390.2,445.1,436.2,931.5,402.7,385.8,959.7,876.2,704.3,329.7,678.2,737.7
31,618.0,276.3,512.8,289.9,224.3,495.2,288.6,132.3,1107.8,1119.0,389.1,303.8,87.1,151.0,376.5,308.5,710.4,1018.1,449.3,273.0,176.3,410.6,653.4,1141.5,1038.0,492.5,729.4,669.2,304.8,248.9,725.1,0.0,603.8,178.9,768.4,641.9,449.3,1005.6,973.1,656.6,632.5,339.3,912.6,996.1,379.0,863.1,206.5,1100.4
32,1138.0,624.7,169.2,549.9,505.3,111.0,569.6,615.1,648.2,659.4,360.4,514.6,607.1,633.8,394.8,392.0,420.0,766.6,769.6,467.0,614.7,691.6,344.1,681.9,578.4,310.8,363.6,308.5,486.2,651.6,452.2,603.8,0.0,655.8,308.8,43.2,343.5,546.0,513.5,545.0,52.6,463.8,661.1,744.6,794.9,403.5,454.1,640.8
33,539.2,396.8,592.3,410.4,150.5,547.2,275.2,252.8,1183.9,1189.6,397.3,424.3,91.8,271.5,384.7,316.7,830.9,1026.3,569.8,281.2,296.8,397.2,750.9,1217.6,1114.1,606.8,781.4,677.4,425.3,141.0,845.6,178.9,655.8,0.0,847.9,699.0,564.6,1081.7,1049.2,622.9,708.2,459.8,920.8,1004.3,345.7,942.6,214.7,1142.8
34,1041.8,617.2,255.6,542.4,697.4,354.1,761.7,671.2,601.7,612.9,603.5,507.1,797.1,689.9,637.9,587.8,233.4,726.3,621.4,659.1,607.2,883.7,174.2,521.1,531.9,291.0,365.6,551.6,478.7,843.7,233.2,768.4,308.8,847.9,0.0,268.7,337.0,320.6,311.7,788.1,259.3,444.2,816.3,732.8,787.4,150.9,646.2,594.3
35,1124.1,586.3,129.1,511.5,548.5,154.2,612.8,592.5,608.1,619.3,403.6,476.2,650.3,611.2,438.0,435.2,379.9,732.7,731.2,510.2,576.3,734.8,304.0,641.8,538.3,272.2,372.0,351.7,447.8,694.8,412.1,641.9,43.2,699.0,268.7,0.0,305.1,505.9,473.4,588.2,9.4,425.4,704.3,739.2,756.5,363.4,497.3,600.7
36,844.5,306.7,176.0,231.9,414.1,296.8,478.4,350.6,715.8,727.0,402.4,196.6,478.0,369.3,389.8,338.6,358.0,840.4,455.8,375.8,296.7,600.4,207.0,749.5,646.0,46.1,479.7,556.0,168.2,560.4,390.2,449.3,343.5,564.6,337.0,305.1,0.0,601.4,581.1,783.3,295.7,150.0,899.4,846.9,476.9,431.7,362.9,708.4
37,1318.2,881.6,492.8,806.8,931.2,591.3,995.5,935.6,489.6,500.8,786.0,771.5,1033.0,954.3,820.4,817.6,509.8,614.2,897.8,892.9,871.6,1074.3,450.6,406.5,419.8,555.4,350.7,662.8,743.1,1077.5,445.1,1005.6,546.0,1081.7,320.6,505.9,601.4,0.0,75.9,899.3,496.5,708.6,704.2,620.7,1051.8,214.4,880.0,482.2
38,1309.3,861.3,460.3,786.5,898.7,558.8,963.0,915.3,457.1,468.3,753.5,751.2,1000.5,934.0,787.9,785.1,500.9,581.7,888.9,860.4,851.3,1041.8,441.7,397.6,387.3,535.1,318.2,630.3,722.8,1045.0,436.2,973.1,513.5,1049.2,311.7,473.4,581.1,75.9,0.0,866.8,464.0,688.3,671.7,588.2,1031.5,205.5,847.5,449.7
39,1042.7,874.5,648.5,810.5,492.7,526.0,368.0,730.5,873.6,743.1,419.0,775.2,640.5,749.2,433.4,488.0,899.3,579.8,1047.5,563.0,774.5,286.0,823.4,937.3,801.0,790.1,599.0,236.5,746.8,639.0,931.5,656.6,545.0,622.9,788.1,588.2,783.3,899.3,866.8,0.0,597.4,745.1,474.3,557.8,849.2,830.8,496.5,696.3
40,1114.7,576.9,119.7,502.1,557.7,163.4,622.0,583.1,598.7,609.9,412.8,466.8,659.5,601.8,447.2,444.4,370.5,723.3,721.8,519.4,566.9,744.0,294.6,632.4,528.9,262.8,362.6,360.9,438.4,704.0,402.7,632.5,52.6,708.2,259.3,9.4,295.7,496.5,464.0,597.4,0.0,416.0,713.5,729.8,747.1,354.0,506.5,591.3
41,710.8,173.0,296.3,98.2,312.8,417.1,377.1,227.0,823.0,834.2,475.0,62.9,368.0,245.7,462.4,394.4,371.1,947.6,319.0,358.9,163.0,499.1,314.1,856.7,753.2,153.2,586.9,697.6,34.5,459.1,385.8,339.3,463.8,459.8,444.2,425.4,150.0,708.6,688.3,745.1,416.0,0.0,998.5,954.1,343.2,538.9,292.4,815.6
42,1406.0,1127.9,764.6,1063.9,770.3,642.1,731.3,983.9,399.3,268.8,535.1,1028.6,896.5,1002.6,549.5,604.1,927.5,140.8,1300.9,719.0,1027.9,649.3,868.3,463.0,326.7,884.4,667.5,352.6,1000.2,916.6,959.7,912.6,661.1,920.8,816.3,704.3,899.4,704.2,671.7,474.3,713.5,998.5,0.0,83.5,1188.4,732.9,706.1,222.0
43,1489.5,1127.1,726.1,1052.3,853.8,725.6,814.8,1067.4,315.8,185.3,618.6,1017.0,980.0,1086.1,633.0,687.6,844.0,57.3,1232.0,802.5,1111.4,732.8,784.8,379.5,243.2,800.9,584.0,436.1,988.6,1000.1,876.2,996.1,744.6,1004.3,732.8,739.2,846.9,620.7,588.2,557.8,729.8,954.1,83.5,0.0,1271.9,649.4,789.6,138.5
44,426.3,170.2,627.4,293.8,496.2,748.2,564.4,334.2,1166.2,1177.4,664.9,307.7,362.9,352.9,652.3,584.3,689.6,1290.8,244.6,548.8,270.2,686.4,657.3,1199.9,1096.4,496.4,930.1,945.0,308.7,486.7,704.3,379.0,794.9,345.7,787.4,756.5,476.9,1051.8,1031.5,849.2,747.1,343.2,1188.4,1271.9,0.0,882.1,482.3,1158.8
45,1148.5,711.9,350.3,637.1,792.1,448.8,856.4,765.9,518.3,529.5,698.2,601.8,891.8,784.6,732.6,682.5,340.1,642.9,728.1,753.8,701.9,978.4,280.9,414.9,448.5,385.7,282.2,594.3,573.4,938.4,329.7,863.1,403.5,942.6,150.9,363.4,431.7,214.4,205.5,830.8,354.0,538.9,732.9,649.4,882.1,0.0,740.9,510.9
46,721.3,421.8,390.6,357.8,64.2,345.5,128.5,277.8,982.2,974.9,182.6,322.5,190.4,296.5,170.0,102.0,663.5,811.6,594.8,66.5,321.8,250.5,549.2,1015.9,912.4,405.1,579.7,462.7,294.1,210.5,678.2,206.5,454.1,214.7,646.2,497.3,362.9,880.0,847.5,496.5,506.5,292.4,706.1,789.6,482.3,740.9,0.0,928.1
47,1513.9,988.6,587.6,913.8,992.3,686.1,953.3,1042.6,177.3,46.8,757.1,878.5,1118.5,1061.3,771.5,826.1,705.5,132.0,1093.5,941.0,978.6,871.3,646.3,241.0,104.7,662.4,445.5,574.6,850.1,1138.6,737.7,1100.4,640.8,1142.8,594.3,600.7,708.4,482.2,449.7,696.3,591.3,815.6,222.0,138.5,1158.8,510.9,928.1,0.0
