,0,1,2,3,4,5,6,7,8,9,10,11,12,13,14,15,16,17,18,19,20,21,22,23,24,25,26,27,28,29,30,31,32,33,34,35,36,37,38,39,40,41,42,43,44,45,46,47
0,0.0,550.2029204757935,672.1748231210049,830.2799565054511,724.7955646175564,773.2416183848934,1499.5758713815858,690.2832370289914,1175.3125033523145,1688.7712871630204,719.1288955095449,1255.049520026981,494.0135140106702,1281.5787744744248,1435.814339997837,920.610829392171,608.6340273346984,695.4880632159953,1330.350902669844,1452.1038605347865,1114.0867626933784,873.0146491919542,872.0737418260579,787.7553177221956,1582.550930182996,636.678927173485,1143.428360578994,1568.955248850403,908.251843358526,1438.9886926675408,924.1718851948488,1433.4158245881072,1092.959934167305,1181.621859377488,1186.897916118518,1197.4937039380625,1091.4006305389437,986.9585077132712,962.3492443588948,1522.8174708014503,1251.8709191498697,1383.8049152663918,1204.7134284854212,1110.2554239618153,1284.2464305975247,976.6390749993608,822.8731071824103,1667.6765190679764
1,550.2029204757935,0.0,430.9462050868311,491.239786488793,192.01254021828285,224.6539283410791,1017.5590700477971,160.51054525343156,705.3980744942942,1240.2790753167508,173.03897855750097,706.9970200348354,104.54178456126918,903.4952439012576,953.8824736285712,536.0311833227609,58.5467582055588,263.160887005622,909.1383727424164,916.2723028237024,600.2213666525181,453.7379198522976,456.815984370165,245.4750901412816,1033.407161828882,208.8597027604281,613.3138595864243,1029.1124467420873,451.3410301563206,952.5105167800856,385.7735760934697,955.707935121318,580.5054610574496,631.8619175020667,636.8132888760127,659.7673842778229,547.673996900696,517.2711078011312,476.6502078228438,976.2479435287028,703.6183908120972,922.0710860140416,667.2362630462758,672.6873162245571,738.3353845864166,612.3123003586315,422.4973066370445,1178.6111201111837
2,672.1748231210049,430.9462050868311,0.0,170.96783495847978,393.9005786931032,527.6106532385596,875.9795752956794,380.9918492259669,562.5992462501999,1033.98574187238,435.8753833428089,812.9049395833433,513.7701786453099,611.2208919283945,815.4080481415491,272.3852946586092,435.55271236298233,230.4247173755668,671.4956451666184,926.8105996737736,575.8793087781637,266.53204763346594,261.729954961527,570.1659307238327,1119.8538815476772,243.81724917977223,638.7146265141787,1049.0917189412762,333.2935440754808,823.3564530609215,503.6327815972309,808.8282691722426,555.9445543889138,772.7661432836344,786.2070274940886,708.3160720029784,789.1378585033503,405.4851274769504,410.4457422659112,1040.6280373188308,812.0965471739371,747.5293933087905,713.4950404324848,474.71401781237074,821.6318083709643,312.09457461151163,216.3519560595997,1044.5184763451089
3,830.2799565054511,491.239786488793,170.96783495847978,0.0,383.3805479186865,513.039181649089,705.5409965687313,385.5638020545262,396.0045267952566,865.1279778623372,431.7666952309897,690.6599137206309,589.6769490864181,452.85542330808033,645.4247190424853,102.32058296713218,475.0297961966007,232.38367552314932,503.2487419415696,775.523182166699,433.87113839765016,128.2292940790985,121.36046470534772,556.5232302445962,980.8420998726187,282.4084951581236,505.2146038676857,896.8577521861472,202.1132863676106,653.8973689529884,421.4542424570704,638.4593263713534,415.8288298596466,664.1696574620975,679.4519521577995,576.0441936975615,715.3789389241626,258.76674449855307,278.9877093767098,898.2438937811403,690.6728425495526,576.5869448770391,580.2185751206036,304.5675013464925,692.3072484882528,146.37555269913366,101.04655840991204,873.8571075872027
4,724.7955646175564,192.01254021828285,393.9005786931032,383.3805479186865,0.0,134.543649313064,827.3681193384303,34.5150565954273,520.1675781739693,1054.7440336119564,48.69376077525652,533.3640164122543,290.4971658783602,742.9483516164859,763.9517444896635,396.1326315690287,140.95175231267473,165.52817730619898,734.1947769264947,729.4505924230539,408.21693159673146,305.61923864171246,310.6269575867911,177.88966393082424,861.6574027731734,159.4746363635655,423.44848923462894,844.7778045068357,281.9038427894144,761.9618434354836,199.4424113386582,766.4220995020602,388.5592888425024,465.6078551135339,473.5098796825215,473.57133456001065,421.7856550758759,337.3706558993079,292.1254511525255,798.8525633102745,530.5378973972569,736.1103218169126,480.8976177150008,498.7976289361746,560.3034944572689,474.1539253547052,291.77110260021726,987.274285457664
5,773.2416183848934,224.6539283410791,527.6106532385596,513.039181649089,134.543649313064,0.0,869.2559132291943,148.31219020523125,585.680341981576,1110.5297506253316,92.62930348926088,493.30858894623753,290.2149928447696,839.1560253603435,808.0792092057486,514.2718801402264,167.81290794404748,300.06900071611665,814.0067032666778,718.4178329375194,442.1895735069047,422.8265989044287,428.6696707646824,43.66229726981424,815.5911950773046,288.2819394838845,432.2176111606056,825.0116731709629,384.0922288066885,802.8221494358122,210.6998070293461,813.4329640754892,426.0654366974833,413.91158959536057,417.171535108062,465.22520908666286,324.088806432198,421.9863474054215,370.72875691790114,763.3627873927136,489.5011418159538,794.6821532588359,472.8257263642295,585.4706841391522,528.6021550985763,591.0781816428404,417.3985635567167,1019.8515584123533
6,1499.5758713815858,1017.5590700477971,875.9795752956794,705.5409965687313,827.3681193384303,869.2559132291943,0.0,857.2317733139538,324.29352994136934,257.7362833677365,858.5779125460396,524.2310063180951,1117.863244441752,393.3843349736474,64.11179867860133,603.6061500417222,968.2923910707756,805.6662476652392,267.3382799111079,334.5128569258035,427.1659914396824,630.0973412981274,632.0770639450313,892.1130907764489,551.543252287044,866.7292166178534,449.1382656817193,387.2565468467244,591.5745339953233,66.44685247315832,658.6184735700234,67.2253459267378,444.1189194760972,591.1630851452699,605.0725866141446,448.9436014036677,768.2293467288966,513.7159638654673,544.8061467668327,473.1211996477155,529.0500235646793,136.06873583111968,442.8916276484241,401.29758460440746,481.20459470718856,577.5003883608413,682.2805744113627,169.21941095829956
7,690.2832370289914,160.51054525343156,380.9918492259669,385.5638020545262,34.5150565954273,148.31219020523125,857.2317733139538,0.0,547.1430175063219,1082.1027871728118,55.68340816574571,567.6052934584051,261.3235483824982,761.2740050860025,793.6270473577632,407.0145299789292,113.1326854859882,158.6500590378975,757.2050380536047,763.7252691379825,440.2904882572713,318.0861385864034,322.54342084225266,189.7624402504804,895.8985684436818,139.98179316619442,457.3130155531396,879.2149351285841,301.5649556210737,792.0873275002763,233.9323236201621,795.6773779527075,420.37878303403,499.2252784655546,506.8560691436175,507.9551222552966,450.047907662554,361.5947390266207,318.40886562492364,833.3196589757379,564.7442300795367,763.5686855863285,515.2686371967325,521.0545485870957,594.75769851882,485.1060511605604,298.75036362071125,1018.1017591656436
8,1175.3125033523145,705.3980744942942,562.5992462501999,396.0045267952566,520.1675781739693,585.680341981576,324.29352994136934,547.1430175063219,0.0,534.9940010191282,557.1279300529437,422.1095527736364,808.1934755559979,304.9532223144562,260.7035192369471,294.41284508669,660.076765531682,482.18333421475705,236.8592279756219,406.32926157792895,177.61553442288013,307.3760280437076,309.88455629626,616.2900966563659,634.9838636239854,543.8240323443971,248.16056441092664,521.3148150444373,267.7132787708337,265.21049518741864,381.4688121764149,258.1784744069904,181.64081549489435,445.1154300176861,462.6101499852167,298.7639151951822,585.8640699937571,191.2776126102078,228.8262747240576,547.2467347969505,424.7976825510564,216.6930011828819,297.95262325057774,104.94447285441004,400.1368818151436,291.55288743641887,360.08415305267414,492.849147370468
9,1688.7712871630204,1240.2790753167508,1033.98574187238,865.1279778623372,1054.7440336119564,1110.5297506253316,257.7362833677365,1082.1027871728118,534.9940010191282,0.0,1090.3124132160235,780.721319582537,1343.1867985839212,447.7896895549923,309.5107448449283,769.4256294186271,1194.962515607427,1008.1626594746492,362.59864411491895,573.1513681907865,670.5363437701131,818.1743706901751,818.4130126261205,1136.5232823548297,762.1661172861266,1070.9730689165317,701.943077893592,593.5584980911203,795.6536897905355,320.2072398741305,900.4867541362734,300.54005933364164,685.167322075056,848.8531831385665,862.6596684447685,706.0503747543065,1025.8832853917422,723.9253126794006,763.8176388142153,695.0242760527698,785.6067706437432,318.6341285403277,700.1401839409383,580.4529318387696,736.9504602578669,722.0266596985654,866.7011228687945,206.23491147141175
10,719.1288955095449,173.03897855750097,435.8753833428089,431.7666952309897,48.69376077525652,92.62930348926088,858.5779125460396,55.68340816574571,557.1279300529437,1090.3124132160235,0.0,535.9582989196765,263.0855587173248,787.9842957924488,795.6598638667924,444.3904816074195,115.97869354446247,210.5773088391274,775.5217378096764,743.3969986938118,434.9269211827684,353.6367389751302,358.762064083883,134.36481430779847,863.4814814879145,195.65581408538029,442.0764865846154,856.083229870066,326.98986692445624,792.6984830464476,213.56341551922847,798.979619377895,416.183941955492,463.33503306366,469.567240681395,486.9011071314813,400.8732998689159,378.45183556061534,331.12435752443923,804.4004239507743,532.7521462176973,771.8762911338509,494.38891553580487,541.2142866745126,566.1159996308604,522.3464925615884,340.463461234496,1016.0340217831738
11,1255.049520026981,706.9970200348354,812.9049395833433,690.6599137206309,533.3640164122543,493.30858894623753,524.2310063180951,567.6052934584051,422.1095527736364,780.721319582537,535.9582989196765,0.0,783.2219848102859,721.4301519752844,482.82216786981866,615.1446982950285,648.5358533871982,621.4037580987089,626.7395318453621,250.62100707068876,272.0926347244787,563.1645833111486,569.7781938234265,493.6806242756211,328.29492935665706,659.2293735269973,191.7837207809658,338.6641561824843,489.4227419378591,467.3433392916081,338.5565543647971,497.20290487279567,284.53761049338704,86.13601651614623,92.40257715477968,125.68063172592636,261.7232389821304,437.61290937947695,411.72002441431465,270.1044322915314,5.145122554032759,525.787476548802,125.07186807936266,507.5500529988437,46.27970446633232,655.3252707730121,603.8553482035567,626.5436420164937
12,494.0135140106702,104.54178456126918,513.7701786453099,589.6769490864181,290.4971658783602,290.2149928447696,1117.863244441752,261.3235483824982,808.1934755559979,1343.1867985839212,263.0855587173248,783.2219848102859,0.0,1007.611053395061,1054.421285227952,638.8595933311748,149.63594273120668,365.2994636399244,1013.5848884985768,1002.552402849676,697.1109193436449,557.6969027841312,560.6245848592703,297.4720025417175,1105.624696600892,308.1219042530622,704.6440133122086,1112.3214889180656,555.7917317416483,1052.4476450220388,475.8306454010024,1056.7508781229478,677.929166066413,704.1034368282938,707.0984526361884,746.6574827494818,599.0566141259587,620.9756516327375,579.3693668032008,1053.3256786495688,779.4845992206066,1024.7447326135275,754.2172491295494,777.1105921536262,817.5551131268891,714.5496455689577,525.1081201003808,1277.408015566754
13,1281.5787744744248,903.4952439012576,611.2208919283945,452.85542330808033,742.9483516164859,839.1560253603435,393.3843349736474,761.2740050860025,304.9532223144562,447.7896895549923,787.9842957924488,721.4301519752844,1007.611053395061,0.0,361.1538455648384,374.3479293612792,870.7545170407167,644.9627467669761,127.32312300566235,647.0446857150794,480.6042394824955,449.9735107508611,447.2762168948824,876.0568720334616,884.420586340202,706.2540590381785,553.1134439210736,740.166002536931,461.1058015633087,379.9471912257969,654.9592229633098,344.475748661236,481.3443132980569,749.7359930574024,767.1846192453296,601.1500533814408,888.2176462131866,417.9561061081204,470.2336740107071,797.1045895794058,724.5567834670715,269.01335711340545,599.5907312375995,257.4968125988742,694.4234841747464,307.2937220183269,486.6251978802195,530.0470581301352
14,1435.814339997837,953.8824736285712,815.4080481415491,645.4247190424853,763.9517444896635,808.0792092057486,64.11179867860133,793.6270473577632,260.7035192369471,309.5107448449283,795.6598638667924,482.82216786981866,1054.421285227952,361.1538455648384,0.0,543.2401572543587,904.8981073837896,741.6785893220552,233.92206037472255,317.88371677873545,365.9208787432965,567.1773583968388,569.3019430400233,831.8272458944214,546.835098168016,802.6759721587603,392.5691136790522,389.4734328360863,527.6907980478625,20.389848114083296,597.3798150687487,18.36463746320871,382.2794656286629,544.7686367206347,559.4696827072673,398.2226330888913,719.1492413649842,449.6930701540846,480.7295753004796,463.9625826275284,487.4446172605431,92.41192942830796,392.6297123449872,340.85812107435294,441.7842166084656,520.5170064208296,619.5347916149785,232.16998507252285
15,920.610829392171,536.0311833227609,272.3852946586092,102.32058296713218,396.1326315690287,514.2718801402264,603.6061500417222,407.0145299789292,294.41284508669,769.4256294186271,444.3904816074195,615.1446982950285,638.8595933311748,374.3479293612792,543.2401572543587,0.0,509.5962326461676,273.6683351230012,409.7423933418339,680.9474273051841,349.0968661374953,91.46022363171588,85.82721995782094,556.208512837465,892.526009747436,333.401694789844,425.15537143798167,801.3593628242156,146.8198597919698,551.5981251079081,383.1973464984642,536.4701148742212,333.02870057942283,598.2519218552103,614.484411410226,495.4807309109426,671.5115894130239,177.57464467317797,211.5795730163066,808.3140713607436,615.7039939534266,475.631962316441,498.8863827046829,202.40658443133188,612.0808595466037,78.11645448242575,113.81418618843428,772.1452701760716
16,608.6340273346984,58.5467582055588,435.55271236298233,475.0297961966007,140.95175231267473,167.81290794404748,968.2923910707756,113.1326854859882,660.076765531682,1194.962515607427,115.97869354446247,648.5358533871982,149.63594273120668,870.7545170407167,904.8981073837896,509.5962326461676,0.0,242.77593373875325,869.7947158444039,859.277371504758,547.7747582869985,423.5092950408981,427.30450206248577,192.1173590564899,974.863951865128,198.04637954346,557.7777047153455,971.507602654264,413.0868546837437,902.8360273488336,329.48453324825863,907.3617381641166,528.4660392718591,573.3192327569213,578.3126147134184,602.802789836363,491.7364555898262,474.6606893597048,431.4388878451977,917.88868948636,645.1400397875183,876.3718278944377,610.3002014368808,633.4556208183147,680.0994925565637,587.1197046573513,397.7032611651189,1127.8051214247305
17,695.4880632159953,263.160887005622,230.4247173755668,232.38367552314932,165.52817730619898,300.06900071611665,805.6662476652392,158.6500590378975,482.18333421475705,1008.1626594746492,210.5773088391274,621.4037580987089,365.2994636399244,644.9627467669761,741.6785893220552,273.6683351230012,242.77593373875325,0.0,662.1855065707184,776.8493593368227,426.5461900762677,196.32343280547556,198.2437358310297,343.3399080420794,943.1046043187184,63.00645381800989,470.06918665096094,897.9430281774579,214.53476163446203,744.1383758869034,290.3863725652411,740.1566783595392,405.1840099668248,568.8198018481916,580.3181934009056,533.7772406591376,563.869491578369,292.027519123306,267.71011578764046,870.7534809571569,619.6998481478191,695.1297013356785,540.152075997067,429.0017640813593,638.4310546450334,349.3101115387794,159.8617512828114,973.0081557584466
18,1330.350902669844,909.1383727424164,671.4956451666184,503.2487419415696,734.1947769264947,814.0067032666778,267.3382799111079,757.2050380536047,236.8592279756219,362.59864411491895,775.5217378096764,626.7395318453621,1013.5848884985768,127.32312300566235,233.92206037472255,409.7423933418339,869.7947158444039,662.1855065707184,0.0,527.657672838071,412.1127740813136,467.14502149557006,466.3565706614596,847.0745069556685,764.2631026973124,725.1154161191929,475.10196386240966,616.027048207465,457.7980385011524,252.8811330647917,615.1461379715804,217.16024523830708,417.99661690366486,665.4526928991237,682.4731207508244,512.9901242594104,817.7953671705014,397.1014187291602,445.307225628538,677.7867781287598,630.3576224318504,142.0317018134065,510.23074975257146,236.4992144903829,595.2387955273964,359.4580130919908,512.477113524064,411.9699192544451
19,1452.1038605347865,916.2723028237024,926.8105996737736,775.523182166699,729.4505924230539,718.4178329375194,334.5128569258035,763.7252691379825,406.32926157792895,573.1513681907865,743.3969986938118,250.62100707068876,1002.552402849676,647.0446857150794,317.88371677873545,680.9474273051841,859.277371504758,776.8493593368227,527.657672838071,0.0,353.87030530890206,660.5262551947909,665.6614853736382,726.2091813178785,237.4280576008397,826.6823155468885,309.3213787423533,122.4093146156101,594.8013701148845,297.9653862122089,530.8744765735779,335.91400920498273,374.8423877638061,335.5569682883777,343.0206118598218,256.5056679416029,511.87679986297286,521.4876714788115,520.595230969604,150.18394437040223,255.68670791843437,393.8693001368751,249.03821833472887,511.03977756607645,205.22420262496829,693.9416947905875,710.6235490649333,394.3324655295826
20,1114.0867626933784,600.2213666525181,575.8793087781637,433.87113839765016,408.21693159673146,442.1895735069047,427.1659914396824,440.2904882572713,177.61553442288013,670.5363437701131,434.9269211827684,272.0926347244787,697.1109193436449,480.6042394824955,365.9208787432965,349.0968661374953,547.7747582869985,426.5461900762677,412.1127740813136,353.87030530890206,0.0,311.7528679396802,317.5110665897933,466.30691100125415,547.1639227857842,479.99979738258446,80.95260110902697,476.1528144939634,242.6110598164929,360.76590645871977,231.4977459419406,371.6694891894834,21.36246067082478,276.38129072070353,293.91657254119355,148.0678680568976,408.33542496626666,175.10635866499268,166.8819558820196,465.6546804218609,273.47554880180064,359.84540032046453,150.71111530403425,241.93401824559177,263.9135301351309,383.8782958321435,359.66433070008685,581.3106202123132
21,873.0146491919542,453.7379198522976,266.53204763346594,128.2292940790985,305.61923864171246,422.8265989044287,630.0973412981274,318.0861385864034,307.3760280437076,818.1743706901751,353.6367389751302,563.1645833111486,557.6969027841312,449.9735107508611,567.1773583968388,91.46022363171588,423.5092950408981,196.32343280547556,467.14502149557006,660.5262551947909,311.7528679396802,0.0,7.150829832972923,464.83200946318885,858.4781635266763,258.8108690355364,379.733992991155,782.7281832689499,73.94241858248667,572.4865755696034,300.63038505326966,563.200377223409,292.61827580293175,535.9879256057286,551.3330062322832,450.42500435143774,593.042067253467,139.0426534525207,151.559974257067,777.4075292105763,563.0688274989282,510.8783661844576,454.9228260132499,237.84187357264815,566.1734221154576,168.89169197063393,52.96416605894781,799.2069100744044
22,872.0737418260579,456.815984370165,261.729954961527,121.36046470534772,310.6269575867911,428.6696707646824,632.0770639450313,322.54342084225266,309.88455629626,818.4130126261205,358.762064083883,569.7781938234265,560.6245848592703,447.2762168948824,569.3019430400233,85.82721995782094,427.30450206248577,198.2437358310297,466.3565706614596,665.6614853736382,317.5110665897933,7.150829832972923,0.0,470.781345791448,864.3929320759371,260.4549993670893,385.9780934208487,787.81109391399,80.75363655677788,574.8449151824329,307.7194763778851,565.108010584715,298.5074672647106,542.9303865325334,558.3013509396555,456.7036693678967,600.1796257299195,144.2128150767375,158.0996922492847,783.1474316936914,569.706862594641,512.0621052432647,461.15478090000346,238.3477517315897,572.5441718853915,163.59470388504994,50.24042939418372,801.2376249695616
23,787.7553177221956,245.4750901412816,570.1659307238327,556.5232302445962,177.88966393082424,43.66229726981424,892.1130907764489,189.7624402504804,616.2900966563659,1136.5232823548297,134.36481430779847,493.6806242756211,297.4720025417175,876.0568720334616,831.8272458944214,556.208512837465,192.1173590564899,343.3399080420794,847.0745069556685,726.2091813178785,466.30691100125415,464.83200946318885,470.781345791448,0.0,810.8968054290826,329.5817132224413,449.4818417823944,829.27055665684,423.8922138582817,825.6855137124682,236.4984575110294,837.952475301501,451.3646828141056,411.4282278206585,412.8566945495585,476.6901334328082,303.93958212279944,458.2064550048098,406.3098636076377,762.6807522063837,489.5810953946566,822.4000668101867,484.2506178729592,621.0222753378185,531.3975165209961,632.6793403483897,460.5260824885954,1039.4981318344828
24,1582.550930182996,1033.407161828882,1119.8538815476772,980.8420998726187,861.6574027731734,815.5911950773046,551.543252287044,895.8985684436818,634.9838636239854,762.1661172861266,863.4814814879145,328.29492935665706,1105.624696600892,884.420586340202,546.835098168016,892.526009747436,974.863951865128,943.1046043187184,764.2631026973124,237.4280576008397,547.1639227857842,858.4781635266763,864.3929320759371,810.8968054290826,0.0,984.3884053235372,481.2244443232179,168.756145771328,787.576572802625,526.4803214659074,665.9410168744773,565.1812891402261,565.8862331384717,401.9360574738767,398.5407439945197,412.41858851082816,533.4397787668887,722.1442399754632,709.6683722579991,88.22873651637963,331.1826829780463,628.1911218330454,406.85278453131866,738.1150336945591,304.96606824830656,914.9219132134768,904.8836023353643,561.8500636896342
25,636.678927173485,208.8597027604281,243.81724917977223,282.4084951581236,159.4746363635655,288.2819394838845,866.7292166178534,139.98179316619442,543.8240323443971,1070.9730689165317,195.65581408538029,659.2293735269973,308.1219042530622,706.2540590381785,802.6759721587603,333.401694789844,198.04637954346,63.00645381800989,725.1154161191929,826.6823155468885,479.99979738258446,258.8108690355364,260.4549993670893,329.5817132224413,984.3884053235372,0.0,518.0158699126248,946.8354041569391,276.5352565413635,804.7008379619035,322.12579441476095,801.5118229068364,458.69012809385566,601.0047084469412,611.227556072761,579.0118001966565,577.8286350494997,353.0550723608476,325.72965055043807,914.6544785422334,657.1472439048179,757.4662719317306,585.6904965748274,491.9943532938684,679.4618235031526,407.6143026222956,219.8732474049689,1033.5934904207088
26,1143.428360578994,613.3138595864243,638.7146265141787,505.2146038676857,423.44848923462894,432.2176111606056,449.1382656817193,457.3130155531396,248.16056441092664,701.943077893592,442.0764865846154,191.7837207809658,704.6440133122086,553.1134439210736,392.5691136790522,425.15537143798167,557.7777047153455,470.06918665096094,475.10196386240966,309.3213787423533,80.95260110902697,379.733992991155,385.9780934208487,449.4818417823944,481.2244443232179,518.0158699126248,0.0,428.8301152534104,307.43621562485225,383.4936273431677,228.8204067552108,401.6444302737916,92.84712848377718,197.9085916283868,215.47449504794704,70.83177097340277,343.3836316059769,248.3203638087276,229.14283255272645,403.710504099789,192.9640301239904,404.14127028228296,75.19748992554887,321.5188335285989,187.32894588224065,463.5504577082935,424.4186158496104,590.4738643719054
27,1568.955248850403,1029.1124467420873,1049.0917189412762,896.8577521861472,844.7778045068357,825.0116731709629,387.2565468467244,879.2149351285841,521.3148150444373,593.5584980911203,856.083229870066,338.6641561824843,1112.3214889180656,740.166002536931,389.4734328360863,801.3593628242156,971.507602654264,897.9430281774579,616.027048207465,122.4093146156101,476.1528144939634,782.7281832689499,787.81109391399,829.27055665684,168.756145771328,946.8354041569391,428.8301152534104,0.0,717.2062704197836,369.1434680465369,645.4321328343541,407.77232152009645,497.0629216444782,424.4615471989931,428.15759865613904,371.4623251353984,589.850066870684,643.6863460440884,642.9405223584822,110.49885479922366,343.2577355919663,475.9328107046909,364.258501009629,626.2476336652996,298.1344601734931,811.4229879115951,832.9563168071688,394.6023883739629
28,908.251843358526,451.3410301563206,333.2935440754808,202.1132863676106,281.9038427894144,384.0922288066885,591.5745339953233,301.5649556210737,267.7132787708337,795.6536897905355,326.98986692445624,489.4227419378591,555.7917317416483,461.1058015633087,527.6907980478625,146.8198597919698,413.0868546837437,214.53476163446203,457.7980385011524,594.8013701148845,242.6110598164929,73.94241858248667,80.75363655677788,423.8922138582817,787.576572802625,276.5352565413635,307.43621562485225,717.2062704197836,0.0,530.7548453298945,236.53212469509327,525.8124805996931,222.6639389953007,462.3213952009443,477.783448202732,377.8936486137383,525.2510593120734,79.64169480541274,78.3649627526627,707.547941766218,489.27719644427606,480.99845314980433,382.6086763674914,221.36246150187853,493.19119470604926,215.6474153053265,117.34301691548085,759.4307395263841
29,1438.9886926675408,952.5105167800856,823.3564530609215,653.8973689529884,761.9618434354836,802.8221494358122,66.44685247315832,792.0873275002763,265.21049518741864,320.2072398741305,792.6984830464476,467.3433392916081,1052.4476450220388,379.9471912257969,20.389848114083296,551.5981251079081,902.8360273488336,744.1383758869034,252.8811330647917,297.9653862122089,360.76590645871977,572.4865755696034,574.8449151824329,825.6855137124682,526.4803214659074,804.7008379619035,383.4936273431677,369.1434680465369,530.7548453298945,0.0,592.1963109435703,38.75379148212486,377.8336261202098,530.9412025943482,545.3745103549464,385.999544658559,706.4304284320054,452.1582299990634,481.3070586012748,443.7201846248097,472.02697811234674,110.93468106147868,380.19673166542657,349.53421260056973,425.7133520418775,531.3901083194323,625.0792973837819,228.8952497883291
30,924.1718851948488,385.7735760934697,503.6327815972309,421.4542424570704,199.4424113386582,210.6998070293461,658.6184735700234,233.9323236201621,381.4688121764149,900.4867541362734,213.56341551922847,338.5565543647971,475.8306454010024,654.9592229633098,597.3798150687487,383.1973464984642,329.48453324825863,290.3863725652411,615.1461379715804,530.8744765735779,231.4977459419406,300.63038505326966,307.7194763778851,236.4984575110294,665.9410168744773,322.12579441476095,228.8204067552108,645.4321328343541,236.53212469509327,592.1963109435703,0.0,602.81080004439,215.50634353046755,279.2539414975725,290.1849010459687,274.54247090257445,293.97626593736214,242.11446230365,189.97097365527503,600.6123704385125,336.18912344524443,585.9016314800522,281.93808530194354,397.46883243673307,362.4838512144033,450.9182844091027,321.29664478306086,810.5625900156805
31,1433.4158245881072,955.707935121318,808.8282691722426,638.4593263713534,766.4220995020602,813.4329640754892,67.2253459267378,795.6773779527075,258.1784744069904,300.54005933364164,798.979619377895,497.20290487279567,1056.7508781229478,344.475748661236,18.36463746320871,536.4701148742212,907.3617381641166,740.1566783595392,217.16024523830708,335.91400920498273,371.6694891894834,563.200377223409,565.108010584715,837.952475301501,565.1812891402261,801.5118229068364,401.6444302737916,407.77232152009645,525.8124805996931,38.75379148212486,602.81080004439,0.0,387.3705949794086,557.7226032868871,572.642032515173,409.9560730514305,731.0691793243353,448.4755365534268,481.1693024720613,482.2286529631595,501.7715248689312,76.66864789276204,404.54679750050576,334.12397982893657,456.6818112261635,511.4144587974321,615.2915902484202,236.37748415151788
32,1092.959934167305,580.5054610574496,555.9445543889138,415.8288298596466,388.5592888425024,426.0654366974833,444.1189194760972,420.37878303403,181.64081549489435,685.167322075056,416.183941955492,284.53761049338704,677.929166066413,481.3443132980569,382.2794656286629,333.02870057942283,528.4660392718591,405.1840099668248,417.99661690366486,374.8423877638061,21.36246067082478,292.61827580293175,298.5074672647106,451.3646828141056,565.8862331384717,458.69012809385566,92.84712848377718,497.0629216444782,222.6639389953007,377.8336261202098,215.50634353046755,387.3705949794086,0.0,282.9364064018631,300.35077728084065,162.52833672439488,406.900874970336,157.35797428288825,146.27764521280923,485.025258917812,285.6074227874393,372.3056678140089,165.85867736205572,237.09051722264087,279.06802805456886,370.81132768609046,339.90022449241206,599.8504002623192
33,1181.621859377488,631.8619175020667,772.7661432836344,664.1696574620975,465.6078551135339,413.91158959536057,591.1630851452699,499.2252784655546,445.1154300176861,848.8531831385665,463.33503306366,86.13601651614623,704.1034368282938,749.7359930574024,544.7686367206347,598.2519218552103,573.3192327569213,568.8198018481916,665.4526928991237,335.5569682883777,276.38129072070353,535.9879256057286,542.9303865325334,411.4282278206585,401.9360574738767,601.0047084469412,197.9085916283868,424.4615471989931,462.3213952009443,530.9412025943482,279.2539414975725,557.7226032868871,282.9364064018631,0.0,17.569386163793126,153.15627889354025,180.486638820224,422.5140034949361,387.9128640803893,351.3813318650917,81.36301182031974,577.4976387816467,156.85675730201612,518.314580780132,130.35782876321693,647.1246794506382,571.4561683022096,703.5213967080587
34,1186.897916118518,636.8132888760127,786.2070274940886,679.4519521577995,473.5098796825215,417.171535108062,605.0725866141446,506.8560691436175,462.6101499852167,862.6596684447685,469.567240681395,92.40257715477968,707.0984526361884,767.1846192453296,559.4696827072673,614.484411410226,578.3126147134184,580.3181934009056,682.4731207508244,343.0206118598218,293.91657254119355,551.3330062322832,558.3013509396555,412.8566945495585,398.5407439945197,611.227556072761,215.47449504794704,428.15759865613904,477.783448202732,545.3745103549464,290.1849010459687,572.642032515173,300.35077728084065,17.569386163793126,0.0,169.83441999548097,169.9613716584125,439.0737969712437,403.8369031040752,351.4119321715536,87.35249557328767,593.483958747988,173.29366564667737,535.8505755570815,138.14835261305797,663.9285107315942,586.1589477657434,715.0718921005317
35,1197.4937039380625,659.7673842778229,708.3160720029784,576.0441936975615,473.57133456001065,465.22520908666286,448.9436014036677,507.9551222552966,298.7639151951822,706.0503747543065,486.9011071314813,125.68063172592636,746.6574827494818,601.1500533814408,398.2226330888913,495.4807309109426,602.802789836363,533.7772406591376,512.9901242594104,256.5056679416029,148.0678680568976,450.42500435143774,456.7036693678967,476.6901334328082,412.41858851082816,579.0118001966565,70.83177097340277,371.4623251353984,377.8936486137383,385.999544658559,274.54247090257445,409.9560730514305,162.52833672439488,153.15627889354025,169.83441999548097,0.0,321.1272864175849,318.9785507808297,299.54065718997634,337.1381248741746,127.69032360688225,425.3115480858722,7.601369151910711,381.94601279092495,116.6418920029913,531.9393570092269,494.6601755854493,576.1588384755186
36,1091.4006305389437,547.673996900696,789.1378585033503,715.3789389241626,421.7856550758759,324.088806432198,768.2293467288966,450.047907662554,585.8640699937571,1025.8832853917422,400.8732998689159,261.7232389821304,599.0566141259587,888.2176462131866,719.1492413649842,671.5115894130239,491.7364555898262,563.869491578369,817.7953671705014,511.87679986297286,408.33542496626666,593.042067253467,600.1796257299195,303.93958212279944,533.4397787668887,577.8286350494997,343.3836316059769,589.850066870684,525.2510593120734,706.4304284320054,293.97626593736214,731.0691793243353,406.900874970336,180.486638820224,169.9613716584125,321.1272864175849,0.0,511.02424886142927,464.56411936426633,502.6259937775768,256.60043616762755,743.8710901280584,326.548548711984,640.1678887821284,307.838972095608,733.7266844967099,615.2619650420769,883.959053368224
37,986.9585077132712,517.2711078011312,405.4851274769504,258.76674449855307,337.3706558993079,421.9863474054215,513.7159638654673,361.5947390266207,191.2776126102078,723.9253126794006,378.45183556061534,437.61290937947695,620.9756516327375,417.9561061081204,449.6930701540846,177.57464467317797,474.6606893597048,292.027519123306,397.1014187291602,521.4876714788115,175.10635866499268,139.0426534525207,144.2128150767375,458.2064550048098,722.1442399754632,353.0550723608476,248.3203638087276,643.6863460440884,79.64169480541274,452.1582299990634,242.11446230365,448.4755365534268,157.35797428288825,422.5140034949361,439.0737969712437,318.9785507808297,511.02424886142927,0.0,52.68287706077278,639.9842793319732,438.14237997509855,406.977991806965,322.7361448103193,163.78372965311084,435.6045724071862,225.96838847328448,189.84354137951107,681.0016143881479
38,962.3492443588948,476.6502078228438,410.4457422659112,278.9877093767098,292.1254511525255,370.72875691790114,544.8061467668327,318.40886562492364,228.8262747240576,763.8176388142153,331.12435752443923,411.72002441431465,579.3693668032008,470.2336740107071,480.7295753004796,211.5795730163066,431.4388878451977,267.71011578764046,445.307225628538,520.595230969604,166.8819558820196,151.559974257067,158.0996922492847,406.3098636076377,709.6683722579991,325.72965055043807,229.14283255272645,642.9405223584822,78.3649627526627,481.3070586012748,189.97097365527503,481.1693024720613,146.27764521280923,387.9128640803893,403.8369031040752,299.54065718997634,464.56411936426633,52.68287706077278,0.0,630.201990642059,411.69609995926464,445.4428951983289,304.2918028609823,214.8015118461946,414.85614965989606,269.2468988456463,195.31678284732348,709.8439392949884
39,1522.8174708014503,976.2479435287028,1040.6280373188308,898.2438937811403,798.8525633102745,763.3627873927136,473.1211996477155,833.3196589757379,547.2467347969505,695.0242760527698,804.4004239507743,270.1044322915314,1053.3256786495688,797.1045895794058,463.9625826275284,808.3140713607436,917.88868948636,870.7534809571569,677.7867781287598,150.18394437040223,465.6546804218609,777.4075292105763,783.1474316936914,762.6807522063837,88.22873651637963,914.6544785422334,403.710504099789,110.49885479922366,707.547941766218,443.7201846248097,600.6123704385125,482.2286529631595,485.025258917812,351.3813318650917,351.4119321715536,337.1381248741746,502.6259937775768,639.9842793319732,630.201990642059,0.0,273.8630726161423,543.0590758852551,330.9785797395477,650.6851361974547,238.59962103509557,828.7344336867573,824.8638339820094,500.4133531003104
40,1251.8709191498697,703.6183908120972,812.0965471739371,690.6728425495526,530.5378973972569,489.5011418159538,529.0500235646793,564.7442300795367,424.7976825510564,785.6067706437432,532.7521462176973,5.145122554032759,779.4845992206066,724.5567834670715,487.4446172605431,615.7039939534266,645.1400397875183,619.6998481478191,630.3576224318504,255.68670791843437,273.47554880180064,563.0688274989282,569.706862594641,489.5810953946566,331.1826829780463,657.1472439048179,192.9640301239904,343.2577355919663,489.27719644427606,472.02697811234674,336.18912344524443,501.7715248689312,285.6074227874393,81.36301182031974,87.35249557328767,127.69032360688225,256.60043616762755,438.14237997509855,411.69609995926464,273.8630726161423,0.0,529.9847495344411,127.36200278731764,509.6359453894027,51.42482505325789,656.4187296948513,603.4591654832752,631.6496235543862
41,1383.8049152663918,922.0710860140416,747.5293933087905,576.5869448770391,736.1103218169126,794.6821532588359,136.06873583111968,763.5686855863285,216.6930011828819,318.6341285403277,771.8762911338509,525.787476548802,1024.7447326135275,269.01335711340545,92.41192942830796,475.631962316441,876.3718278944377,695.1297013356785,142.0317018134065,393.8693001368751,359.84540032046453,510.8783661844576,512.0621052432647,822.4000668101867,628.1911218330454,757.4662719317306,404.14127028228296,475.9328107046909,480.99845314980433,110.93468106147868,585.9016314800522,76.66864789276204,372.3056678140089,577.4976387816467,593.483958747988,425.3115480858722,743.8710901280584,406.977991806965,445.4428951983289,543.0590758852551,529.9847495344411,0.0,420.951598263559,275.4118188667496,488.8751565368767,444.3394876857615,561.7706462960158,299.0465592526174
42,1204.7134284854212,667.2362630462758,713.4950404324848,580.2185751206036,480.8976177150008,472.8257263642295,442.8916276484241,515.2686371967325,297.95262325057774,700.1401839409383,494.38891553580487,125.07186807936266,754.2172491295494,599.5907312375995,392.6297123449872,498.8863827046829,610.3002014368808,540.152075997067,510.23074975257146,249.03821833472887,150.71111530403425,454.9228260132499,461.15478090000346,484.2506178729592,406.85278453131866,585.6904965748274,75.19748992554887,364.258501009629,382.6086763674914,380.19673166542657,281.93808530194354,404.54679750050576,165.85867736205572,156.85675730201612,173.29366564667737,7.601369151910711,326.548548711984,322.7361448103193,304.2918028609823,330.9785797395477,127.36200278731764,420.951598263559,0.0,382.55364792534976,113.28079620439335,534.4010624120098,499.5221767324833,569.2419237522075
43,1110.2554239618153,672.6873162245571,474.71401781237074,304.5675013464925,498.7976289361746,585.4706841391522,401.29758460440746,521.0545485870957,104.94447285441004,580.4529318387696,541.2142866745126,507.5500529988437,777.1105921536262,257.4968125988742,340.85812107435294,202.40658443133188,633.4556208183147,429.0017640813593,236.4992144903829,511.03977756607645,241.93401824559177,237.84187357264815,238.3477517315897,621.0222753378185,738.1150336945591,491.9943532938684,321.5188335285989,626.2476336652996,221.36246150187853,349.53421260056973,397.46883243673307,334.12397982893657,237.09051722264087,518.314580780132,535.8505755570815,381.94601279092495,640.1678887821284,163.78372965311084,214.8015118461946,650.6851361974547,509.6359453894027,275.4118188667496,382.55364792534976,0.0,490.8583052738393,188.2210200303075,287.3962714429026,570.0490294679298
44,1284.2464305975247,738.3353845864166,821.6318083709643,692.3072484882528,560.3034944572689,528.6021550985763,481.20459470718856,594.75769851882,400.1368818151436,736.9504602578669,566.1159996308604,46.27970446633232,817.5551131268891,694.4234841747464,441.7842166084656,612.0808595466037,680.0994925565637,638.4310546450334,595.2387955273964,205.22420262496829,263.9135301351309,566.1734221154576,572.5441718853915,531.3975165209961,304.96606824830656,679.4618235031526,187.32894588224065,298.1344601734931,493.19119470604926,425.7133520418775,362.4838512144033,456.6818112261635,279.06802805456886,130.35782876321693,138.14835261305797,116.6418920029913,307.838972095608,435.6045724071862,414.85614965989606,238.59962103509557,51.42482505325789,488.8751565368767,113.28079620439335,490.8583052738393,0.0,647.2898380309938,609.4054096261546,580.6527798067826
45,976.6390749993608,612.3123003586315,312.09457461151163,146.37555269913366,474.1539253547052,591.0781816428404,577.5003883608413,485.1060511605604,291.55288743641887,722.0266596985654,522.3464925615884,655.3252707730121,714.5496455689577,307.2937220183269,520.5170064208296,78.11645448242575,587.1197046573513,349.3101115387794,359.4580130919908,693.9416947905875,383.8782958321435,168.89169197063393,163.59470388504994,632.6793403483897,914.9219132134768,407.6143026222956,463.5504577082935,811.4229879115951,215.6474153053265,531.3901083194323,450.9182844091027,511.4144587974321,370.81132768609046,647.1246794506382,663.9285107315942,531.9393570092269,733.7266844967099,225.96838847328448,269.2468988456463,828.7344336867573,656.4187296948513,444.3394876857615,534.4010624120098,188.2210200303075,647.2898380309938,0.0,189.9233051405565,743.3765274366336
