,0,1,2,3,4,5,6,7,8,9,10,11,12,13,14,15,16,17,18,19,20,21,22,23,24,25,26,27,28,29,30,31,32,33,34,35,36,37,38,39,40,41,42,43,44,45,46,47
0,0.0,1431.0,1156.0,1200.7,678.7,1107.5,876.0,1138.1,874.7,684.7,1410.2,774.5,1068.8,1065.4,928.4,515.0,865.5,1111.5,514.6,439.7,728.8,424.1,677.4,418.7,1285.0,528.4,766.7,860.3,1535.8,1125.4,1308.8,1484.4,1134.9,1040.6,695.0,905.4,1022.0,891.6,1322.7,837.9,1034.2,1347.3,1469.2,825.6,906.1,1091.8,721.3,1513.9
1,1431.0,0.0,335.7,454.9,799.0,686.4,701.1,557.8,596.5,1093.9,42.7,923.4,400.9,531.6,1002.4,981.5,587.3,690.4,928.9,1003.8,893.9,1019.4,899.7,1012.3,516.6,915.1,915.6,617.5,147.6,519.1,214.6,147.0,342.6,741.7,851.1,990.5,551.5,690.9,228.5,673.3,469.4,476.1,174.2,899.0,645.7,558.0,891.9,128.1
2,1156.0,335.7,0.0,282.2,610.6,600.5,512.7,369.4,321.5,908.9,314.9,735.0,212.5,358.9,916.5,793.1,312.3,604.5,740.5,810.5,705.5,794.9,711.3,737.3,733.6,726.7,727.2,342.5,440.5,330.7,213.5,389.1,154.2,650.2,662.7,904.6,215.8,502.5,227.4,484.9,174.4,766.6,373.9,718.0,367.6,385.3,706.9,418.6
3,1200.7,454.9,282.2,0.0,723.3,398.1,424.1,300.8,543.0,718.8,434.1,650.1,347.4,156.5,714.1,898.6,533.8,402.1,846.0,920.9,620.6,936.5,548.7,958.8,531.2,832.2,642.3,564.0,559.7,342.6,332.7,508.3,289.1,447.8,669.8,702.2,498.0,355.6,346.6,540.4,415.9,593.5,493.1,523.9,592.2,182.9,516.8,537.8
4,678.7,799.0,610.6,723.3,0.0,777.9,299.2,517.9,446.7,497.1,778.2,235.4,424.3,588.0,535.6,216.7,437.5,781.9,164.1,239.0,205.9,254.6,281.6,312.2,911.0,150.3,227.6,432.3,903.8,480.9,676.8,852.4,490.4,645.2,151.9,512.6,551.8,376.0,690.7,193.4,490.9,973.3,837.2,430.2,478.1,614.4,325.9,881.9
5,1107.5,686.4,600.5,398.1,777.9,0.0,521.2,407.1,735.2,667.0,717.3,704.7,524.5,241.6,353.8,949.6,726.0,4.0,897.0,971.9,675.2,987.5,599.7,1045.1,215.3,883.2,696.9,756.2,650.1,448.9,651.0,754.3,590.6,137.5,724.4,341.9,694.3,452.7,664.9,637.5,630.5,277.6,781.5,419.5,784.4,215.2,452.0,558.3
6,876.0,701.1,512.7,424.1,299.2,521.2,0.0,348.2,479.9,403.5,680.3,226.0,326.4,288.8,442.0,478.7,470.7,525.2,426.1,501.0,196.5,516.6,198.6,574.2,654.3,412.3,218.2,500.9,805.9,326.8,578.9,754.5,392.5,388.5,245.7,419.0,496.2,76.8,592.8,149.0,432.4,716.6,739.3,252.2,529.1,315.2,201.5,784.0
7,1138.1,557.8,369.4,300.8,517.9,407.1,348.2,0.0,393.8,656.2,537.0,574.2,183.1,165.5,694.7,700.4,384.6,411.1,647.8,722.7,544.7,738.3,486.1,771.2,540.2,634.0,566.4,414.8,662.6,41.8,435.6,611.2,249.2,456.8,570.0,671.7,352.9,279.7,449.5,391.2,289.1,602.5,596.0,461.6,443.0,191.9,454.2,640.7
8,874.7,596.5,321.5,543.0,446.7,735.2,479.9,393.8,0.0,844.0,575.7,582.3,283.3,493.6,882.5,604.5,9.2,739.2,576.6,529.2,552.8,513.6,628.5,456.0,868.3,562.8,574.5,61.2,701.3,355.1,474.3,649.9,318.1,738.8,498.8,859.5,187.5,469.7,488.2,390.3,199.7,930.6,634.7,685.2,124.5,520.0,672.8,679.4
9,684.7,1093.9,908.9,718.8,497.1,667.0,403.5,656.2,844.0,0.0,1073.1,409.9,722.6,583.5,400.5,547.1,834.8,671.0,494.5,569.4,364.2,585.0,312.8,642.6,800.1,480.7,402.1,829.6,1198.7,698.0,971.7,1147.3,788.7,534.3,421.1,377.5,892.4,409.7,985.6,511.1,828.6,862.4,1132.1,319.3,875.4,609.9,215.0,1143.1
10,1410.2,42.7,314.9,434.1,778.2,717.3,680.3,537.0,575.7,1073.1,0.0,902.6,380.1,510.8,1033.3,960.7,566.5,721.3,908.1,983.0,873.1,998.6,878.9,991.5,547.5,894.3,894.8,596.7,158.6,498.3,193.8,107.2,321.8,772.6,830.3,1021.4,530.7,670.1,207.7,652.5,448.6,507.0,134.4,878.2,624.9,537.2,871.1,159.0
11,774.5,923.4,735.0,650.1,235.4,704.7,226.0,574.2,582.3,409.9,902.6,0.0,548.7,514.8,462.4,336.0,573.1,708.7,283.4,358.3,45.7,373.9,208.4,431.5,837.8,269.6,7.8,567.9,1028.2,552.8,801.2,976.8,614.8,572.0,181.9,439.4,679.1,302.8,815.1,255.8,615.3,900.1,961.6,357.0,613.7,541.2,252.7,1006.3
12,1068.8,400.9,212.5,347.4,424.3,524.5,326.4,183.1,283.3,722.6,380.1,548.7,0.0,282.9,761.1,606.8,274.1,528.5,554.2,629.1,519.2,644.7,525.0,665.5,657.6,540.4,540.9,304.3,505.7,144.4,278.7,454.3,92.3,574.2,476.4,738.1,242.4,316.2,292.6,298.6,178.6,719.9,439.1,531.7,332.5,309.3,520.6,483.8
13,1065.4,531.6,358.9,156.5,588.0,241.6,288.8,165.5,493.6,583.5,510.8,514.8,282.9,0.0,557.6,763.3,484.4,245.6,710.7,785.6,485.3,801.2,413.4,858.8,374.7,696.9,507.0,514.6,636.4,207.3,409.4,585.0,349.0,291.3,534.5,545.7,452.7,220.3,423.3,405.1,388.9,437.0,569.8,388.6,542.8,26.4,381.5,614.5
14,928.4,1002.4,916.5,714.1,535.6,353.8,442.0,694.7,882.5,400.5,1033.3,462.4,761.1,557.6,0.0,707.3,873.3,357.8,654.7,729.6,432.9,745.2,357.4,802.8,531.3,640.9,454.6,868.1,966.1,736.5,967.0,1070.3,827.2,453.5,482.1,34.1,930.9,448.2,980.9,549.6,867.1,593.6,1097.5,357.8,913.9,531.2,253.5,874.3
15,515.0,981.5,793.1,898.6,216.7,949.6,478.7,700.4,604.5,547.1,960.7,336.0,606.8,763.3,707.3,0.0,595.3,953.6,52.6,75.3,290.3,90.9,349.9,148.5,1082.7,66.4,328.2,590.1,1086.3,663.4,859.3,1034.9,672.9,816.9,233.0,684.3,734.3,555.5,873.2,375.9,673.4,1145.0,1019.7,601.9,635.9,789.7,497.6,1064.4
16,865.5,587.3,312.3,533.8,437.5,726.0,470.7,384.6,9.2,834.8,566.5,573.1,274.1,484.4,873.3,595.3,0.0,730.0,567.4,520.0,543.6,504.4,619.3,446.8,859.1,553.6,565.3,52.0,692.1,345.9,465.1,640.7,308.9,729.6,489.6,850.3,178.3,460.5,479.0,381.1,190.5,921.4,625.5,676.0,115.3,510.8,663.6,670.2
17,1111.5,690.4,604.5,402.1,781.9,4.0,525.2,411.1,739.2,671.0,721.3,708.7,528.5,245.6,357.8,953.6,730.0,0.0,901.0,975.9,679.2,991.5,603.7,1049.1,219.3,887.2,700.9,760.2,654.1,452.9,655.0,758.3,594.6,141.5,728.4,345.9,698.3,456.7,668.9,641.5,634.5,281.6,785.5,423.5,788.4,219.2,456.0,562.3
18,514.6,928.9,740.5,846.0,164.1,897.0,426.1,647.8,576.6,494.5,908.1,283.4,554.2,710.7,654.7,52.6,567.4,901.0,0.0,74.9,237.7,90.5,297.3,148.1,1030.1,13.8,275.6,562.2,1033.7,610.8,806.7,982.3,620.3,764.3,180.4,631.7,681.7,502.9,820.6,323.3,620.8,1092.4,967.1,549.3,608.0,737.1,445.0,1011.8
19,439.7,1003.8,810.5,920.9,239.0,971.9,501.0,722.7,529.2,569.4,983.0,358.3,629.1,785.6,729.6,75.3,520.0,975.9,74.9,0.0,312.6,15.6,372.2,73.2,1105.0,88.7,350.5,514.8,1108.6,685.7,881.6,1057.2,695.2,839.2,255.3,706.6,676.5,577.8,895.5,398.2,688.7,1167.3,1042.0,624.2,560.6,812.0,519.9,1086.7
20,728.8,893.9,705.5,620.6,205.9,675.2,196.5,544.7,552.8,364.2,873.1,45.7,519.2,485.3,432.9,290.3,543.6,679.2,237.7,312.6,0.0,328.2,167.0,385.8,808.3,223.9,37.9,538.4,998.7,523.3,771.7,947.3,585.3,542.5,152.4,409.9,649.6,273.3,785.6,226.3,585.8,870.6,932.1,327.5,584.2,511.7,223.2,976.8
21,424.1,1019.4,794.9,936.5,254.6,987.5,516.6,738.3,513.6,585.0,998.6,373.9,644.7,801.2,745.2,90.9,504.4,991.5,90.5,15.6,328.2,0.0,387.8,57.6,1120.6,104.3,366.1,499.2,1124.2,701.3,897.2,1072.8,710.8,854.8,270.9,722.2,660.9,593.4,911.1,413.8,673.1,1182.9,1057.6,639.8,545.0,827.6,535.5,1102.3
22,677.4,899.7,711.3,548.7,281.6,599.7,198.6,486.1,628.5,312.8,878.9,208.4,525.0,413.4,357.4,349.9,619.3,603.7,297.3,372.2,167.0,387.8,0.0,445.4,732.8,283.5,200.6,614.1,1004.5,525.4,777.5,953.1,591.1,467.0,223.9,334.4,694.8,239.6,791.4,297.0,631.0,795.1,937.9,252.0,659.9,439.8,147.7,982.6
23,418.7,1012.3,737.3,958.8,312.2,1045.1,574.2,771.2,456.0,642.6,991.5,431.5,665.5,858.8,802.8,148.5,446.8,1049.1,148.1,73.2,385.8,57.6,445.4,0.0,1178.2,161.9,423.7,441.6,1117.1,734.2,890.1,1065.7,731.6,912.4,328.5,779.8,603.3,649.2,904.0,467.7,615.5,1240.5,1050.5,697.4,487.4,885.2,593.1,1095.2
24,1285.0,516.6,733.6,531.2,911.0,215.3,654.3,540.2,868.3,800.1,547.5,837.8,657.6,374.7,531.3,1082.7,859.1,219.3,1030.1,1105.0,808.3,1120.6,732.8,1178.2,0.0,1016.3,830.0,889.3,480.3,582.0,686.0,584.5,723.7,270.6,857.5,519.4,827.4,585.8,699.9,770.6,763.6,92.3,611.7,552.6,917.5,348.3,585.1,388.5
25,528.4,915.1,726.7,832.2,150.3,883.2,412.3,634.0,562.8,480.7,894.3,269.6,540.4,696.9,640.9,66.4,553.6,887.2,13.8,88.7,223.9,104.3,283.5,161.9,1016.3,0.0,261.8,548.4,1019.9,597.0,792.9,968.5,606.5,750.5,166.6,617.9,667.9,489.1,806.8,309.5,607.0,1078.6,953.3,535.5,594.2,723.3,431.2,998.0
26,766.7,915.6,727.2,642.3,227.6,696.9,218.2,566.4,574.5,402.1,894.8,7.8,540.9,507.0,454.6,328.2,565.3,700.9,275.6,350.5,37.9,366.1,200.6,423.7,830.0,261.8,0.0,560.1,1020.4,545.0,793.4,969.0,607.0,564.2,174.1,431.6,671.3,295.0,807.3,248.0,607.5,892.3,953.8,349.2,605.9,533.4,244.9,998.5
27,860.3,617.5,342.5,564.0,432.3,756.2,500.9,414.8,61.2,829.6,596.7,567.9,304.3,514.6,868.1,590.1,52.0,760.2,562.2,514.8,538.4,499.2,614.1,441.6,889.3,548.4,560.1,0.0,722.3,376.1,495.3,670.9,339.1,759.8,484.4,845.1,208.5,490.7,509.2,411.3,220.7,951.6,655.7,706.2,130.1,541.0,658.4,700.4
28,1535.8,147.6,440.5,559.7,903.8,650.1,805.9,662.6,701.3,1198.7,158.6,1028.2,505.7,636.4,966.1,1086.3,692.1,654.1,1033.7,1108.6,998.7,1124.2,1004.5,1117.1,480.3,1019.9,1020.4,722.3,0.0,623.9,319.4,143.2,447.4,705.4,955.9,954.2,656.3,795.7,333.3,778.1,574.2,439.8,170.4,987.4,750.5,662.8,996.7,91.8
29,1125.4,519.1,330.7,342.6,480.9,448.9,326.8,41.8,355.1,698.0,498.3,552.8,144.4,207.3,736.5,663.4,345.9,452.9,610.8,685.7,523.3,701.3,525.4,734.2,582.0,597.0,545.0,376.1,623.9,0.0,396.9,572.5,210.5,498.6,533.0,713.5,314.2,316.6,410.8,354.2,250.4,644.3,557.3,503.4,404.3,233.7,496.0,602.0
30,1308.8,214.6,213.5,332.7,676.8,651.0,578.9,435.6,474.3,971.7,193.8,801.2,278.7,409.4,967.0,859.3,465.1,655.0,806.7,881.6,771.7,897.2,777.5,890.1,686.0,792.9,793.4,495.3,319.4,396.9,0.0,268.0,220.4,700.7,728.9,955.1,425.3,568.7,21.9,551.1,347.2,645.5,259.2,776.8,519.0,435.8,769.7,297.5
31,1484.4,147.0,389.1,508.3,852.4,754.3,754.5,611.2,649.9,1147.3,107.2,976.8,454.3,585.0,1070.3,1034.9,640.7,758.3,982.3,1057.2,947.3,1072.8,953.1,1065.7,584.5,968.5,969.0,670.9,143.2,572.5,268.0,0.0,396.0,809.6,904.5,1058.4,604.9,744.3,281.9,726.7,522.8,544.0,61.0,952.4,699.1,611.4,945.3,196.0
32,1134.9,342.6,154.2,289.1,490.4,590.6,392.5,249.2,318.1,788.7,321.8,614.8,92.3,349.0,827.2,672.9,308.9,594.6,620.3,695.2,585.3,710.8,591.1,731.6,723.7,606.5,607.0,339.1,447.4,210.5,220.4,396.0,0.0,640.3,542.5,804.2,277.2,382.3,234.3,364.7,191.0,773.5,380.8,597.8,367.3,375.4,586.7,425.5
33,1040.6,741.7,650.2,447.8,645.2,137.5,388.5,456.8,738.8,534.3,772.6,572.0,574.2,291.3,453.5,816.9,729.6,141.5,764.3,839.2,542.5,854.8,467.0,912.4,270.6,750.5,564.2,759.8,705.4,498.6,700.7,809.6,640.3,0.0,591.7,441.6,744.0,320.0,714.6,504.8,680.2,332.9,836.8,286.8,788.0,264.9,319.3,613.6
34,695.0,851.1,662.7,669.8,151.9,724.4,245.7,570.0,498.8,421.1,830.3,181.9,476.4,534.5,482.1,233.0,489.6,728.4,180.4,255.3,152.4,270.9,223.9,328.5,857.5,166.6,174.1,484.4,955.9,533.0,728.9,904.5,542.5,591.7,0.0,459.1,603.9,322.5,742.8,245.5,543.0,919.8,889.3,376.7,530.2,560.9,272.4,934.0
35,905.4,990.5,904.6,702.2,512.6,341.9,419.0,671.7,859.5,377.5,1021.4,439.4,738.1,545.7,34.1,684.3,850.3,345.9,631.7,706.6,409.9,722.2,334.4,779.8,519.4,617.9,431.6,845.1,954.2,713.5,955.1,1058.4,804.2,441.6,459.1,0.0,907.9,425.2,969.0,526.6,844.1,581.7,1085.6,334.8,890.9,519.3,230.5,862.4
36,1022.0,551.5,215.8,498.0,551.8,694.3,496.2,352.9,187.5,892.4,530.7,679.1,242.4,452.7,930.9,734.3,178.3,698.3,681.7,676.5,649.6,660.9,694.8,603.3,827.4,667.9,671.3,208.5,656.3,314.2,425.3,604.9,277.2,744.0,603.9,907.9,0.0,486.0,443.2,429.0,111.0,889.7,589.7,701.5,153.3,479.1,690.4,634.4
37,891.6,690.9,502.5,355.6,376.0,452.7,76.8,279.7,469.7,409.7,670.1,302.8,316.2,220.3,448.2,555.5,460.5,456.7,502.9,577.8,273.3,593.4,239.6,649.2,585.8,489.1,295.0,490.7,795.7,316.6,568.7,744.3,382.3,320.0,322.5,425.2,486.0,0.0,582.6,184.8,422.2,648.1,729.1,215.5,518.9,246.7,207.7,773.8
38,1322.7,228.5,227.4,346.6,690.7,664.9,592.8,449.5,488.2,985.6,207.7,815.1,292.6,423.3,980.9,873.2,479.0,668.9,820.6,895.5,785.6,911.1,791.4,904.0,699.9,806.8,807.3,509.2,333.3,410.8,21.9,281.9,234.3,714.6,742.8,969.0,443.2,582.6,0.0,565.0,361.1,659.4,273.1,790.7,537.4,449.7,783.6,311.4
39,837.9,673.3,484.9,540.4,193.4,637.5,149.0,391.2,390.3,511.1,652.5,255.8,298.6,405.1,549.6,375.9,381.1,641.5,323.3,398.2,226.3,413.8,297.0,467.7,770.6,309.5,248.0,411.3,778.1,354.2,551.1,726.7,364.7,504.8,245.5,526.6,429.0,184.8,565.0,0.0,365.2,832.9,711.5,359.8,439.5,431.5,309.1,756.2
40,1034.2,469.4,174.4,415.9,490.9,630.5,432.4,289.1,199.7,828.6,448.6,615.3,178.6,388.9,867.1,673.4,190.5,634.5,620.8,688.7,585.8,673.1,631.0,615.5,763.6,607.0,607.5,220.7,574.2,250.4,347.2,522.8,191.0,680.2,543.0,844.1,111.0,422.2,361.1,365.2,0.0,825.9,507.6,637.7,248.9,415.3,626.6,552.3
41,1347.3,476.1,766.6,593.5,973.3,277.6,716.6,602.5,930.6,862.4,507.0,900.1,719.9,437.0,593.6,1145.0,921.4,281.6,1092.4,1167.3,870.6,1182.9,795.1,1240.5,92.3,1078.6,892.3,951.6,439.8,644.3,645.5,544.0,773.5,332.9,919.8,581.7,889.7,648.1,659.4,832.9,825.9,0.0,571.2,614.9,979.8,410.6,647.4,348.0
42,1469.2,174.2,373.9,493.1,837.2,781.5,739.3,596.0,634.7,1132.1,134.4,961.6,439.1,569.8,1097.5,1019.7,625.5,785.5,967.1,1042.0,932.1,1057.6,937.9,1050.5,611.7,953.3,953.8,655.7,170.4,557.3,259.2,61.0,380.8,836.8,889.3,1085.6,589.7,729.1,273.1,711.5,507.6,571.2,0.0,937.2,683.9,596.2,930.1,223.2
43,825.6,899.0,718.0,523.9,430.2,419.5,252.2,461.6,685.2,319.3,878.2,357.0,531.7,388.6,357.8,601.9,676.0,423.5,549.3,624.2,327.5,639.8,252.0,697.4,552.6,535.5,349.2,706.2,987.4,503.4,776.8,952.4,597.8,286.8,376.7,334.8,701.5,215.5,790.7,359.8,637.7,614.9,937.2,0.0,734.4,415.0,104.3,895.6
44,906.1,645.7,367.6,592.2,478.1,784.4,529.1,443.0,124.5,875.4,624.9,613.7,332.5,542.8,913.9,635.9,115.3,788.4,608.0,560.6,584.2,545.0,659.9,487.4,917.5,594.2,605.9,130.1,750.5,404.3,519.0,699.1,367.3,788.0,530.2,890.9,153.3,518.9,537.4,439.5,248.9,979.8,683.9,734.4,0.0,569.2,704.2,728.6
45,1091.8,558.0,385.3,182.9,614.4,215.2,315.2,191.9,520.0,609.9,537.2,541.2,309.3,26.4,531.2,789.7,510.8,219.2,737.1,812.0,511.7,827.6,439.8,885.2,348.3,723.3,533.4,541.0,662.8,233.7,435.8,611.4,375.4,264.9,560.9,519.3,479.1,246.7,449.7,431.5,415.3,410.6,596.2,415.0,569.2,0.0,407.9,640.9
46,721.3,891.9,706.9,516.8,325.9,452.0,201.5,454.2,672.8,215.0,871.1,252.7,520.6,381.5,253.5,497.6,663.6,456.0,445.0,519.9,223.2,535.5,147.7,593.1,585.1,431.2,244.9,658.4,996.7,496.0,769.7,945.3,586.7,319.3,272.4,230.5,690.4,207.7,783.6,309.1,626.6,647.4,930.1,104.3,704.2,407.9,0.0,928.1
47,1513.9,128.1,418.6,537.8,881.9,558.3,784.0,640.7,679.4,1143.1,159.0,1006.3,483.8,614.5,874.3,1064.4,670.2,562.3,1011.8,1086.7,976.8,1102.3,982.6,1095.2,388.5,998.0,998.5,700.4,91.8,602.0,297.5,196.0,425.5,613.6,934.0,862.4,634.4,773.8,311.4,756.2,552.3,348.0,223.2,895.6,728.6,640.9,928.1,0.0
