,0,1,2,3,4,5,6,7,8,9,10,11,12,13,14,15,16,17,18,19,20,21,22,23,24,25,26,27,28,29,30,31,32,33,34,35,36,37,38,39,40,41,42,43,44,45,46,47
0,0.0,1573.581101845203,1379.5142927731322,1327.2326041029394,717.1873764020663,1270.6001578607236,912.0596697289866,1241.187406140554,1082.0416402001306,766.185324894692,1509.8467402753986,675.7038889622714,1229.2165877472646,1172.0981762770896,940.7541093158768,459.8811735147089,1093.2851566558174,1249.9476176933526,529.8814128457325,522.6938686570129,687.9424668047931,492.6608478164564,695.4880632159953,549.6796023393863,1337.6651621632136,550.2029204757935,685.2184627401351,1067.135683257721,1586.3497316542755,1245.7432984143582,1452.1038605347865,1439.7655589660037,1291.3868487577388,1220.7110030799224,700.1866825445126,947.780762534778,1292.5121874252472,962.3492443588948,1483.07484969617,914.1820584457216,1263.3469890286376,1383.8049152663918,1408.271767956507,919.9297508541318,1207.0700507016306,1180.601375652423,822.8731071824103,1667.6765190679764
1,1573.581101845203,0.0,405.162639718028,246.78970707556,902.3259567016016,534.4779608219958,665.7521579270219,360.5096959027604,775.3466018238782,902.3475410300792,64.741007147241,898.3331420604579,480.3621326701944,410.1564264008196,754.4594668293524,1131.1306026036775,776.5815976431829,532.1810136859917,1073.898667352564,1121.4336125120376,893.1423578491788,1163.3216128907468,878.4145044470671,1116.1692010845788,341.26032865514514,1069.0766676084404,889.5787021668863,798.9472787588801,118.5854688344146,388.2569494523309,260.7589641029733,159.0514526006167,403.8458974790571,470.83634434985936,900.2855641557611,784.74067910315,674.4598608042303,611.2455527379674,259.2119043093878,715.9743968408263,575.1645038696979,261.2181895332474,188.575657032026,710.6915465776245,758.2196242754405,412.6550595777627,769.9523569988789,135.03235138341734
2,1379.5142927731322,405.162639718028,0.0,317.26012812777805,662.8458092437514,733.0785687454276,508.832633399367,231.59434617618948,401.9312214119877,871.0138570792468,362.0817538412915,733.4620847634242,150.2997129559609,437.1349413649708,786.5940384177084,919.6606051640194,399.622645531485,717.8252230323881,850.1853989847423,872.319353737441,703.2118144286571,910.627147389052,731.2484584348514,855.7246148011259,557.4929818801979,833.1642186451243,720.1999621805268,426.1687516061664,510.2354216420817,181.21345580391045,145.5886788137435,424.2693931270243,102.33758679406968,621.6269235577087,680.1271564270488,831.7094179550633,269.4860238477634,499.28484457933,157.31833648047987,465.4391439146525,179.0248638386786,499.7643678099888,421.6255137569918,701.0526876790453,358.76101932929555,469.0259578462547,694.5943242202611,539.4150484679667
3,1327.2326041029394,246.78970707556,317.26012812777805,0.0,659.7228028235115,421.2857019598607,419.1488478915,143.70795243750416,591.9491840534189,677.7084123729153,182.6580373347905,651.74057576428,310.5039849118456,179.24025219644582,547.9895200436893,884.5823498768981,596.2872871838099,408.3621093378155,828.1544305122644,877.8594198434694,646.5120870028533,919.9052808734708,632.5358045803029,874.2385570884047,240.2330321238255,824.3870475915307,642.8602539995118,613.5514329652852,286.8601932201923,195.7113866045194,233.8962811594362,146.0245879001666,254.55479001738655,317.58479647931034,655.4273753175779,585.6329173549573,551.1023907852152,364.9662394815465,260.5447757092912,480.252948274565,436.4740667750347,187.39865017643177,126.61331935070444,487.2354663561375,609.0111015077566,194.8955928628844,531.522200684767,356.0107484585944
4,717.1873764020663,902.3259567016016,662.8458092437514,659.7228028235115,0.0,778.0272657349872,256.08336889456217,547.5128968157593,403.27533503743217,467.1037973347825,837.6390947988464,172.1564369432675,512.6545255946311,545.6509612161842,539.897286053145,258.1030950295842,416.03602099931766,753.6557977752856,187.39715945467643,219.59910047063664,114.1518123968364,261.212415774136,205.98651624951452,214.62107317956463,752.6838695401441,171.9819600318843,159.6320948601123,396.3579582093913,942.3248188687808,540.5054746538467,744.3078421722399,794.0659499189001,577.6315422810706,680.1894742463976,45.72649359387097,580.9061018849512,596.7906729852438,329.0870333998485,774.1124823958127,199.0510971298917,551.0361435149125,770.3738260824815,765.5993878126189,450.6682613711481,530.0744489845177,568.9954608247597,336.432013842868,1015.4137686836984
5,1270.6001578607236,534.4779608219958,733.0785687454276,421.2857019598607,778.0272657349872,0.0,538.3356357411424,515.2911841439634,907.401056042344,507.4718474747122,502.0583414066182,672.6335425596562,684.8473281661045,320.8455636289698,331.12358552391305,909.3997238525152,915.9351209070632,24.379090698051638,881.2938745318033,955.8793559809926,702.9360795190745,995.166695609451,636.0236916519669,968.7636329272568,197.36332289584507,895.0782481972442,672.8533195304194,923.3199778215984,461.905218275061,575.848681447488,652.3026555073398,383.9615568663748,653.5814757304424,119.56175642260858,749.357654100186,333.8350495606932,934.1873333767808,464.8618671194976,675.9676886990967,681.5514347905286,818.5907163060756,276.9980249661855,362.9261100955674,361.2456448535365,965.5442362046934,283.8672491033078,477.3906121129582,540.7769558737355
6,912.0596697289866,665.7521579270219,508.832633399367,419.1488478915,256.08336889456217,538.3356357411424,0.0,331.5184040514057,430.7634138077135,386.57982881679305,601.2833714927459,237.92989197291388,369.2502773953233,290.05049881492187,370.8016420176394,465.4339313530657,442.4330545436629,514.1245806927046,410.3290922245517,465.8298782715528,227.39028486410925,507.9560501531263,226.96533441371756,467.3558527450058,496.9102308576562,409.4575275309996,227.2761425796649,438.6070295742481,694.160525284443,346.0783887393513,549.9296031172863,545.2164953899845,408.7579025183352,432.37061045668526,241.7765035496814,418.8791721172765,552.1907444484872,74.88626357735676,581.9560279122599,155.55081980673495,463.5166601969712,515.0546402299975,515.5578199775522,269.30308073068994,530.8934338865538,312.92274626933425,204.6635805816275,770.5188689936437
7,1241.187406140554,360.5096959027604,231.59434617618948,143.70795243750416,547.5128968157593,515.2911841439634,331.5184040514057,0.0,448.4236440228486,656.4753716690584,297.00782096463473,569.3302395731839,175.01069611956223,206.7156708333303,558.4409623997457,787.7456085806657,452.971265902822,497.7913189258836,725.7546808661546,767.0913230110827,553.3414204604514,808.5495318540858,557.4521234326888,759.4815722603357,360.1098462308731,717.4062443387926,558.2883483208685,469.9046284224254,423.0555915781983,60.82848432696642,222.5382978144261,288.81220814759666,139.7832475309024,399.1817678404885,550.3698261024197,602.5267458498842,423.41410368301126,298.13733962741327,254.8931262373274,356.4134868414256,307.1983225612857,323.05145514585786,270.2956561338764,477.6320552565808,471.3468641787427,240.2118802620554,488.5554683873914,484.3324664633981
8,1082.0416402001306,775.3466018238782,401.9312214119877,591.9491840534189,403.27533503743217,907.401056042344,430.7634138077135,448.4236440228486,0.0,801.356542239155,719.2383303678091,549.4171488636073,295.1421378232217,591.8675190809391,801.0558787666124,642.9859276931599,12.937170209699625,885.3413368176092,569.7594202977587,559.7611191335463,496.88360080990736,589.7802352427515,569.1867392603752,532.5591370113596,792.2296442160388,541.172193909063,534.4863971179101,24.260850306146004,860.135241790776,399.276904800562,536.2691741715861,735.5573303822109,371.7987812301866,788.6423949079676,441.4763659107012,849.3407557219284,213.51599592011,480.758856001468,555.4082163560755,283.78120089676804,228.1041612421956,767.9070777682231,718.5487088258923,699.5634038044061,127.69543084067888,628.2166526155014,626.5599410902911,908.9792804477707
9,766.185324894692,902.3475410300792,871.0138570792468,677.7084123729153,467.1037973347825,507.4718474747122,386.57982881679305,656.4753716690584,801.356542239155,0.0,845.586353621041,297.715278699254,744.6970816798145,498.8762713329124,176.39214577349915,466.6323196771731,813.8482769222867,488.138757212269,468.9135921738881,551.8890305076343,354.0005296675069,581.893699273213,261.29469637519827,578.1208306906451,605.7989061270305,496.4902272874286,308.52292231680707,804.5051400241302,881.621303945504,692.9373287003239,875.5756214245264,748.4437667903803,768.6891023992207,475.2477425022001,422.3057704517764,182.4871801798748,938.6334539343476,373.5508198019321,907.5582347295132,517.9586685929656,848.7290925210305,667.816049786741,716.851181153157,191.7793138553524,911.517299806678,490.4323894111849,182.2403345059253,966.3901682582602
10,1509.8467402753986,64.741007147241,362.0817538412915,182.6580373347905,837.6390947988464,502.0583414066182,601.2833714927459,297.00782096463473,719.2383303678091,845.586353621041,0.0,834.3966892391602,424.1730848846448,350.0534093406921,702.0104304116239,1066.603137235514,721.0367303703117,497.17975021687056,1009.2052631942988,1056.7137502510832,828.6678732616833,1098.6094761922568,814.9422815336559,1051.5421591173258,305.19047622850115,1004.3360719183116,825.5053864191664,742.5802436076506,148.1710002496394,327.49576376276804,222.7345000325702,118.11966937627118,349.4362767268733,427.7957265189784,835.548996074674,734.2569189579035,629.2154682883742,547.5192926211312,228.49483751900925,651.8016540343974,525.7409369757452,225.07247083027752,142.28382300375236,653.8088521142948,708.4584651994327,355.1552488781294,709.1027787981259,190.43958080955937
11,675.7038889622714,898.3331420604579,733.4620847634242,651.74057576428,172.1564369432675,672.6335425596562,237.92989197291388,569.3302395731839,549.4171488636073,297.715278699254,834.3966892391602,0.0,586.6347020751174,502.7457925630568,393.5871922830098,244.19535514506907,562.3501657953856,648.8261894134847,208.6609920271775,284.96161475734874,58.11017462166557,323.09355954079786,39.85148206656828,302.2609381040801,688.1007729473899,224.32069784080747,14.993252200530778,546.9350941324678,916.7899122544522,580.7265612867513,786.2040244161817,768.6316117271086,637.0220568947165,591.2765547424783,126.50420002207257,429.2672236224993,722.5814406194437,287.3213996745504,818.0032972572387,287.79922030283467,656.2284896207275,722.674325813051,737.658773063793,318.5506832350128,671.5113293375274,516.1638521468893,198.1776827595432,996.313773300294
12,1229.2165877472646,480.3621326701944,150.2997129559609,310.5039849118456,512.6545255946311,684.8473281661045,369.2502773953233,175.01069611956223,295.1421378232217,744.6970816798145,424.1730848846448,586.6347020751174,0.0,366.991250758654,679.8797814985534,769.3609077163669,296.8797652941445,666.0754238283033,699.9533058655818,723.3268085360598,554.3579331055331,762.0835745164613,586.6435093184258,707.705663738964,535.1188480528729,683.25783327707,573.0502340581012,318.6303550345478,566.2831049001138,115.8404468588004,252.35142842359696,448.1825298769886,78.76262546041903,566.6699968408556,529.9122808655674,727.0999678422365,249.66606919891785,371.4083658101746,277.05784745387774,315.1569627637364,133.75300245845722,495.6938053858217,434.8660915557186,587.167257325694,298.5110053573744,403.1848520112789,564.3222499108946,613.8386509186174
13,1172.0981762770896,410.1564264008196,437.1349413649708,179.24025219644582,545.6509612161842,320.8455636289698,290.05049881492187,206.7156708333303,591.8675190809391,498.8762713329124,350.0534093406921,502.7457925630568,366.991250758654,0.0,371.29341718898326,744.1607555346349,599.6387629260712,300.7609834722738,695.2646819028286,754.9080969085987,508.3780302277313,796.9309823788708,477.9139394601655,757.3506922761629,214.02938226817807,697.427513371647,496.1504394211461,609.2579262215082,414.6217784297869,264.34581803263256,395.56388356227694,267.7360382171546,346.0375544157666,201.4263481305057,531.2872450944701,411.1532376167635,615.0550715314803,220.851839388698,425.7120636100183,398.7830720514276,500.2513709732567,225.03911707594077,236.1759776765587,308.04640752884063,644.8515733554897,37.00036549011839,359.9152237590966,495.5861997473231
14,940.7541093158768,754.4594668293524,786.5940384177084,547.9895200436893,539.897286053145,331.12358552391305,370.8016420176394,558.4409623997457,801.0558787666124,176.39214577349915,702.0104304116239,393.5871922830098,679.8797814985534,371.29341718898326,0.0,607.5469286155222,812.518277342531,311.7659143524415,593.8716173548108,674.6528206074528,439.2754781641048,709.9072193675968,353.7827254851904,694.8966790126163,439.804361132572,615.0872420781125,399.0009242466911,809.3736609211903,721.5777529678896,605.4346123768092,765.2312772000888,596.7433194701407,686.6505086978615,305.36154390188653,500.563283656011,48.60814024256562,902.2330754826904,325.07597885317136,795.9798870978722,524.2356473377188,799.6583753847896,507.5927433336549,566.1325004431759,101.51894795058335,895.551140447591,353.34865485702204,203.46538466190336,806.3100490403045
15,459.8811735147089,1131.1306026036775,919.6606051640194,884.5823498768981,258.1030950295842,909.3997238525152,465.4339313530657,787.7456085806657,642.9859276931599,466.6323196771731,1066.603137235514,244.19535514506907,769.3609077163669,744.1607555346349,607.5469286155222,0.0,655.1266666728252,886.0625272127738,73.40604751652238,117.14028254756646,238.1428634092861,127.84310722777742,276.2622868975457,153.96710700568707,932.2958272620664,103.57572634317803,248.82554925387947,631.5775554489737,1156.48514279934,788.4501735281766,994.3873878280292,1007.7387891717904,831.8281341235988,833.5455325828742,240.7112627225285,633.9878099152443,846.773363870958,525.0991619476434,1025.0109135104633,454.3008858253576,807.996173645662,965.8660379262004,977.2565385776912,549.2288712429937,770.5363013983874,759.2381281849675,432.1454702820142,1234.5343986703297
16,1093.2851566558174,776.5815976431829,399.622645531485,596.2872871838099,416.03602099931766,915.9351209070632,442.4330545436629,452.971265902822,12.937170209699625,813.8482769222867,721.0367303703117,562.3501657953856,296.8797652941445,599.6387629260712,812.518277342531,655.1266666728252,0.0,893.9881463453046,581.9391286081396,571.186376672595,509.8177448595636,600.8791219388116,582.0754891084513,543.6975574938588,798.8001208959538,553.1673357827076,547.4185593663063,29.15194945823788,862.6577708989424,402.8091000945669,535.4640939820242,739.3800941111632,372.77780839897895,797.0250427553533,454.3397370537291,860.8420785935292,203.83855597839437,491.6632852653592,553.9811123202878,296.13911703629327,224.1613816861937,773.358495912007,722.8299749917277,711.0473615238543,115.41640058010428,636.0987854819435,638.7793802315333,910.4955048780243
17,1249.9476176933526,532.1810136859917,717.8252230323881,408.3621093378155,753.6557977752856,24.379090698051638,514.1245806927046,497.7913189258836,885.3413368176092,488.138757212269,497.17975021687056,648.8261894134847,666.0754238283033,300.7609834722738,311.7659143524415,886.0625272127738,893.9881463453046,0.0,857.48515529068,931.8784603881296,678.807349549596,971.2363532426832,612.353616656448,944.6223020433356,192.0471936159261,871.0851248088724,648.9329999206308,901.053672766824,464.2948392618176,558.1383487644636,640.6757181278617,379.13259741225227,636.6335148329265,99.47585633000855,725.0425319688516,316.90954108937154,915.120094977496,440.7480001408996,665.0523228429951,657.754509978057,799.755689817886,272.43757796194467,356.59938107222547,338.4428291910536,944.9186265465494,263.8854782987087,453.9621960465617,544.581429567673
18,529.8814128457325,1073.898667352564,850.1853989847423,828.1544305122644,187.39715945467643,881.2938745318033,410.3290922245517,725.7546808661546,569.7594202977587,468.9135921738881,1009.2052631942988,208.6609920271775,699.9533058655818,695.2646819028286,593.8716173548108,73.40604751652238,581.9391286081396,857.48515529068,0.0,82.97871701822099,187.33360023352043,116.0572134148922,245.89444731813728,112.00597706440728,890.1728764511364,36.45026141342501,209.1894464870739,558.5817208496053,1104.299426630531,723.4983589444836,928.7138018619258,955.3459421812622,764.0157338934285,798.5087958504103,175.47016330262696,624.9307130865258,773.3842586901609,474.56614024311153,958.9735999091782,385.55931157517705,735.5338320182708,919.0711266711132,925.4221613319122,525.6454459948749,697.3552094412125,712.8899239492936,405.72949635976863,1180.8282295413062
19,522.6938686570129,1121.4336125120376,872.319353737441,877.8594198434694,219.59910047063664,955.8793559809926,465.8298782715528,767.0913230110827,559.7611191335463,551.8890305076343,1056.7137502510832,284.96161475734874,723.3268085360598,754.9080969085987,674.6528206074528,117.14028254756646,571.186376672595,931.8784603881296,82.97871701822099,0.0,254.4014091257951,42.16342482017325,323.60601333356936,37.05730812115321,955.287996959992,60.81978569758245,283.3411335726881,545.5440023207516,1158.5177025513524,758.838516401943,961.1883524404252,1009.7928268986612,791.8828154507902,869.2433467186254,224.1014129706417,706.662003390314,769.8197193618555,534.4288412669769,990.4385603143104,415.5583790805466,744.2415507165715,979.8029205372876,980.6542936942592,603.469621016279,685.588732798585,774.9791110165789,483.1279768303078,1232.9371390519127
20,687.9424668047931,893.1423578491788,703.2118144286571,646.5120870028533,114.1518123968364,702.9360795190745,227.39028486410925,553.3414204604514,496.88360080990736,354.0005296675069,828.6678732616833,58.11017462166557,554.3579331055331,508.3780302277313,439.2754781641048,238.1428634092861,509.8177448595636,678.807349549596,187.33360023352043,254.4014091257951,0.0,295.07536247825794,92.79666733434024,265.8385187078046,703.1773682119011,194.1160193036662,45.602847492391874,493.3101949642542,919.0619918499488,558.885922282808,765.2965471609326,770.1950965910002,609.6263161883453,614.8422773316236,68.63278400094381,477.4462125402911,676.0253402783742,288.06442596075146,796.6132902578538,246.03696908415796,615.2313848917689,731.8408494081074,739.9224735185268,357.42341162608784,620.5512242092178,525.5773023743328,238.1553469354408,996.6453552305192
21,492.6608478164564,1163.3216128907468,910.627147389052,919.9052808734708,261.212415774136,995.166695609451,507.9560501531263,808.5495318540858,589.7802352427515,581.893699273213,1098.6094761922568,323.09355954079786,762.0835745164613,796.9309823788708,709.9072193675968,127.84310722777742,600.8791219388116,971.2363532426832,116.0572134148922,42.16342482017325,295.07536247825794,0.0,361.1104179259406,57.30225917690062,996.8518553181024,100.96468972757653,322.3143429235606,574.5397616897385,1200.6748066162445,799.5842430273519,1001.3630109311886,1051.9542355948745,831.4073449596168,909.7376821966234,266.2499325048338,740.6550512893693,801.2879803504809,576.380637891742,1030.4290063039414,456.0957818722057,779.4865238159078,1021.7905643224038,1022.817508246202,641.0901382376964,714.429645853424,816.8326712256899,520.9420027834786,1275.046076958315
22,695.4880632159953,878.4145044470671,731.2484584348514,632.5358045803029,205.98651624951452,636.0236916519669,226.96533441371756,557.4521234326888,569.1867392603752,261.29469637519827,814.9422815336559,39.85148206656828,586.6435093184258,477.9139394601655,353.7827254851904,276.2622868975457,582.0754891084513,612.353616656448,245.89444731813728,323.60601333356936,92.79666733434024,361.1104179259406,0.0,341.7085206002689,657.7089840107448,263.160887005622,47.705847481972825,568.1854134069916,892.5291187723292,572.8667802173438,776.8493593368227,745.0734141692812,632.9782457222444,557.3274320188385,161.01608635678255,389.4415423478793,734.9430607750826,267.71011578764046,808.9012614271431,298.6790631627341,663.3786448161017,695.1297013356785,713.7880274231638,279.9959967701286,688.9452978894109,489.2044041170994,159.8617512828114,973.0081557584466
23,549.6796023393863,1116.1692010845788,855.7246148011259,874.2385570884047,214.62107317956463,968.7636329272568,467.3558527450058,759.4815722603357,532.5591370113596,578.1208306906451,1051.5421591173258,302.2609381040801,707.705663738964,757.3506922761629,694.8966790126163,153.96710700568707,543.6975574938588,944.6223020433356,112.00597706440728,37.05730812115321,265.8385187078046,57.30225917690062,341.7085206002689,0.0,960.797755546694,81.63516892565673,298.96050187436265,517.4566166512682,1156.8849854729287,748.3831162541278,948.860199089752,1008.5306710779802,777.9491079426556,879.0228716367052,226.6525358439384,728.467564561999,743.9877343452267,537.9859172794013,977.5943293350156,404.9019079257754,722.7593414604493,982.3841097450264,979.9017302862076,620.2125457102346,657.3982484649518,778.895283682466,499.8662529868175,1230.0072953360354
24,1337.6651621632136,341.26032865514514,557.4929818801979,240.2330321238255,752.6838695401441,197.36332289584507,496.9102308576562,360.1098462308731,792.2296442160388,605.7989061270305,305.19047622850115,688.1007729473899,535.1188480528729,214.02938226817807,439.804361132572,932.2958272620664,798.8001208959538,192.0471936159261,890.1728764511364,955.287996959992,703.1773682119011,996.8518553181024,657.7089840107448,960.797755546694,0.0,896.1902247900879,684.0118795819591,811.2999193347401,284.9438914364858,420.057008129184,462.5291614281076,187.10374849143855,489.8137937784204,136.5916240604511,734.1909466765735,461.667199432474,782.7910985615526,423.6866449467269,484.12175802276647,612.8004573553083,666.7418986907269,80.45304505362193,165.6085876930862,423.3975606711242,829.7143250330425,184.9683059710974,515.2062530114711,368.85474376579305
25,550.2029204757935,1069.0766676084404,833.1642186451243,824.3870475915307,171.9819600318843,895.0782481972442,409.4575275309996,717.4062443387926,541.172193909063,496.4902272874286,1004.3360719183116,224.32069784080747,683.25783327707,697.427513371647,615.0872420781125,103.57572634317803,553.1673357827076,871.0851248088724,36.45026141342501,60.81978569758245,194.1160193036662,100.96468972757653,263.160887005622,81.63516892565673,896.1902247900879,0.0,222.53075048476455,529.1393228654268,1103.2893639907663,712.1890754173336,916.2723028237024,954.4087620824,749.3373900652317,808.8509593216314,168.96562827133403,647.8604456879503,747.0236269883427,476.6502078228438,946.0944018738528,370.9245266760996,713.2066525280505,922.0710860140416,924.94320177116,542.8694718948962,668.4994306575871,716.7039814077996,422.4973066370445,1178.6111201111837
26,685.2184627401351,889.5787021668863,720.1999621805268,642.8602539995118,159.6320948601123,672.8533195304194,227.2761425796649,558.2883483208685,534.4863971179101,308.52292231680707,825.5053864191664,14.993252200530778,573.0502340581012,496.1504394211461,399.0009242466911,248.82554925387947,547.4185593663063,648.9329999206308,209.1894464870739,283.3411335726881,45.602847492391874,322.3143429235606,47.705847481972825,298.96050187436265,684.0118795819591,222.53075048476455,0.0,532.0802582635304,909.6818405778812,568.6807871694243,774.4087966621704,761.3000272523711,624.1364173922736,589.4380806444844,114.2162815082703,435.7581930605242,707.6781985484523,279.16786797103555,806.1368609820103,273.0824366069044,641.7014052714185,717.111303970441,730.4702760186768,321.2556888700345,656.5243027401663,510.4951615463166,200.9424536682148,988.7920833500696
27,1067.135683257721,798.9472787588801,426.1687516061664,613.5514329652852,396.3579582093913,923.3199778215984,438.6070295742481,469.9046284224254,24.260850306146004,804.5051400241302,742.5802436076506,546.9350941324678,318.6303550345478,609.2579262215082,809.3736609211903,631.5775554489737,29.15194945823788,901.053672766824,558.5817208496053,545.5440023207516,493.3101949642542,574.5397616897385,568.1854134069916,517.4566166512682,811.2999193347401,529.1393228654268,532.0802582635304,0.0,883.0523512288418,421.6278776509845,560.4633750507667,757.5609034136637,395.5659743236623,804.8824727789337,435.9053852872496,857.4861756140981,232.3754781892333,491.2655953293009,579.6599590951363,288.56962540894307,251.98361808472,788.3454774349206,740.1645297974455,707.857527011542,140.0449976777703,645.4030732974004,631.5422187310819,932.4424371989428
28,1586.3497316542755,118.5854688344146,510.2354216420817,286.8601932201923,942.3248188687808,461.905218275061,694.160525284443,423.0555915781983,860.135241790776,881.621303945504,148.1710002496394,916.7899122544522,566.2831049001138,414.6217784297869,721.5777529678896,1156.48514279934,862.6577708989424,464.2948392618176,1104.299426630531,1158.5177025513524,919.0619918499488,1200.6748066162445,892.5291187723292,1156.8849854729287,284.9438914364858,1103.2893639907663,909.6818405778812,883.0523512288418,0.0,462.79129279034623,369.6686336117192,148.95465255333107,493.8700241168677,421.446528052746,934.7180233501754,745.8128813942711,777.1964611313387,631.388083670672,372.41100401544304,766.8568554323962,672.6410881878567,214.21717054621615,179.24680194849125,693.0763262253965,854.9308568792591,406.47614208637305,768.3753859337173,84.8343826631598
29,1245.7432984143582,388.2569494523309,181.21345580391045,195.7113866045194,540.5054746538467,575.848681447488,346.0783887393513,60.82848432696642,399.276904800562,692.9373287003239,327.49576376276804,580.7265612867513,115.8404468588004,264.34581803263256,605.4346123768092,788.4501735281766,402.8091000945669,558.1383487644636,723.4983589444836,758.838516401943,558.885922282808,799.5842430273519,572.8667802173438,748.3831162541278,420.057008129184,712.1890754173336,568.6807871694243,421.6278776509845,462.79129279034623,0.0,206.43379615511424,336.68870847932016,82.62101683881855,459.3122722731024,548.4010904971587,650.718066165902,362.9222364448327,324.9678390714672,237.75761513124016,343.57044354265355,246.76025748618304,379.9384313871263,321.33080134588334,520.1721686844077,413.93811350141016,298.8736574517855,519.5086483161479,517.6972810917779
30,1452.1038605347865,260.7589641029733,145.5886788137435,233.8962811594362,744.3078421722399,652.3026555073398,549.9296031172863,222.5382978144261,536.2691741715861,875.5756214245264,222.7345000325702,786.2040244161817,252.35142842359696,395.56388356227694,765.2312772000888,994.3873878280292,535.4640939820242,640.6757181278617,928.7138018619258,961.1883524404252,765.2965471609326,1001.3630109311886,776.8493593368227,948.860199089752,462.5291614281076,916.2723028237024,774.4087966621704,560.4633750507667,369.6686336117192,206.43379615511424,0.0,303.21091736904344,174.8074673881456,551.4081455714437,754.0075023718452,806.364910425484,414.93699872269934,520.595230969604,32.35491422892408,545.8185396427185,321.47592439050794,393.8693001368751,308.222221284235,692.065089695279,503.2955428823591,419.8383770371285,710.6235490649333,394.3324655295826
31,1439.7655589660037,159.0514526006167,424.2693931270243,146.0245879001666,794.0659499189001,383.9615568663748,545.2164953899845,288.81220814759666,735.5573303822109,748.4437667903803,118.11966937627118,768.6316117271086,448.1825298769886,267.7360382171546,596.7433194701407,1007.7387891717904,739.3800941111632,379.13259741225227,955.3459421812622,1009.7928268986612,770.1950965910002,1051.9542355948745,745.0734141692812,1008.5306710779802,187.10374849143855,954.4087620824,761.3000272523711,757.5609034136637,148.95465255333107,336.68870847932016,303.21091736904344,0.0,383.5634119894911,312.4575042166852,785.910009301428,626.1210284484459,678.4820198641622,482.6879138768568,318.4016094278475,621.5524530478948,567.1079508078689,106.96400617703746,31.96513269843368,557.5023966175195,744.9960684431583,263.2139252190345,625.1987541603822,227.94854064585897
32,1291.3868487577388,403.8458974790571,102.33758679406968,254.55479001738655,577.6315422810706,653.5814757304424,408.7579025183352,139.7832475309024,371.7987812301866,768.6891023992207,349.4362767268733,637.0220568947165,78.76262546041903,346.0375544157666,686.6505086978615,831.8281341235988,372.77780839897895,636.6335148329265,764.0157338934285,791.8828154507902,609.6263161883453,831.4073449596168,632.9782457222444,777.9491079426556,489.8137937784204,749.3373900652317,624.1364173922736,395.5659743236623,493.8700241168677,82.62101683881855,174.8074673881456,383.5634119894911,0.0,538.4268662547837,591.2227389011007,732.2978708322868,296.85651358526195,397.0554512368148,201.05754668014808,378.6195725786933,183.64190123184696,441.9529575819509,373.69672820650567,599.7042135053264,362.5682044373253,379.9420664395535,592.3722252991652,538.0300381417923
33,1220.7110030799224,470.83634434985936,621.6269235577087,317.58479647931034,680.1894742463976,119.56175642260858,432.37061045668526,399.1817678404885,788.6423949079676,475.2477425022001,427.7957265189784,591.2765547424783,566.6699968408556,201.4263481305057,305.36154390188653,833.5455325828742,797.0250427553533,99.47585633000855,798.5087958504103,869.2433467186254,614.8422773316236,909.7376821966234,557.3274320188385,879.0228716367052,136.5916240604511,808.8509593216314,589.4380806444844,804.8824727789337,421.446528052746,459.3122722731024,551.4081455714437,312.4575042166852,538.4268662547837,0.0,655.2123811678268,325.33059401123023,815.652490941544,357.6800119294624,577.3065307343803,569.6217002369385,700.3265072937791,211.5169788939054,285.57193512073405,300.87258914630013,845.9948343338727,164.49559222747638,404.8575343822813,505.4449164423109
34,700.1866825445126,900.2855641557611,680.1271564270488,655.4273753175779,45.72649359387097,749.357654100186,241.7765035496814,550.3698261024197,441.4763659107012,422.3057704517764,835.548996074674,126.50420002207257,529.9122808655674,531.2872450944701,500.563283656011,240.7112627225285,454.3397370537291,725.0425319688516,175.47016330262696,224.1014129706417,68.63278400094381,266.2499325048338,161.01608635678255,226.6525358439384,734.1909466765735,168.96562827133403,114.2162815082703,435.9053852872496,934.7180233501754,548.4010904971587,754.0075023718452,785.910009301428,591.2227389011007,655.2123811678268,0.0,540.4575341744735,629.6115901910144,311.41401211786086,784.4961373371987,214.90320646849656,577.6435340848179,756.3017685563814,756.6492396031279,414.0558970431908,567.2805030790294,552.3146543151411,297.4554243559307,1009.7264562113772
35,947.780762534778,784.74067910315,831.7094179550633,585.6329173549573,580.9061018849512,333.8350495606932,418.8791721172765,602.5267458498842,849.3407557219284,182.4871801798748,734.2569189579035,429.2672236224993,727.0999678422365,411.1532376167635,48.60814024256562,633.9878099152443,860.8420785935292,316.90954108937154,624.9307130865258,706.662003390314,477.4462125402911,740.6550512893693,389.4415423478793,728.467564561999,461.667199432474,647.8604456879503,435.7581930605242,857.4861756140981,745.8128813942711,650.718066165902,806.364910425484,626.1210284484459,732.2978708322868,325.33059401123023,540.4575341744735,0.0,950.597764556243,373.6801107556016,836.7680677846266,571.8161263382358,847.6277473618788,532.9918852241008,596.1680445367074,149.80433098799313,944.15231147825,390.76293205221776,245.35921637399028,830.1925147999752
36,1292.5121874252472,674.4598608042303,269.4860238477634,551.1023907852152,596.7906729852438,934.1873333767808,552.1907444484872,423.41410368301126,213.51599592011,938.6334539343476,629.2154682883742,722.5814406194437,249.66606919891785,615.0550715314803,902.2330754826904,846.773363870958,203.83855597839437,915.120094977496,773.3842586901609,769.8197193618555,676.0253402783742,801.2879803504809,734.9430607750826,743.9877343452267,782.7910985615526,747.0236269883427,707.6781985484523,232.3754781892333,777.1964611313387,362.9222364448327,414.93699872269934,678.4820198641622,296.85651358526195,815.652490941544,629.6115901910144,950.597764556243,0.0,579.165546184542,423.61644840428863,436.26399846140725,116.22533962325684,738.4241592241107,670.1257078119503,804.066750007266,108.16174968938844,651.6096026935484,756.8531918456761,808.8741702650318
37,962.3492443588948,611.2455527379674,499.28484457933,364.9662394815465,329.0870333998485,464.8618671194976,74.88626357735676,298.13733962741327,480.758856001468,373.5508198019321,547.5192926211312,287.3213996745504,371.4083658101746,220.851839388698,325.07597885317136,525.0991619476434,491.6632852653592,440.7480001408996,474.56614024311153,534.4288412669769,288.06442596075146,576.380637891742,267.71011578764046,537.9859172794013,423.6866449467269,476.6502078228438,279.16786797103555,491.2655953293009,631.388083670672,324.9678390714672,520.595230969604,482.6879138768568,397.0554512368148,357.6800119294624,311.41401211786086,373.6801107556016,579.165546184542,0.0,552.9452775877729,220.37570313318983,480.9686656473498,445.4428951983289,452.1574316617052,225.29605956836613,570.7227759233408,240.9100996112601,195.31678284732348,709.8439392949884
38,1483.07484969617,259.2119043093878,157.31833648047987,260.5447757092912,774.1124823958127,675.9676886990967,581.9560279122599,254.8931262373274,555.4082163560755,907.5582347295132,228.49483751900925,818.0032972572387,277.05784745387774,425.7120636100183,795.9798870978722,1025.0109135104633,553.9811123202878,665.0523228429951,958.9735999091782,990.4385603143104,796.6132902578538,1030.4290063039414,808.9012614271431,977.5943293350156,484.12175802276647,946.0944018738528,806.1368609820103,579.6599590951363,372.41100401544304,237.75761513124016,32.35491422892408,318.4016094278475,201.05754668014808,577.3065307343803,784.4961373371987,836.7680677846266,423.61644840428863,552.9452775877729,0.0,575.3666613129352,336.0738055522378,413.1707710891317,326.18404140562484,723.6322006144109,515.902652210156,449.1323022701271,742.9293262453026,390.1098745749049
39,914.1820584457216,715.9743968408263,465.4391439146525,480.252948274565,199.0510971298917,681.5514347905286,155.55081980673495,356.4134868414256,283.78120089676804,517.9586685929656,651.8016540343974,287.79922030283467,315.1569627637364,398.7830720514276,524.2356473377188,454.3008858253576,296.13911703629327,657.754509978057,385.55931157517705,415.5583790805466,246.03696908415796,456.0957818722057,298.6790631627341,404.9019079257754,612.8004573553083,370.9245266760996,273.0824366069044,288.56962540894307,766.8568554323962,343.57044354265355,545.8185396427185,621.5524530478948,378.6195725786933,569.6217002369385,214.90320646849656,571.8161263382358,436.26399846140725,220.37570313318983,575.3666613129352,0.0,369.3469897589245,614.9363662429832,595.5285121725207,423.07135970296815,395.2202306823584,429.33406754394895,343.0276775935048,835.231311504491
40,1263.3469890286376,575.1645038696979,179.0248638386786,436.4740667750347,551.0361435149125,818.5907163060756,463.5166601969712,307.1983225612857,228.1041612421956,848.7290925210305,525.7409369757452,656.2284896207275,133.75300245845722,500.2513709732567,799.6583753847896,807.996173645662,224.1613816861937,799.755689817886,735.5338320182708,744.2415507165715,615.2313848917689,779.4865238159078,663.3786448161017,722.7593414604493,666.7418986907269,713.2066525280505,641.7014052714185,251.98361808472,672.6410881878567,246.76025748618304,321.47592439050794,567.1079508078689,183.64190123184696,700.3265072937791,577.6435340848179,847.6277473618788,116.22533962325684,480.9686656473498,336.0738055522378,369.3469897589245,0.0,623.5299899506953,557.2365005452677,703.5661262568397,183.05709666252068,536.6139625810167,666.5295127796886,710.1935083696957
41,1383.8049152663918,261.2181895332474,499.7643678099888,187.39865017643177,770.3738260824815,276.9980249661855,515.0546402299975,323.05145514585786,767.9070777682231,667.816049786741,225.07247083027752,722.674325813051,495.6938053858217,225.03911707594077,507.5927433336549,965.8660379262004,773.358495912007,272.43757796194467,919.0711266711132,979.8029205372876,731.8408494081074,1021.7905643224038,695.1297013356785,982.3841097450264,80.45304505362193,922.0710860140416,717.111303970441,788.3454774349206,214.21717054621615,379.9384313871263,393.8693001368751,106.96400617703746,441.9529575819509,211.5169788939054,756.3017685563814,532.9918852241008,738.4241592241107,445.4428951983289,413.1707710891317,614.9363662429832,623.5299899506953,0.0,88.25520561580919,480.3701254790037,793.7991776319594,206.6284831636474,561.7706462960158,299.0465592526174
42,1408.271767956507,188.575657032026,421.6255137569918,126.61331935070444,765.5993878126189,362.9261100955674,515.5578199775522,270.2956561338764,718.5487088258923,716.851181153157,142.28382300375236,737.658773063793,434.8660915557186,236.1759776765587,566.1325004431759,977.2565385776912,722.8299749917277,356.59938107222547,925.4221613319122,980.6542936942592,739.9224735185268,1022.817508246202,713.7880274231638,979.9017302862076,165.6085876930862,924.94320177116,730.4702760186768,740.1645297974455,179.24680194849125,321.33080134588334,308.222221284235,31.96513269843368,373.69672820650567,285.57193512073405,756.6492396031279,596.1680445367074,670.1257078119503,452.1574316617052,326.18404140562484,595.5285121725207,557.2365005452677,88.25520561580919,0.0,525.7884751897918,732.920308818852,231.2510554378365,593.2708707615427,259.4109445908376
43,919.9297508541318,710.6915465776245,701.0526876790453,487.2354663561375,450.6682613711481,361.2456448535365,269.30308073068994,477.6320552565808,699.5634038044061,191.7793138553524,653.8088521142948,318.5506832350128,587.167257325694,308.04640752884063,101.51894795058335,549.2288712429937,711.0473615238543,338.4428291910536,525.6454459948749,603.469621016279,357.42341162608784,641.0901382376964,279.9959967701286,620.2125457102346,423.3975606711242,542.8694718948962,321.2556888700345,707.857527011542,693.0763262253965,520.1721686844077,692.065089695279,557.5023966175195,599.7042135053264,300.87258914630013,414.0558970431908,149.80433098799313,804.066750007266,225.29605956836613,723.6322006144109,423.07135970296815,703.5661262568397,480.3701254790037,525.7884751897918,0.0,794.8938025978194,298.6575090102379,120.39871952803216,777.6311747793835
44,1207.0700507016306,758.2196242754405,358.76101932929555,609.0111015077566,530.0744489845177,965.5442362046934,530.8934338865538,471.3468641787427,127.69543084067888,911.517299806678,708.4584651994327,671.5113293375274,298.5110053573744,644.8515733554897,895.551140447591,770.5363013983874,115.41640058010428,944.9186265465494,697.3552094412125,685.588732798585,620.5512242092178,714.429645853424,688.9452978894109,657.3982484649518,829.7143250330425,668.4994306575871,656.5243027401663,140.0449976777703,854.9308568792591,413.93811350141016,503.2955428823591,744.9960684431583,362.5682044373253,845.9948343338727,567.2805030790294,944.15231147825,108.16174968938844,570.7227759233408,515.902652210156,395.2202306823584,183.05709666252068,793.7991776319594,732.920308818852,794.8938025978194,0.0,681.8514462581891,732.8298156981328,893.247217618994
45,1180.601375652423,412.6550595777627,469.0259578462547,194.8955928628844,568.9954608247597,283.8672491033078,312.92274626933425,240.2118802620554,628.2166526155014,490.4323894111849,355.1552488781294,516.1638521468893,403.1848520112789,37.00036549011839,353.34865485702204,759.2381281849675,636.0987854819435,263.8854782987087,712.8899239492936,774.9791110165789,525.5773023743328,816.8326712256899,489.2044041170994,778.895283682466,184.9683059710974,716.7039814077996,510.4951615463166,645.4030732974004,406.47614208637305,298.8736574517855,419.8383770371285,263.2139252190345,379.9420664395535,164.49559222747638,552.3146543151411,390.76293205221776,651.6096026935484,240.9100996112601,449.1323022701271,429.33406754394895,536.6139625810167,206.6284831636474,231.2510554378365,298.6575090102379,681.8514462581891,0.0,362.2772724835621,489.2193803205277
