,0,1,2,3,4,5,6,7,8,9,10,11,12,13,14,15,16,17,18,19,20,21,22,23,24,25,26,27,28,29,30,31,32,33,34,35,36,37,38,39,40,41,42,43,44,45,46,47
0,0.0,901.6187349630897,1060.668031851806,980.0773119208764,1388.938217434998,1429.368400452316,1576.2259825735089,1215.6448096107445,1219.4615205979146,1119.7273530772393,1115.9382419499832,961.6167663647798,1006.915707178926,717.3405354349769,1273.5423466871453,525.9288075106087,717.9899076831681,1250.7278478571054,1242.3141997546547,709.3759898623174,556.2199978963391,1667.6583465522544,1592.4251613279505,795.4221075068958,737.4255903855401,795.4221075068958,1431.0662557167752,1144.2516090541983,1014.5183629634868,1280.9535589374989,1568.437716322523,863.5513660544357,1248.1684172742969,773.2416183848934,1046.666832107643,1667.6583465522544,1484.9242453527502,1141.444312277958,681.9984050707076,644.1401798700646,840.6164607731841,1267.853189815395,696.0749154443457,646.808015188436,1067.135683257721,941.7763139171584,822.8731071824103,1667.6765190679764
1,901.6187349630897,0.0,626.6864442575645,87.22828175110917,491.14066997618346,547.7729708817524,725.1135785032538,352.1322347745913,701.3071067969221,267.5573870471834,395.8924428106295,61.53971438393929,147.8302067931038,231.26408998417264,402.2987178177827,483.8310777751884,529.1747196277278,454.4707212001313,416.708215380556,318.0562876613978,380.06243491763286,774.3301278895038,690.8276420098683,139.48299626364675,236.5527244291281,139.48299626364675,555.3768359920773,362.0904131517952,287.14574985075427,470.8408685206077,836.512991519651,77.54074838604295,436.5392086476229,453.6269390554502,145.82925939974805,774.3301278895038,653.7102833842696,240.29119268131535,265.7722931228505,322.93138774086174,91.95422283946304,745.3806119539055,296.9654025141193,269.19610846960325,633.1077691337871,188.6998768725701,78.7572821191596,774.3593818021092
2,1060.668031851806,626.6864442575645,0.0,675.9914798390241,878.7472847687848,713.0258823025034,733.8864662627575,879.8718800507385,161.28700731585985,517.0840100502018,326.48601444644333,619.8442737806389,535.3419651033289,523.0125082815347,902.1904212608237,934.0772022894836,342.6893642161488,449.3276191124064,494.1172977258312,442.8169946443782,591.8703980172982,931.8069411736382,960.6059302076292,712.9692297846137,491.01049920257833,712.9692297846137,695.483100956937,408.35624779606775,910.277414235635,482.0571696163269,570.6520085923412,691.164631462444,472.6409591633736,302.19188634276645,637.6984197431059,931.8069411736382,631.1159159329258,702.1000171888351,529.7369134896073,517.53292530773,559.0230274173186,207.75791666831572,476.42946094143184,591.8227698072341,7.358665216550928,815.2600411781567,624.7222014223455,931.7608506790676
3,980.0773119208764,87.22828175110917,675.9914798390241,0.0,409.1914705167739,492.1475930292312,680.0588839809474,265.26000173976445,734.0885178950049,247.13143115837832,411.8469505387088,56.72211774893592,150.78995168947708,318.2138465608979,315.07136552705475,538.5241267209935,608.9712181261708,440.6854046732926,394.3846218274094,402.2308169273375,466.58362233059097,708.1850893064651,614.9307496617404,193.70389148860085,322.07930425085505,193.70389148860085,502.98543461249966,362.0884219331412,237.67180540988585,450.8700582377702,823.1070243125827,121.14652670029862,418.3892583668711,529.6610309625785,87.51208631745746,708.1850893064651,617.8248833156035,163.66053176593766,352.95723233201704,410.0459876997238,176.69661577244543,775.1856051356237,382.7590666314716,355.15137353095434,681.9781173579016,158.13833780095808,161.6914788753305,708.2220666241659
4,1388.938217434998,491.14066997618346,878.7472847687848,409.1914705167739,0.0,262.03926579385006,450.95843138318,214.77769350122944,860.3569494322013,374.4115017983679,552.2631103351717,434.76934544823007,428.12405454620017,709.147500515731,164.88870279818912,924.925512489145,946.5399638468064,453.90610178969513,397.0729087558689,772.7698179707719,867.863463884762,357.1251019899673,221.6918884612116,596.044982736331,703.8252551102308,596.044982736331,288.0088533316986,470.3947424731846,457.7470448120796,432.0359002980453,727.9413803803319,525.9354532423702,424.74329743071735,855.854577298424,352.56740403863205,357.1251019899673,454.2359699243885,252.5431288956804,746.1308955800523,800.3884830158548,567.0075912532675,882.8975158922844,762.8387985645501,759.0613086094813,882.1807535237759,477.1812474442872,569.2462140726972,357.199413614686
5,1429.368400452316,547.7729708817524,713.0258823025034,492.1475930292312,262.03926579385006,0.0,203.7636887962672,427.3725018367834,657.0023715107495,311.25562645052906,405.47153524650383,486.6638709615991,423.161384081626,713.4588770686735,398.38600095542193,1028.8967548380383,868.9443143357385,264.00697253482605,227.98142092990628,744.6000115300816,877.2480027885183,245.101175162587,249.0299212518185,681.9248320972508,696.7810818965593,681.9248320972508,26.40674548046313,333.93253894967864,638.9117954914461,231.0010006428816,466.6824485402661,610.1735044616911,243.21612937433997,776.6009085817838,407.2205949754054,245.101175162587,192.21240972387108,341.6420085834639,749.8560462767603,794.6302957207729,591.3279145234729,669.6659934081216,746.8305614773467,782.7042288428498,714.70072554448,618.7296885251407,622.1067131771932,245.0963290779441
6,1576.2259825735089,725.1135785032538,733.8864662627575,680.0588839809474,450.95843138318,203.7636887962672,0.0,630.4766350569746,635.7853506862334,465.637276690948,482.7867011946775,666.0223842732064,587.2954735998662,860.4986234542727,598.8203645708893,1208.915456322203,958.3261025695296,333.39277456593044,333.95199261664834,872.6068679699426,1020.0063323165654,231.552871645926,346.619333398514,863.2655641039423,838.94165120882,863.2655641039423,184.38152302782564,435.6221539629474,841.2525966540891,299.85943853460896,321.06267114200057,793.444633546285,330.3002654214419,869.6600553723309,592.9083473536421,231.552871645926,103.77668381704991,539.1378566935039,894.8558873706346,932.677273182694,754.1342636388682,632.8290277699969,881.5789976009577,935.9940040078068,733.5074590183058,815.6763447214435,794.4556201916909,231.46814094569172
7,1215.6448096107445,352.1322347745913,879.8718800507385,265.26000173976445,214.77769350122944,427.3725018367834,630.4766350569746,0.0,900.6666523180694,369.1280294554994,568.9875790734801,311.55930113565336,355.8926915877427,583.3798123387988,58.99395537008207,728.4317410329913,866.9197059780304,523.9485884353599,464.3856361942539,666.1177344168111,727.7893265823587,570.0249621035102,435.30582772958473,422.5971370082549,587.0320127412425,422.5971370082549,449.3615759939036,494.2764956057991,244.0822844814172,515.3873992827945,865.3098066341413,360.5432347543564,494.40846958023457,783.1210794266256,253.60720584549367,570.0249621035102,607.4283814582885,178.1409165994894,617.770427894365,675.0269326748952,441.7179524444504,933.1202345519212,647.7773207396758,615.5631826010494,884.7775479896644,278.6598346758162,421.8023906866637,570.0943884237371
8,1219.4615205979146,701.3071067969221,161.28700731585985,734.0885178950049,860.3569494322013,657.0023715107495,635.7853506862334,900.6666523180694,0.0,531.9933447602347,332.843290137775,681.0915956845653,584.4919514998505,642.2123298548385,912.9161195081106,1061.8349304174476,501.8810262505087,407.5391706163553,463.2859347950176,575.3808659804819,732.9138454887241,851.3770130802229,905.1995827243196,807.09603336046,609.6431574468502,807.09603336046,635.5201593781429,406.7131377350997,971.7324399702292,433.5891663180237,426.4048329229881,773.1414527911081,436.0158940656613,452.6373363313738,679.1525210091494,851.3770130802229,538.1473551714656,724.1854358197243,655.3955577934939,652.4316735328207,648.8559594493419,50.47675170837044,606.4263941823975,717.4775089169732,155.67141484147385,885.0782051133431,715.6557745282491,851.3165727994909
9,1119.7273530772393,267.5573870471834,517.0840100502018,247.13143115837832,374.4115017983679,311.25562645052906,465.637276690948,369.1280294554994,531.9933447602347,0.0,199.8598179585383,214.4166873565598,122.69231377384187,402.7692378715589,386.0613393164627,747.5723339159501,581.1102617298579,193.5635495091953,149.66603694441116,435.4859235971348,566.2085847835924,554.4810954628914,513.2419889544332,406.94558439174136,385.5343334307003,406.94558439174136,311.4510570058147,127.9571430030304,468.1378316861258,205.08532178212005,576.1883605558372,342.02046071175727,171.7680214781153,488.8558629720264,167.04174580604376,554.4810954628914,387.8612806373156,192.20492658711407,438.90687772989054,483.41649332522616,288.51670096617994,565.9575371974456,436.049093766964,474.1817470311148,521.4270055231053,403.7765295190497,331.054497393304,554.4860370768471
10,1115.9382419499832,395.8924428106295,326.48601444644333,411.8469505387088,552.2631103351717,405.47153524650383,482.7867011946775,568.9875790734801,332.843290137775,199.8598179585383,0.0,363.1537648922536,261.2419757271012,423.2986393776184,584.483572001225,829.0344870944059,476.41076391123136,151.47834897808417,177.72736306631802,406.7875800597296,566.2597142321215,641.9771016039467,646.1490608966218,521.5273262872033,394.8956597288776,521.5273262872033,392.6329223032085,81.87040214847273,647.3597194100411,186.72997811983052,469.4778887273562,472.6594382286643,164.1874891988059,386.9624935701565,349.0346314646267,641.9771016039467,382.2753815725248,391.750294814522,451.30106668662825,476.282424783592,368.9910530434434,368.8859623743709,423.4028942164009,504.7394350050396,329.9426416002503,568.1229446987786,431.35261784713583,641.9503235939843
11,961.6167663647798,61.53971438393929,619.8442737806389,56.72211774893592,434.76934544823007,486.6638709615991,666.0223842732064,311.55930113565336,681.0915956845653,214.4166873565598,363.1537648922536,0.0,103.1854619419638,277.7249980975007,357.4649544572511,543.5782823698894,557.0105826461341,405.63302760869306,364.0528483801412,354.9173132763776,433.3365207815062,712.8250340310096,630.9342288995251,197.24345382506735,277.5046346344503,197.24345382506735,494.6918284495872,319.6023403654963,291.87076914742306,419.38831025768405,788.8004805099082,128.57152316045224,385.6956854570666,475.94062900309336,85.0540085548856,712.8250340310096,597.0062529902577,182.45320046397484,313.9341115657708,369.8903733330493,134.11817991729623,723.0273599010866,338.19167757860225,324.3486757966081,625.8846386232517,205.2888469897572,139.23424473358543,712.8540056888842
12,1006.915707178926,147.8302067931038,535.3419651033289,150.78995168947708,428.12405454620017,423.161384081626,587.2954735998662,355.8926915877427,584.4919514998505,122.69231377384187,261.2419757271012,103.1854619419638,0.0,294.7976315763136,390.14565325487456,624.9337793414976,522.7220639549255,306.65033160003594,269.9694634014547,345.9499967231295,458.8929833570932,661.0995329126108,600.2445908118308,286.1463690431963,282.9905790658989,286.1463690431963,426.7038780045667,216.79662200162517,387.68383746438576,323.37864499246103,688.9821402306898,224.49452472199923,288.9324081797098,434.5153114847452,103.7996568763386,661.0995329126108,510.54190013973545,188.8385905025561,331.9782622537424,381.6974200092226,168.55860079445372,624.8996583747316,339.22606911638024,360.12852673167583,540.9241425886065,307.0606913744589,208.3657700946196,661.115041416217
13,717.3405354349769,231.26408998417264,523.0125082815347,318.2138465608979,709.147500515731,713.4588770686735,860.4986234542727,583.3798123387988,642.2123298548385,402.7692378715589,423.2986393776184,277.7249980975007,294.7976315763136,0.0,632.8595412829245,421.0130637316614,322.39255796389443,541.8759687606358,527.373161555704,103.0866499991244,164.2390368740134,954.5151031968414,893.5845743667269,225.3718044446763,32.56992221041351,225.3718044446763,714.2184885537939,434.86695166369225,483.5166185993612,569.6488853242934,892.5125281768137,245.0699157278929,535.7933366383246,267.58650010369627,356.7442670250899,954.5151031968414,772.2077328741049,457.09383754062446,37.332451699739366,92.2010632672924,143.61349274377534,691.8309613973685,72.02460504878457,81.5875909902733,530.2896434591622,379.4263406403267,169.22330101066825,954.5268400337688
14,1273.5423466871453,402.2987178177827,902.1904212608237,315.07136552705475,164.88870279818912,398.38600095542193,598.8203645708893,58.99395537008207,912.9161195081106,386.0613393164627,584.483572001225,357.4649544572511,390.14565325487456,632.8595412829245,0.0,787.4209726225375,908.2322811864532,524.3459000140291,464.3386335247169,712.1994523977933,780.5234354071271,522.013804098292,381.9408080145439,479.5215240787635,634.7302313966443,479.5215240787635,421.9951486092588,506.6300365612869,300.2611027005062,511.9390766202099,849.2373366310576,415.9053016088764,494.3564538246573,822.5258599364669,291.5397039588872,522.013804098292,584.5911975206753,203.51549299115015,667.9402972755968,724.8899629141046,490.0063801172601,942.877181853776,695.4809240014949,668.5048214844854,906.75133187736,337.6248102141839,474.3828320254741,522.088115840734
15,525.9288075106087,483.8310777751884,934.0772022894836,538.5241267209935,924.925512489145,1028.8967548380383,1208.915456322203,728.4317410329913,1061.8349304174476,747.5723339159501,829.0344870944059,543.5782823698894,624.9337793414976,421.0130637316614,787.4209726225375,0.0,657.134872449195,923.5760031273056,893.6766805995279,491.2684835729324,357.3516415231343,1245.757184191412,1142.306303413059,347.0035497391084,453.3962361921325,347.0035497391084,1037.931956322686,821.3366263836714,503.9964892528029,944.8583240333736,1295.5218735520357,418.82313385906696,910.0089486813667,645.8640617266636,621.7444534354058,1245.757184191412,1135.4175252220375,699.2930346959563,406.5717981222703,417.8171345008492,467.25674967481217,1111.7680795785363,457.8453122634431,344.3849845068854,941.4344399563128,450.2841131066988,416.64883040505686,1245.797517836741
16,717.9899076831681,529.1747196277278,342.6893642161488,608.9712181261708,946.5399638468064,868.9443143357385,958.3261025695296,866.9197059780304,501.8810262505087,581.1102617298579,476.41076391123136,557.0105826461341,522.7220639549255,322.39255796389443,908.2322811864532,657.134872449195,0.0,627.7307717629768,644.6980217263911,219.73540975344036,300.08069305692266,1111.8999396042298,1092.5272874279235,547.749790078644,302.45266292360026,547.749790078644,860.238126072308,536.6498930878417,802.3360373017056,662.7788963129639,876.2067933125463,561.8731525434524,637.4997202868618,92.67282637699176,616.7834832727523,1111.8999396042298,856.4456390782035,710.9532728020309,304.7460790572697,261.2434090275201,437.9455454064962,549.9479417550226,251.0731684807068,353.21907156543904,349.19184043008715,698.0374702477902,484.4641571023619,1111.882764624968
17,1250.7278478571054,454.4707212001313,449.3276191124064,440.6854046732926,453.90610178969513,264.00697253482605,333.39277456593044,523.9485884353599,407.5391706163553,193.5635495091953,151.47834897808417,405.63302760869306,306.65033160003594,541.8759687606358,524.3459000140291,923.5760031273056,627.7307717629768,0.0,60.00740322840391,542.8857172088597,695.7823226431844,493.1986381420934,511.31946300589647,592.0329475935135,517.1586863950703,592.0329475935135,247.7736886326429,107.078510614508,657.6167201172387,35.427451012735695,383.2005788938216,530.9841745593685,30.065918067784875,537.7950811317529,359.45061909515573,493.1986381420934,235.64234907674413,361.7324570277548,573.9573739250909,606.8127329028442,456.4835404309303,428.9996276870516,554.6624604394683,621.0268463548218,451.1842180692744,597.1395731149976,509.3674523388008,493.1667144233373
18,1242.3141997546547,416.708215380556,494.1172977258312,394.3846218274094,397.0729087558689,227.98142092990628,333.95199261664834,464.3856361942539,463.2859347950176,149.66603694441116,177.72736306631802,364.0528483801412,269.9694634014547,527.373161555704,464.3386335247169,893.6766805995279,644.6980217263911,60.00740322840391,0.0,539.7320097544001,686.0981608186331,467.5728916299347,469.3330161073368,555.8344790920958,505.1818933178171,555.8344790920958,216.41343553182256,108.11649237016314,604.5600750027157,56.860099277948144,429.70750495120166,491.632815166495,30.077404781386047,553.0038604019641,310.36715068938025,467.5728916299347,245.6877372237056,304.5918234394084,561.2969498806989,598.7462792470757,429.2312605716756,486.70981543989984,547.7821817913899,604.1181571638728,496.5639206229589,548.6629895611004,477.23472203130086,467.5525626190886
19,709.3759898623174,318.0562876613978,442.8169946443782,402.2308169273375,772.7698179707719,744.6000115300816,872.6068679699426,666.1177344168111,575.3808659804819,435.4859235971348,406.7875800597296,354.9173132763776,345.9499967231295,103.0866499991244,712.1994523977933,491.2684835729324,219.73540975344036,542.8857172088597,539.7320097544001,0.0,164.08435465445453,989.1712461521148,943.3969728025368,328.32893166885964,83.60630617903513,328.32893166885964,741.7797247795693,437.4669272334977,583.5702716304166,574.2352732627539,866.8289771482085,343.5008027537204,542.4970836265215,167.1805826062122,425.7440124951568,989.1712461521148,778.1892492277166,524.9727914938874,92.42978828406449,77.42878473557575,226.1785910981665,625.7669232888409,35.45991885753524,151.72640147589672,450.1748080669101,479.2606569492703,266.27751730686015,989.172422377604
20,556.2199978963391,380.06243491763286,591.8703980172982,466.58362233059097,867.863463884762,877.2480027885183,1020.0063323165654,727.7893265823587,732.9138454887241,566.2085847835924,566.2597142321215,433.3365207815062,458.8929833570932,164.2390368740134,780.5234354071271,357.3516415231343,300.08069305692266,695.7823226431844,686.0981608186331,164.08435465445453,0.0,1118.6977637496302,1056.5851641308727,324.5260422652205,181.4661536328378,324.5260422652205,877.5112413137182,588.9401853291,590.6956405402067,725.3657802512772,1029.8644215550391,370.9933104052191,692.3005104574817,293.6363850310333,515.6037613977588,1118.6977637496302,929.141063273245,615.3229949580588,127.43331489665889,89.99011214022846,301.23293498677344,783.389020172415,142.87788360053693,112.2771262320652,599.1778581029636,491.7105638867004,306.1624548908955,1118.7090614160452
21,1667.6583465522544,774.3301278895038,931.8069411736382,708.1850893064651,357.1251019899673,245.101175162587,231.552871645926,570.0249621035102,851.3770130802229,554.4810954628914,641.9771016039467,712.8250340310096,661.0995329126108,954.5151031968414,522.013804098292,1245.757184191412,1111.8999396042298,493.1986381420934,467.5728916299347,989.1712461521148,1118.6977637496302,0.0,161.43018959225117,901.7579771581844,939.2318316646893,901.7579771581844,251.69354772135935,575.3739830613541,809.0213824048802,457.9827821439589,549.567986636176,829.1616871145579,477.7958886354931,1019.8676647658374,629.1955951302787,0.0,315.41505765802697,546.4848412517639,991.2903949763888,1037.550475600203,827.188124816664,853.7081852579198,990.5301449068576,1021.095906337697,932.4892756427388,812.6656591526579,851.4241999282161,0.1058914144559033
22,1592.4251613279505,690.8276420098683,960.6059302076292,614.9307496617404,221.6918884612116,249.0299212518185,346.619333398514,435.30582772958473,905.1995827243196,513.2419889544332,646.1490608966218,630.9342288995251,600.2445908118308,893.5845743667269,381.9408080145439,1142.306303413059,1092.5272874279235,511.31946300589647,469.3330161073368,943.3969728025368,1056.5851641308727,161.43018959225117,0.0,806.7859737606422,883.2095691255275,806.7859737606422,269.68674542837385,569.353607926145,679.0536864680627,479.28443519937326,664.6947673854175,735.0479983880869,488.4212678794496,999.9092230290375,545.9430232722815,161.43018959225117,400.0222762870882,451.7275103576603,930.9133748421622,981.8400197618804,756.7363473405661,916.0837339027248,939.1055516713118,952.0870451807444,962.5027838571572,697.2183955104025,769.5594404595561,161.52945653599426
23,795.4221075068958,139.48299626364675,712.9692297846137,193.70389148860085,596.044982736331,681.9248320972508,863.2655641039423,422.5971370082549,807.09603336046,406.94558439174136,521.5273262872033,197.24345382506735,286.1463690431963,225.3718044446763,479.5215240787635,347.0035497391084,547.749790078644,592.0329475935135,555.8344790920958,328.32893166885964,324.5260422652205,901.7579771581844,806.7859737606422,0.0,247.9316802965988,0.0,690.9725878358073,496.3251815406804,267.0145405653628,609.5245826027348,972.616179309496,72.59780602334557,575.0501171276447,489.4305896387905,274.9029027235917,901.7579771581844,793.0942918085674,356.96890696128685,246.3380624326379,299.6154282180256,158.37060464203296,853.7106961056921,296.8747377300569,216.83932044425455,719.8887418289951,167.2605910987191,91.86011639725358,901.7940671192504
24,737.4255903855401,236.5527244291281,491.01049920257833,322.07930425085505,703.8252551102308,696.7810818965593,838.94165120882,587.0320127412425,609.6431574468502,385.5343334307003,394.8956597288776,277.5046346344503,282.9905790658989,32.56992221041351,634.7302313966443,453.3962361921325,302.45266292360026,517.1586863950703,505.1818933178171,83.60630617903513,181.4661536328378,939.2318316646893,883.2095691255275,247.9316802965988,0.0,247.9316802965988,696.5050171435777,410.0842768775465,500.14655173242926,545.7875134383529,863.5489798155307,259.9402164505924,512.3052033624306,241.74126203911345,352.8453783064162,939.2318316646893,749.0821965847156,453.0719175080978,56.88752161677405,98.8028708905202,145.38354216349506,659.2682315255787,60.7704250892932,112.05073316681892,498.274243704458,395.82816529438855,182.67856087659064,939.2403668100058
25,795.4221075068958,139.48299626364675,712.9692297846137,193.70389148860085,596.044982736331,681.9248320972508,863.2655641039423,422.5971370082549,807.09603336046,406.94558439174136,521.5273262872033,197.24345382506735,286.1463690431963,225.3718044446763,479.5215240787635,347.0035497391084,547.749790078644,592.0329475935135,555.8344790920958,328.32893166885964,324.5260422652205,901.7579771581844,806.7859737606422,0.0,247.9316802965988,0.0,690.9725878358073,496.3251815406804,267.0145405653628,609.5245826027348,972.616179309496,72.59780602334557,575.0501171276447,489.4305896387905,274.9029027235917,901.7579771581844,793.0942918085674,356.96890696128685,246.3380624326379,299.6154282180256,158.37060464203296,853.7106961056921,296.8747377300569,216.83932044425455,719.8887418289951,167.2605910987191,91.86011639725358,901.7940671192504
26,1431.0662557167752,555.3768359920773,695.483100956937,502.98543461249966,288.0088533316986,26.40674548046313,184.38152302782564,449.3615759939036,635.5201593781429,311.4510570058147,392.6329223032085,494.6918284495872,426.7038780045667,714.2184885537939,421.9951486092588,1037.931956322686,860.238126072308,247.7736886326429,216.41343553182256,741.7797247795693,877.5112413137182,251.69354772135935,269.68674542837385,690.9725878358073,696.5050171435777,690.9725878358073,0.0,323.8606313792535,656.8838877515361,213.78670607945145,440.40104668450107,619.6937257480162,228.9663856724281,768.176470474665,417.0480804906349,251.69354772135935,166.26882869712657,356.2756990163988,750.2924164747949,793.8066121398629,595.240506872377,647.0914513338774,745.2593842190898,784.9413184891655,696.9576118348267,633.3821788851343,628.5128069464639,251.6778506882418
27,1144.2516090541983,362.0904131517952,408.35624779606775,362.0884219331412,470.3947424731846,333.93253894967864,435.6221539629474,494.2764956057991,406.7131377350997,127.9571430030304,81.87040214847273,319.6023403654963,216.79662200162517,434.86695166369225,506.6300365612869,821.3366263836714,536.6498930878417,107.078510614508,108.11649237016314,437.4669272334977,588.9401853291,575.3739830613541,569.353607926145,496.3251815406804,410.0842768775465,496.3251815406804,323.8606313792535,0.0,591.5912411299678,136.84242113692582,476.73727524656266,439.57297721503096,105.35102292438812,444.89401837913925,289.6770769289325,575.3739830613541,340.904588644936,319.1131161547684,466.8791163130689,500.1702088021537,354.25351457794017,439.0118146903618,448.2086356467478,514.2333205775096,411.7970771690645,520.218718671146,410.4132544974458,575.3553078447384
28,1014.5183629634868,287.14574985075427,910.277414235635,237.67180540988585,457.7470448120796,638.9117954914461,841.2525966540891,244.0822844814172,971.7324399702292,468.1378316861258,647.3597194100411,291.87076914742306,387.68383746438576,483.5166185993612,300.2611027005062,503.9964892528029,802.3360373017056,657.6167201172387,604.5600750027157,583.5702716304166,590.6956405402067,809.0213824048802,679.0536864680627,267.0145405653628,500.14655173242926,267.0145405653628,656.8838877515361,591.5912411299678,0.0,661.1343920117185,1032.1504717182472,240.5078061923329,631.8834412093844,733.9515148392285,302.00926015915405,809.0213824048802,799.2109301685016,308.6543253020496,509.3414775444433,564.5719505330972,370.3844253704342,1012.567340290765,555.3928487337593,483.8446037111139,916.4703805666724,104.31856578598756,317.9092203177364,809.084790164128
29,1280.9535589374989,470.8408685206077,482.0571696163269,450.8700582377702,432.0359002980453,231.0010006428816,299.85943853460896,515.3873992827945,433.5891663180237,205.08532178212005,186.72997811983052,419.38831025768405,323.37864499246103,569.6488853242934,511.9390766202099,944.8583240333736,662.7788963129639,35.427451012735695,56.860099277948144,574.2352732627539,725.3657802512772,457.9827821439589,479.28443519937326,609.5245826027348,545.7875134383529,609.5245826027348,213.78670607945145,136.84242113692582,661.1343920117185,0.0,372.8678094986592,546.4028826648979,34.86302972928152,572.6302838884643,367.1601410877914,457.9827821439589,204.06617155804764,359.65293885656206,602.4269506034943,636.8227900273388,478.7080648864055,452.31914054610286,584.9728190894178,647.9934076068565,483.7020734803406,605.4633102115152,529.1394240331371,457.9500389125103
30,1568.437716322523,836.512991519651,570.6520085923412,823.1070243125827,727.9413803803319,466.6824485402661,321.06267114200057,865.3098066341413,426.4048329229881,576.1883605558372,469.4778887273562,788.8004805099082,688.9821402306898,892.5125281768137,849.2373366310576,1295.5218735520357,876.2067933125463,383.2005788938216,429.70750495120166,866.8289771482085,1029.8644215550391,549.567986636176,664.6947673854175,972.616179309496,863.5489798155307,972.616179309496,440.40104668450107,476.73727524656266,1032.1504717182472,372.8678094986592,0.0,913.4732860207696,404.7353413262306,802.654412308305,740.0045358678594,549.567986636176,275.50337693276174,726.3211861380652,919.505957360335,940.201514138541,829.8386649147507,401.4167083295584,887.5455376279815,974.0405948834208,567.2451496456484,978.3055297006308,887.1360026599142,549.4760574722663
31,863.5513660544357,77.54074838604295,691.164631462444,121.14652670029862,525.9354532423702,610.1735044616911,793.444633546285,360.5432347543564,773.1414527911081,342.02046071175727,472.6594382286643,128.57152316045224,224.49452472199923,245.0699157278929,415.9053016088764,418.82313385906696,561.8731525434524,530.9841745593685,491.632815166495,343.5008027537204,370.9933104052191,829.1616871145579,735.0479983880869,72.59780602334557,259.9402164505924,72.59780602334557,619.6937257480162,439.57297721503096,240.5078061923329,546.4028826648979,913.4732860207696,0.0,512.3363021309285,494.20677265802607,202.95734843269332,829.1616871145579,725.5494602079602,284.591922670942,273.72853664292273,330.558317651688,134.4365114353334,818.0953000553451,316.38168385912445,259.1341842529372,697.8054699184627,136.29842911801603,77.41039490015174,829.1978315647128
32,1248.1684172742969,436.5392086476229,472.6409591633736,418.3892583668711,424.74329743071735,243.21612937433997,330.3002654214419,494.40846958023457,436.0158940656613,171.7680214781153,164.1874891988059,385.6956854570666,288.9324081797098,535.7933366383246,494.3564538246573,910.0089486813667,637.4997202868618,30.065918067784875,30.077404781386047,542.4970836265215,692.3005104574817,477.7958886354931,488.4212678794496,575.0501171276447,512.3052033624306,575.0501171276447,228.9663856724281,105.35102292438812,631.8834412093844,34.86302972928152,404.7353413262306,512.3363021309285,0.0,546.579841663965,335.63184211292594,477.7958886354931,236.84790490983565,333.6619316519951,568.8453213654891,604.0488481914181,443.85279913603455,458.33209731238,552.4238114983822,613.8360768963861,474.7859137207226,573.825101970069,494.35966948437056,477.7693790917274
33,773.2416183848934,453.6269390554502,302.19188634276645,529.6610309625785,855.854577298424,776.6009085817838,869.6600553723309,783.1210794266256,452.6373363313738,488.8558629720264,386.9624935701565,475.94062900309336,434.5153114847452,267.58650010369627,822.5258599364669,645.8640617266636,92.67282637699176,537.7950811317529,553.0038604019641,167.1805826062122,293.6363850310333,1019.8676647658374,999.9092230290375,489.4305896387905,241.74126203911345,489.4305896387905,768.176470474665,444.89401837913925,733.9515148392285,572.6302838884643,802.654412308305,494.20677265802607,546.579841663965,0.0,531.0783663173074,1019.8676647658374,768.4774291733072,623.2780664642797,259.42765022250245,230.09359529188345,364.5391635934777,502.5311971803114,202.4209426763193,316.6251451349731,309.3572963524899,630.2376211518092,417.3985635567167,1019.8515584123533
34,1046.666832107643,145.82925939974805,637.6984197431059,87.51208631745746,352.56740403863205,407.2205949754054,592.9083473536421,253.60720584549367,679.1525210091494,167.04174580604376,349.0346314646267,85.0540085548856,103.7996568763386,356.7442670250899,291.5397039588872,621.7444534354058,616.7834832727523,359.45061909515573,310.36715068938025,425.7440124951568,515.6037613977588,629.1955951302787,545.9430232722815,274.9029027235917,352.8453783064162,274.9029027235917,417.0480804906349,289.6770769289325,302.00926015915405,367.1601410877914,740.0045358678594,202.95734843269332,335.63184211292594,531.0783663173074,0.0,629.1955951302787,530.4084235848666,100.38094952298248,393.63512126874485,448.30633693415103,214.49374195703095,717.3746627446468,412.73915871685415,407.9399819929624,643.133730238598,238.30365216711525,224.1675661151179,629.2269173139728
35,1667.6583465522544,774.3301278895038,931.8069411736382,708.1850893064651,357.1251019899673,245.101175162587,231.552871645926,570.0249621035102,851.3770130802229,554.4810954628914,641.9771016039467,712.8250340310096,661.0995329126108,954.5151031968414,522.013804098292,1245.757184191412,1111.8999396042298,493.1986381420934,467.5728916299347,989.1712461521148,1118.6977637496302,0.0,161.43018959225117,901.7579771581844,939.2318316646893,901.7579771581844,251.69354772135935,575.3739830613541,809.0213824048802,457.9827821439589,549.567986636176,829.1616871145579,477.7958886354931,1019.8676647658374,629.1955951302787,0.0,315.41505765802697,546.4848412517639,991.2903949763888,1037.550475600203,827.188124816664,853.7081852579198,990.5301449068576,1021.095906337697,932.4892756427388,812.6656591526579,851.4241999282161,0.1058914144559033
36,1484.9242453527502,653.7102833842696,631.1159159329258,617.8248833156035,454.2359699243885,192.21240972387108,103.77668381704991,607.4283814582885,538.1473551714656,387.8612806373156,382.2753815725248,597.0062529902577,510.54190013973545,772.2077328741049,584.5911975206753,1135.4175252220375,856.4456390782035,235.64234907674413,245.6877372237056,778.1892492277166,929.141063273245,315.41505765802697,400.0222762870882,793.0942918085674,749.0821965847156,793.0942918085674,166.26882869712657,340.904588644936,799.2109301685016,204.06617155804764,275.50337693276174,725.5494602079602,236.84790490983565,768.4774291733072,530.4084235848666,315.41505765802697,0.0,491.15248543924247,805.5511729565038,840.7843558298821,673.7961873524661,538.5885843845057,789.0095989894378,849.5711215854926,630.8986840515406,762.2379529219991,718.9072453844504,315.34676748515494
37,1141.444312277958,240.29119268131535,702.1000171888351,163.66053176593766,252.5431288956804,341.6420085834639,539.1378566935039,178.1409165994894,724.1854358197243,192.20492658711407,391.750294814522,182.45320046397484,188.8385905025561,457.09383754062446,203.51549299115015,699.2930346959563,710.9532728020309,361.7324570277548,304.5918234394084,524.9727914938874,615.3229949580588,546.4848412517639,451.7275103576603,356.96890696128685,453.0719175080978,356.96890696128685,356.2756990163988,319.1131161547684,308.6543253020496,359.65293885656206,726.3211861380652,284.591922670942,333.6619316519951,623.2780664642797,100.38094952298248,546.4848412517639,491.15248543924247,0.0,493.94011524721,548.6872266885742,314.5350977750619,757.948770798797,512.7945245980474,506.791548313108,706.9298205851464,277.1739853096662,318.96317852036486,546.5258172704563
38,681.9984050707076,265.7722931228505,529.7369134896073,352.95723233201704,746.1308955800523,749.8560462767603,894.8558873706346,617.770427894365,655.3955577934939,438.90687772989054,451.30106668662825,313.9341115657708,331.9782622537424,37.332451699739366,667.9402972755968,406.5717981222703,304.7460790572697,573.9573739250909,561.2969498806989,92.42978828406449,127.43331489665889,991.2903949763888,930.9133748421622,246.3380624326379,56.88752161677405,246.3380624326379,750.2924164747949,466.8791163130689,509.3414775444433,602.4269506034943,919.505957360335,273.72853664292273,568.8453213654891,259.42765022250245,393.63512126874485,991.2903949763888,805.5511729565038,493.94011524721,0.0,57.495830689097865,179.8811729888992,705.4272935802964,57.0260231869428,62.29158829863317,537.0722156421746,405.8577686068977,199.89222346504928,991.3014361554282
39,644.1401798700646,322.93138774086174,517.53292530773,410.0459876997238,800.3884830158548,794.6302957207729,932.677273182694,675.0269326748952,652.4316735328207,483.41649332522616,476.282424783592,369.8903733330493,381.6974200092226,92.2010632672924,724.8899629141046,417.8171345008492,261.2434090275201,606.8127329028442,598.7462792470757,77.42878473557575,89.99011214022846,1037.550475600203,981.8400197618804,299.6154282180256,98.8028708905202,299.6154282180256,793.8066121398629,500.1702088021537,564.5719505330972,636.8227900273388,940.201514138541,330.558317651688,604.0488481914181,230.09359529188345,448.30633693415103,1037.550475600203,840.7843558298821,548.6872266885742,57.495830689097865,0.0,235.7964256308516,702.8497381373231,52.88782036270788,92.0741997708823,524.8889263643424,461.552877757022,257.2844966830668,1037.5579651928035
40,840.6164607731841,91.95422283946304,559.0230274173186,176.69661577244543,567.0075912532675,591.3279145234729,754.1342636388682,441.7179524444504,648.8559594493419,288.51670096617994,368.9910530434434,134.11817991729623,168.55860079445372,143.61349274377534,490.0063801172601,467.25674967481217,437.9455454064962,456.4835404309303,429.2312605716756,226.1785910981665,301.23293498677344,827.188124816664,756.7363473405661,158.37060464203296,145.38354216349506,158.37060464203296,595.240506872377,354.25351457794017,370.3844253704342,478.7080648864055,829.8386649147507,134.4365114353334,443.85279913603455,364.5391635934777,214.49374195703095,827.188124816664,673.7961873524661,314.5350977750619,179.8811729888992,235.7964256308516,0.0,695.3567115105967,206.08430111365624,195.48980120250485,565.7855932173374,267.70931675866376,66.82439517151249,827.2076916187145
41,1267.853189815395,745.3806119539055,207.75791666831572,775.1856051356237,882.8975158922844,669.6659934081216,632.8290277699969,933.1202345519212,50.47675170837044,565.9575371974456,368.8859623743709,723.0273599010866,624.8996583747316,691.8309613973685,942.877181853776,1111.7680795785363,549.9479417550226,428.9996276870516,486.70981543989984,625.7669232888409,783.389020172415,853.7081852579198,916.0837339027248,853.7106961056921,659.2682315255787,853.7106961056921,647.0914513338774,439.0118146903618,1012.567340290765,452.31914054610286,401.4167083295584,818.0953000553451,458.33209731238,502.5311971803114,717.3746627446468,853.7081852579198,538.5885843845057,757.948770798797,705.4272935802964,702.8497381373231,695.3567115105967,0.0,656.7080356836817,767.4568898087266,201.64332051803387,927.6902765743522,762.0795689188873,853.6427102716207
42,696.0749154443457,296.9654025141193,476.42946094143184,382.7590666314716,762.8387985645501,746.8305614773467,881.5789976009577,647.7773207396758,606.4263941823975,436.049093766964,423.4028942164009,338.19167757860225,339.22606911638024,72.02460504878457,695.4809240014949,457.8453122634431,251.0731684807068,554.6624604394683,547.7821817913899,35.45991885753524,142.87788360053693,990.5301449068576,939.1055516713118,296.8747377300569,60.7704250892932,296.8747377300569,745.2593842190898,448.2086356467478,555.3928487337593,584.9728190894178,887.5455376279815,316.38168385912445,552.4238114983822,202.4209426763193,412.73915871685415,990.5301449068576,789.0095989894378,512.7945245980474,57.0260231869428,52.88782036270788,206.08430111365624,656.7080356836817,0.0,116.58305903772334,483.7823480525725,451.23277782896673,239.841566917249,990.5351101398433
43,646.808015188436,269.19610846960325,591.8227698072341,355.15137353095434,759.0613086094813,782.7042288428498,935.9940040078068,615.5631826010494,717.4775089169732,474.1817470311148,504.7394350050396,324.3486757966081,360.12852673167583,81.5875909902733,668.5048214844854,344.3849845068854,353.21907156543904,621.0268463548218,604.1181571638728,151.72640147589672,112.2771262320652,1021.095906337697,952.0870451807444,216.83932044425455,112.05073316681892,216.83932044425455,784.9413184891655,514.2333205775096,483.8446037111139,647.9934076068565,974.0405948834208,259.1341842529372,613.8360768963861,316.6251451349731,407.9399819929624,1021.095906337697,849.5711215854926,506.791548313108,62.29158829863317,92.0741997708823,195.48980120250485,767.4568898087266,116.58305903772334,0.0,599.1630072531776,382.93701102658633,194.13875327594468,1021.1126545331186
44,1067.135683257721,633.1077691337871,7.358665216550928,681.9781173579016,882.1807535237759,714.70072554448,733.5074590183058,884.7775479896644,155.67141484147385,521.4270055231053,329.9426416002503,625.8846386232517,540.9241425886065,530.2896434591622,906.75133187736,941.4344399563128,349.19184043008715,451.1842180692744,496.5639206229589,450.1748080669101,599.1778581029636,932.4892756427388,962.5027838571572,719.8887418289951,498.274243704458,719.8887418289951,696.9576118348267,411.7970771690645,916.4703805666724,483.7020734803406,567.2451496456484,697.8054699184627,474.7859137207226,309.3572963524899,643.133730238598,932.4892756427388,630.8986840515406,706.9298205851464,537.0722156421746,524.8889263643424,565.7855932173374,201.64332051803387,483.7823480525725,599.1630072531776,0.0,821.6440941114603,631.5422187310819,932.4424371989428
45,941.7763139171584,188.6998768725701,815.2600411781567,158.13833780095808,477.1812474442872,618.7296885251407,815.6763447214435,278.6598346758162,885.0782051133431,403.7765295190497,568.1229446987786,205.2888469897572,307.0606913744589,379.4263406403267,337.6248102141839,450.2841131066988,698.0374702477902,597.1395731149976,548.6629895611004,479.2606569492703,491.7105638867004,812.6656591526579,697.2183955104025,167.2605910987191,395.82816529438855,167.2605910987191,633.3821788851343,520.218718671146,104.31856578598756,605.4633102115152,978.3055297006308,136.29842911801603,573.825101970069,630.2376211518092,238.30365216711525,812.6656591526579,762.2379529219991,277.1739853096662,405.8577686068977,461.552877757022,267.70931675866376,927.6902765743522,451.23277782896673,382.93701102658633,821.6440941114603,0.0,213.6613199873804,812.7176614188822
