,0,1,2,3,4,5,6,7,8,9,10,11,12,13,14,15,16,17,18,19,20,21,22,23,24,25,26,27,28,29,30,31,32,33,34,35,36,37,38,39,40,41,42
0,0.0,1560.7,1588.3,1268.9,1575.1,1423.8,1509.8,620.0,848.1,1140.7,1231.1,1112.6,1097.2,1578.5,1445.0,1571.8,943.0,1155.9,1361.6,1288.2,1562.6,825.4,1252.5,1370.3,1973.3,1181.3,1587.7,2030.5,1174.8,788.3,908.7,1429.5,1538.2,1575.1,1106.4,1071.1,904.1,1109.2,1128.5,1187.4,1524.3,999.1,2085.4
1,1560.7,0.0,56.9,565.8,38.5,140.2,334.3,1034.6,851.3,530.2,482.6,595.3,909.4,521.9,186.5,305.8,891.8,478.0,230.5,429.1,82.6,817.3,486.5,899.1,930.0,547.5,508.4,970.5,540.9,854.3,789.1,145.7,556.7,38.5,564.5,734.8,784.5,591.9,611.3,484.3,410.0,616.5,850.9
2,1588.3,56.9,0.0,610.1,29.9,184.5,347.4,1050.1,895.6,574.6,495.7,639.6,953.7,535.0,230.8,318.9,936.1,493.1,243.6,442.2,25.8,861.6,530.9,943.4,974.3,591.8,521.5,983.6,585.2,898.7,833.4,158.8,601.0,29.9,608.9,779.1,828.9,636.2,655.6,497.5,423.1,660.9,864.0
3,1268.9,565.8,610.1,0.0,580.2,428.9,861.9,970.2,559.5,128.2,933.9,193.3,580.8,1049.5,449.6,833.3,563.2,655.9,682.7,813.5,635.8,488.7,79.2,705.4,767.1,145.5,1031.5,1421.9,138.9,525.8,603.3,613.5,393.8,580.2,162.5,406.2,598.7,189.9,209.2,935.6,937.5,269.9,1049.5
4,1575.1,38.5,29.9,580.2,0.0,154.6,372.8,1073.1,865.7,544.7,521.1,609.7,923.8,560.4,200.9,344.3,906.2,516.5,269.0,467.6,55.7,831.7,500.9,913.5,944.4,561.9,546.9,1008.9,555.3,868.7,803.5,184.2,571.1,0.0,579.0,749.2,799.0,606.3,625.7,522.8,448.5,631.0,889.4
5,1423.8,140.2,184.5,428.9,154.6,0.0,436.3,1008.4,714.4,393.4,564.1,458.5,772.5,623.9,174.5,407.8,754.9,451.8,302.0,443.7,210.3,680.5,349.7,887.1,918.0,410.7,610.4,1072.5,404.1,717.5,652.3,217.1,544.7,154.6,427.7,598.0,647.7,455.1,474.4,565.8,512.0,479.7,952.9
6,1509.8,334.3,347.4,861.9,372.8,436.3,0.0,1062.1,1076.9,760.5,341.9,825.6,1134.7,223.8,482.6,120.1,1117.1,488.2,238.7,288.4,321.7,1042.7,782.6,1176.6,879.4,777.8,174.1,695.2,771.2,1079.7,979.0,248.7,834.2,372.8,794.8,960.2,974.5,822.2,841.5,343.7,75.7,841.9,575.6
7,620.0,1034.6,1050.1,970.2,1073.1,1008.4,1062.1,0.0,560.0,841.9,959.4,813.8,861.6,1195.0,1128.9,1033.5,707.3,617.7,823.4,912.7,1024.3,589.7,953.8,1071.6,1707.0,882.6,1204.2,1647.0,876.0,552.7,514.9,891.3,1302.5,1073.1,807.6,772.4,510.3,810.5,829.8,915.7,1137.8,700.3,1578.6
8,848.1,851.3,895.6,559.5,865.7,714.4,1076.9,560.0,0.0,431.3,1084.5,403.2,518.1,1264.5,735.6,1048.3,200.2,708.3,897.3,1003.4,921.3,82.6,543.1,642.6,1296.3,471.9,1250.9,1707.9,465.4,59.8,199.3,828.1,923.0,865.7,397.0,343.5,194.7,399.8,419.1,1040.7,1152.5,289.7,1578.8
9,1140.7,530.2,574.6,128.2,544.7,393.4,760.5,841.9,431.3,0.0,832.2,65.1,452.6,948.1,414.1,732.0,435.0,551.1,581.0,711.8,600.3,360.5,111.8,577.1,865.1,40.7,934.6,1386.4,34.1,397.5,475.1,511.8,491.7,544.7,34.3,278.0,470.5,61.7,81.0,833.9,836.2,141.6,1147.5
10,1231.1,482.6,495.7,933.9,521.1,564.1,341.9,959.4,1084.5,832.2,0.0,897.3,1206.4,410.7,630.9,457.9,1188.8,459.3,332.3,120.4,470.0,1114.4,854.7,1331.0,1221.3,849.5,419.9,862.7,842.9,1151.4,944.6,397.0,1001.1,521.1,866.5,1031.9,940.1,893.9,913.2,65.0,356.5,913.6,917.6
11,1112.6,595.3,639.6,193.3,609.7,458.5,825.6,813.8,403.2,65.1,897.3,0.0,424.4,1013.2,479.1,797.0,406.9,566.2,646.0,776.9,665.4,332.4,176.9,549.0,930.1,105.7,999.7,1451.4,99.1,369.4,446.9,576.8,556.8,609.7,30.8,249.9,442.4,3.4,52.9,899.0,901.2,113.5,1212.6
12,1097.2,909.4,953.7,580.8,923.8,772.5,1134.7,861.6,518.1,452.6,1206.4,424.4,0.0,1322.3,793.7,1106.2,509.9,820.2,955.2,1086.0,979.4,435.5,564.4,290.2,974.6,493.2,1308.8,1653.6,486.6,472.5,586.3,886.0,539.4,923.8,418.3,174.6,581.7,421.1,440.4,1157.3,1210.4,310.9,1257.0
13,1578.5,521.9,535.0,1049.5,560.4,623.9,223.8,1195.0,1264.5,948.1,410.7,1013.2,1322.3,0.0,670.2,343.9,1304.7,621.1,371.6,357.1,509.3,1230.3,970.2,1310.1,1012.9,965.4,90.3,514.0,958.8,1267.3,1133.0,436.3,967.7,560.4,982.4,1147.8,1128.5,1009.8,1029.1,412.4,148.1,1029.5,709.2
14,1445.0,186.5,230.8,449.6,200.9,174.5,482.6,1128.9,735.6,414.1,630.9,479.1,793.7,670.2,0.0,454.0,776.1,625.3,378.8,577.4,256.6,701.7,370.4,772.6,803.5,431.3,641.9,1032.3,424.7,738.7,673.5,294.0,430.2,200.9,448.4,619.1,668.9,475.7,495.1,632.6,558.3,500.9,912.7
15,1571.8,305.8,318.9,833.3,344.3,407.8,120.1,1033.5,1048.3,732.0,457.9,797.0,1106.2,343.9,454.0,0.0,1088.6,459.7,210.2,404.4,293.1,1014.1,754.1,1166.6,940.4,749.2,294.2,756.2,742.6,1051.2,950.5,220.2,824.2,344.3,766.3,931.6,945.9,793.6,813.0,459.6,195.8,813.4,636.6
16,943.0,891.8,936.1,563.2,906.2,754.9,1117.1,707.3,200.2,435.0,1188.8,406.9,509.9,1304.7,776.1,1088.6,0.0,802.6,937.6,1068.4,961.8,117.6,546.8,634.5,1300.0,475.6,1291.2,1748.4,469.0,154.6,399.5,868.4,926.7,906.2,400.7,335.4,394.9,403.5,422.8,1139.7,1192.8,293.3,1582.5
17,1155.9,478.0,493.1,655.9,516.5,451.8,488.2,617.7,708.3,551.1,459.3,566.2,820.2,621.1,625.3,459.7,802.6,0.0,249.5,338.9,467.4,728.1,639.5,944.7,1308.5,568.4,630.3,1073.1,561.8,765.1,568.5,334.7,982.9,516.5,560.0,645.6,563.9,562.8,582.1,461.0,563.9,527.3,1004.8
18,1361.6,230.5,243.6,682.7,269.0,302.0,238.7,823.4,897.3,581.0,332.3,646.0,955.2,371.6,378.8,210.2,937.6,249.5,0.0,238.9,217.9,863.1,603.4,1079.7,1059.0,598.2,380.8,823.6,591.6,900.2,761.4,111.4,749.0,269.0,615.3,780.6,756.8,642.6,662.0,334.1,314.4,662.4,755.3
19,1288.2,429.1,442.2,813.5,467.6,443.7,288.4,912.7,1003.4,711.8,120.4,776.9,1086.0,357.1,577.4,404.4,1068.4,338.9,238.9,0.0,416.4,994.0,734.3,1210.6,1167.8,729.0,366.3,809.1,722.5,1031.0,863.5,326.6,947.5,467.6,746.1,911.4,858.9,773.5,792.8,122.2,302.9,793.2,864.0
20,1562.6,82.6,25.8,635.8,55.7,210.3,321.7,1024.3,921.3,600.3,470.0,665.4,979.4,509.3,256.6,293.1,961.8,467.4,217.9,416.4,0.0,887.4,556.6,969.2,1000.1,617.6,495.8,957.8,611.0,924.4,859.2,133.0,626.8,55.7,634.6,804.9,854.6,662.0,681.3,471.7,397.3,686.6,838.2
21,825.4,817.3,861.6,488.7,831.7,680.5,1042.7,589.7,82.6,360.5,1114.4,332.4,435.5,1230.3,701.7,1014.1,117.6,728.1,863.1,994.0,887.4,0.0,472.3,560.0,1225.6,401.2,1216.8,1674.0,394.6,37.0,281.9,793.9,852.3,831.7,326.2,260.9,277.3,329.0,348.3,1065.3,1118.3,218.9,1508.0
22,1252.5,486.5,530.9,79.2,500.9,349.7,782.6,953.8,543.1,111.8,854.7,176.9,564.4,970.2,370.4,754.1,546.8,639.5,603.4,734.3,556.6,472.3,0.0,688.9,769.2,129.1,952.3,1342.7,122.5,509.4,586.9,534.2,395.9,500.9,146.1,389.8,582.3,173.5,192.8,856.4,858.3,253.4,1051.6
23,1370.3,899.1,943.4,705.4,913.5,887.1,1176.6,1071.6,642.6,577.1,1331.0,549.0,290.2,1310.1,772.6,1166.6,634.5,944.7,1079.7,1210.6,969.2,560.0,688.9,0.0,841.2,617.8,1265.8,1520.2,611.2,597.1,710.9,1006.5,406.0,913.5,542.8,299.1,706.3,545.6,565.0,1281.9,1246.5,435.5,1123.6
24,1973.3,930.0,974.3,767.1,944.4,918.0,879.4,1707.0,1296.3,865.1,1221.3,930.1,974.6,1012.9,803.5,940.4,1300.0,1308.5,1059.0,1167.8,1000.1,1225.6,769.2,841.2,0.0,882.3,968.6,700.4,875.7,1262.6,1340.1,1037.5,498.8,944.4,899.4,1083.6,1335.5,926.7,946.1,1223.1,949.3,1006.7,303.8
25,1181.3,547.5,591.8,145.5,561.9,410.7,777.8,882.6,471.9,40.7,849.5,105.7,493.2,965.4,431.3,749.2,475.6,568.4,598.2,729.0,617.6,401.2,129.1,617.8,882.3,0.0,951.8,1403.6,6.6,438.2,515.7,529.0,509.0,561.9,75.0,318.6,511.1,102.3,121.7,851.2,853.4,182.3,1164.7
26,1587.7,508.4,521.5,1031.5,546.9,610.4,174.1,1204.2,1250.9,934.6,419.9,999.7,1308.8,90.3,641.9,294.2,1291.2,630.3,380.8,366.3,495.8,1216.8,952.3,1265.8,968.6,951.8,0.0,557.9,945.3,1253.8,1142.2,422.8,923.4,546.9,968.9,1134.2,1137.7,996.3,1015.6,421.6,98.4,1016.0,664.8
27,2030.5,970.5,983.6,1421.9,1008.9,1072.5,695.2,1647.0,1707.9,1386.4,862.7,1451.4,1653.6,514.0,1032.3,756.2,1748.4,1073.1,823.6,809.1,957.8,1674.0,1342.7,1520.2,700.4,1403.6,557.9,0.0,1397.0,1711.0,1585.0,884.9,1177.8,1008.9,1420.7,1591.4,1580.4,1448.0,1467.4,864.4,656.3,1473.2,396.6
28,1174.8,540.9,585.2,138.9,555.3,404.1,771.2,876.0,465.4,34.1,842.9,99.1,486.6,958.8,424.7,742.6,469.0,561.8,591.6,722.5,611.0,394.6,122.5,611.2,875.7,6.6,945.3,1397.0,0.0,431.6,509.1,522.4,502.4,555.3,68.4,312.1,504.6,95.8,115.1,844.6,846.8,175.7,1158.2
29,788.3,854.3,898.7,525.8,868.7,717.5,1079.7,552.7,59.8,397.5,1151.4,369.4,472.5,1267.3,738.7,1051.2,154.6,765.1,900.2,1031.0,924.4,37.0,509.4,597.1,1262.6,438.2,1253.8,1711.0,431.6,0.0,259.1,831.0,889.3,868.7,363.2,297.9,254.5,366.0,385.4,1100.5,1155.4,255.9,1545.0
30,908.7,789.1,833.4,603.3,803.5,652.3,979.0,514.9,199.3,475.1,944.6,446.9,583.7,1133.0,673.5,950.5,399.5,568.5,761.4,863.5,859.2,281.9,586.9,708.3,1340.1,515.7,1142.2,1585.0,509.1,259.1,0.0,730.3,966.8,803.5,440.7,409.1,4.6,443.6,462.9,900.9,1054.7,333.4,1495.6
31,1429.5,145.7,158.8,613.5,184.2,217.1,248.7,891.3,828.1,511.8,397.0,576.8,886.0,436.3,294.0,220.2,868.4,334.7,111.4,326.6,133.0,793.9,534.2,1006.5,1037.5,529.0,422.8,884.9,522.4,831.0,730.3,0.0,664.1,184.2,546.1,711.4,725.7,573.5,592.8,398.8,324.4,593.2,765.3
32,1538.2,556.7,601.0,393.8,571.1,544.7,834.2,1302.5,923.0,491.7,1001.1,556.8,539.4,967.7,430.2,824.2,926.7,982.9,749.0,947.5,626.8,852.3,395.9,406.0,498.8,509.0,923.4,1177.8,502.4,889.3,966.8,664.1,0.0,571.1,526.0,648.5,962.2,553.4,572.8,1002.8,904.1,633.4,781.2
33,1575.1,38.5,29.9,580.2,0.0,154.6,372.8,1073.1,865.7,544.7,521.1,609.7,923.8,560.4,200.9,344.3,906.2,516.5,269.0,467.6,55.7,831.7,500.9,913.5,944.4,561.9,546.9,1008.9,555.3,868.7,803.5,184.2,571.1,0.0,579.0,749.2,799.0,606.3,625.7,522.8,448.5,631.0,889.4
34,1106.4,564.5,608.9,162.5,579.0,427.7,794.8,807.6,397.0,34.3,866.5,30.8,418.3,982.4,448.4,766.3,400.7,560.0,615.3,746.1,634.6,326.2,146.1,542.8,899.4,75.0,968.9,1420.7,68.4,363.2,440.7,546.1,526.0,579.0,0.0,243.7,436.2,27.4,46.7,868.3,870.5,107.3,1181.8
35,1071.1,734.8,779.1,406.2,749.2,598.0,960.2,772.4,343.5,278.0,1031.9,249.9,174.6,1147.8,619.1,931.6,335.4,645.6,780.6,911.4,804.9,260.9,389.8,299.1,1083.6,318.6,1134.2,1591.4,312.1,297.9,411.7,711.4,648.5,749.2,243.7,0.0,407.2,246.5,265.8,982.7,1035.8,136.4,1366.1
36,904.1,784.5,828.9,598.7,799.0,647.7,974.5,510.3,194.7,470.5,940.1,442.4,579.2,1128.5,668.9,945.9,394.9,563.9,756.8,858.9,854.6,277.3,582.3,703.7,1335.5,511.1,1137.7,1580.4,504.6,254.5,4.6,725.7,962.2,799.0,436.2,404.6,0.0,439.0,458.3,896.3,1050.1,328.9,1491.0
37,1109.2,591.9,636.2,189.9,606.3,455.1,822.2,810.5,399.8,61.7,893.9,3.4,421.1,1009.8,475.7,793.6,403.5,562.8,642.6,773.5,662.0,329.0,173.5,545.6,926.7,102.3,996.3,1448.0,95.8,366.0,443.6,573.5,553.4,606.3,27.4,246.5,439.0,0.0,49.5,895.6,897.9,110.1,1209.2
38,1128.5,611.3,655.6,209.2,625.7,474.4,841.5,829.8,419.1,81.0,913.2,52.9,440.4,1029.1,495.1,813.0,422.8,582.1,662.0,792.8,681.3,348.3,192.8,565.0,946.1,121.7,1015.6,1467.4,115.1,385.4,462.9,592.8,572.8,625.7,46.7,265.8,458.3,49.5,0.0,915.0,917.2,129.5,1228.5
39,1187.4,484.3,497.5,935.6,522.8,565.8,343.7,915.7,1040.7,833.9,65.0,899.0,1157.3,412.4,632.6,459.6,1139.7,461.0,334.1,122.2,471.7,1065.3,856.4,1281.9,1223.1,851.2,421.6,864.4,844.6,1100.5,900.9,398.8,1002.8,522.8,868.3,982.7,896.3,895.6,915.0,0.0,358.2,915.3,919.3
40,1524.3,410.0,423.1,937.5,448.5,512.0,75.7,1137.8,1152.5,836.2,356.5,901.2,1210.4,148.1,558.3,195.8,1192.8,563.9,314.4,302.9,397.3,1118.3,858.3,1246.5,949.3,853.4,98.4,656.3,846.8,1155.4,1054.7,324.4,904.1,448.5,870.5,1035.8,1050.1,897.9,917.2,358.2,0.0,917.6,645.6
41,999.1,616.5,660.9,269.9,631.0,479.7,841.9,700.3,289.7,141.6,913.6,113.5,310.9,1029.5,500.9,813.4,293.3,527.3,662.4,793.2,686.6,218.9,253.4,435.5,1006.7,182.3,1016.0,1473.2,175.7,255.9,333.4,593.2,633.4,631.0,107.3,136.4,328.9,110.1,129.5,915.3,917.6,0.0,1289.1
42,2085.4,850.9,864.0,1049.5,889.4,952.9,575.6,1578.6,1578.8,1147.5,917.6,1212.6,1257.0,709.2,912.7,636.6,1582.5,1004.8,755.3,864.0,838.2,1508.0,1051.6,1123.6,303.8,1164.7,664.8,396.6,1158.2,1545.0,1495.6,765.3,781.2,889.4,1181.8,1366.1,1491.0,1209.2,1228.5,919.3,645.6,1289.1,0.0
